388
389
391
390
387
388
389
391
390
387
388
389
391
390
387
388
389
391
390
387
388
389
391
390
387
388
389
391
390
387
388
389
391
390
387
388
389
391
390
387
388
389
391
390
387
388
389
391
390
387
388
389
391
390
387
388
389
391
390
387
388
389
391
390
387
388
389
391
390
387
388
389
391
390
387
388
389
391
390
387
388
389
391
390
387
388
389
391
390
387
388
389
391
390
387
388
389
391
390
387
388
389
391
390
387
388
389
391
390
387
388
389
391
390
387
388
389
391
390
387
388
389
391
390
387
388
389
391
390
387
388
389
391
390
387
388
389
391
390
387
388
389
391
390
387
388
389
391
390
387
388
389
391
390
387
388
389
391
390
387
388
389
391
390
387
388
389
391
390
387
388
389
391
390
387
388
389
391
390
387
388
389
391
390
387
388
389
391
390
387
388
389
391
390
387
388
389
391
390
387
388
389
391
390
387
388
389
391
390
387
388
389
391
390
387
388
389
391
390
387
388
389
391
390
387
388
389
391
390
387
388
389
391
390
387
388
389
391
390
387
388
389
391
390
387
388
389
391
390
387