131
137
38
354
187
330
128
150
81
167
131
137
38
354
187
330
128
150
81
167
131
137
38
354
187
330
128
150
81
167
131
137
38
354
187
330
128
150
81
167
131
137
38
354
187
330
128
150
81
167
131
137
38
354
187
330
128
150
81
167
131
137
38
354
187
330
128
150
81
167
131
137
38
354
187
330
128
150
81
167
131
137
38
354
187
330
128
150
81
167
131
137
38
354
187
330
128
150
81
167
131
137
38
354
187
330
128
150
81
167
131
137
38
354
187
330
128
150
81
167
131
137
38
354
187
330
128
150
81
167
131
137
38
354
187
330
128
150
81
167
131
137
38
354
187
330
128
150
81
167
131
137
38
354
187
330
128
150
81
167
131
137
38
354
187
330
128
150
81
167
131
137
38
354
187
330
128
150
81
167
131
137
38
354
187
330
128
150
81
167
131
137
38
354
187
330
128
150
81
167
131
137
38
354
187
330
128
150
81
167
131
137
38
354
187
330
128
150
81
167
131
137
38
354
187
330
128
150
81
167
131
137
38
354
187
330
128
150
81
167
131
137
38
354
187
330
128
150
81
167
131
137
38
354
187
330
128
150
81
167
131
137
38
354
187
330
128
150
81
167
131
137
38
354
187
330
128
150
81
167
131
137
38
354
187
330
128
150
81
167
131
137
38
354
187
330
128
150
81
167
131
137
38
354
187
330
128
150
81
167
131
137
38
354
187
330
128
150
81
167
131
137
38
354
187
330
128
150
81
167
131
137
38
354
187
330
128
150
81
167
131
137
38
354
187
330
128
150
81
167
131
137
38
354
187
330
128
150
81
167
131
137
38
354
187
330
128
150
81
167
131
137
38
354
187
330
128
150
81
167
131
137
38
354
187
330
128
150
81
167
131
137
38
354
187
330
128
150
81
167
131
137
38
354
187
330
128
150
81
167
131
137
38
354
187
330
128
150
81
167
131
137
38
354
187
330
128
150
81
167
131
137
38
354
187
330
128
150
81
167
131
137
38
354
187
330
128
150
81
167
131
137
38
354
187
330
128
150
81
167
131
137
38
354
187
330
128
150
81
167
131
137
38
354
187
330
128
150
81
167
131
137
38
354
187
330
128
150
81
167
131
137
38
354
187
330
128
150
81
167