131
137
80
38
354
330
128
150
81
167
131
137
80
38
354
330
128
150
81
167
131
137
80
38
354
330
128
150
81
167
131
137
80
38
354
330
128
150
81
167
131
137
80
38
354
330
128
150
81
167
131
137
80
38
354
330
128
150
81
167
131
137
80
38
354
330
128
150
81
167
131
137
80
38
354
330
128
150
81
167
131
137
80
38
354
330
128
150
81
167
131
137
80
38
354
330
128
150
81
167
131
137
80
38
354
330
128
150
81
167
131
137
80
38
354
330
128
150
81
167
131
137
80
38
354
330
128
150
81
167
131
137
80
38
354
330
128
150
81
167
131
137
80
38
354
330
128
150
81
167
131
137
80
38
354
330
128
150
81
167
131
137
80
38
354
330
128
150
81
167
131
137
80
38
354
330
128
150
81
167
131
137
80
38
354
330
128
150
81
167
131
137
80
38
354
330
128
150
81
167
131
137
80
38
354
330
128
150
81
167
131
137
80
38
354
330
128
150
81
167
131
137
80
38
354
330
128
150
81
167
131
137
80
38
354
330
128
150
81
167
131
137
80
38
354
330
128
150
81
167
131
137
80
38
354
330
128
150
81
167
131
137
80
38
354
330
128
150
81
167
131
137
80
38
354
330
128
150
81
167
131
137
80
38
354
330
128
150
81
167
131
137
80
38
354
330
128
150
81
167
131
137
80
38
354
330
128
150
81
167
131
137
80
38
354
330
128
150
81
167
131
137
80
38
354
330
128
150
81
167
131
137
80
38
354
330
128
150
81
167
131
137
80
38
354
330
128
150
81
167
131
137
80
38
354
330
128
150
81
167
131
137
80
38
354
330
128
150
81
167
131
137
80
38
354
330
128
150
81
167
131
137
80
38
354
330
128
150
81
167
131
137
80
38
354
330
128
150
81
167
131
137
80
38
354
330
128
150
81
167
131
137
80
38
354
330
128
150
81
167
131
137
80
38
354
330
128
150
81
167
131
137
80
38
354
330
128
150
81
167
131
137
80
38
354
330
128
150
81
167
131
137
80
38
354
330
128
150
81
167
131
137
80
38
354
330
128
150
81
167
131
137
80
38
354
330
128
150
81
167
131
137
80
38
354
330
128
150
81
167
131
137
80
38
354
330
128
150
81
167