131
137
80
38
261
354
187
150
81
167
131
137
80
38
261
354
187
150
81
167
131
137
80
38
261
354
187
150
81
167
131
137
80
38
261
354
187
150
81
167
131
137
80
38
261
354
187
150
81
167
131
137
80
38
261
354
187
150
81
167
131
137
80
38
261
354
187
150
81
167
131
137
80
38
261
354
187
150
81
167
131
137
80
38
261
354
187
150
81
167
131
137
80
38
261
354
187
150
81
167
131
137
80
38
261
354
187
150
81
167
131
137
80
38
261
354
187
150
81
167
131
137
80
38
261
354
187
150
81
167
131
137
80
38
261
354
187
150
81
167
131
137
80
38
261
354
187
150
81
167
131
137
80
38
261
354
187
150
81
167
131
137
80
38
261
354
187
150
81
167
131
137
80
38
261
354
187
150
81
167
131
137
80
38
261
354
187
150
81
167
131
137
80
38
261
354
187
150
81
167
131
137
80
38
261
354
187
150
81
167
131
137
80
38
261
354
187
150
81
167
131
137
80
38
261
354
187
150
81
167
131
137
80
38
261
354
187
150
81
167
131
137
80
38
261
354
187
150
81
167
131
137
80
38
261
354
187
150
81
167
131
137
80
38
261
354
187
150
81
167
131
137
80
38
261
354
187
150
81
167
131
137
80
38
261
354
187
150
81
167
131
137
80
38
261
354
187
150
81
167
131
137
80
38
261
354
187
150
81
167
131
137
80
38
261
354
187
150
81
167
131
137
80
38
261
354
187
150
81
167
131
137
80
38
261
354
187
150
81
167
131
137
80
38
261
354
187
150
81
167
131
137
80
38
261
354
187
150
81
167
131
137
80
38
261
354
187
150
81
167
131
137
80
38
261
354
187
150
81
167
131
137
80
38
261
354
187
150
81
167
131
137
80
38
261
354
187
150
81
167
131
137
80
38
261
354
187
150
81
167
131
137
80
38
261
354
187
150
81
167
131
137
80
38
261
354
187
150
81
167
131
137
80
38
261
354
187
150
81
167
131
137
80
38
261
354
187
150
81
167
131
137
80
38
261
354
187
150
81
167
131
137
80
38
261
354
187
150
81
167
131
137
80
38
261
354
187
150
81
167
131
137
80
38
261
354
187
150
81
167
131
137
80
38
261
354
187
150
81
167