131
137
80
38
261
354
187
128
81
167
131
137
80
38
261
354
187
128
81
167
131
137
80
38
261
354
187
128
81
167
131
137
80
38
261
354
187
128
81
167
131
137
80
38
261
354
187
128
81
167
131
137
80
38
261
354
187
128
81
167
131
137
80
38
261
354
187
128
81
167
131
137
80
38
261
354
187
128
81
167
131
137
80
38
261
354
187
128
81
167
131
137
80
38
261
354
187
128
81
167
131
137
80
38
261
354
187
128
81
167
131
137
80
38
261
354
187
128
81
167
131
137
80
38
261
354
187
128
81
167
131
137
80
38
261
354
187
128
81
167
131
137
80
38
261
354
187
128
81
167
131
137
80
38
261
354
187
128
81
167
131
137
80
38
261
354
187
128
81
167
131
137
80
38
261
354
187
128
81
167
131
137
80
38
261
354
187
128
81
167
131
137
80
38
261
354
187
128
81
167
131
137
80
38
261
354
187
128
81
167
131
137
80
38
261
354
187
128
81
167
131
137
80
38
261
354
187
128
81
167
131
137
80
38
261
354
187
128
81
167
131
137
80
38
261
354
187
128
81
167
131
137
80
38
261
354
187
128
81
167
131
137
80
38
261
354
187
128
81
167
131
137
80
38
261
354
187
128
81
167
131
137
80
38
261
354
187
128
81
167
131
137
80
38
261
354
187
128
81
167
131
137
80
38
261
354
187
128
81
167
131
137
80
38
261
354
187
128
81
167
131
137
80
38
261
354
187
128
81
167
131
137
80
38
261
354
187
128
81
167
131
137
80
38
261
354
187
128
81
167
131
137
80
38
261
354
187
128
81
167
131
137
80
38
261
354
187
128
81
167
131
137
80
38
261
354
187
128
81
167
131
137
80
38
261
354
187
128
81
167
131
137
80
38
261
354
187
128
81
167
131
137
80
38
261
354
187
128
81
167
131
137
80
38
261
354
187
128
81
167
131
137
80
38
261
354
187
128
81
167
131
137
80
38
261
354
187
128
81
167
131
137
80
38
261
354
187
128
81
167
131
137
80
38
261
354
187
128
81
167
131
137
80
38
261
354
187
128
81
167
131
137
80
38
261
354
187
128
81
167
131
137
80
38
261
354
187
128
81
167
131
137
80
38
261
354
187
128
81
167