131
137
80
261
354
187
330
128
150
167
131
137
80
261
354
187
330
128
150
167
131
137
80
261
354
187
330
128
150
167
131
137
80
261
354
187
330
128
150
167
131
137
80
261
354
187
330
128
150
167
131
137
80
261
354
187
330
128
150
167
131
137
80
261
354
187
330
128
150
167
131
137
80
261
354
187
330
128
150
167
131
137
80
261
354
187
330
128
150
167
131
137
80
261
354
187
330
128
150
167
131
137
80
261
354
187
330
128
150
167
131
137
80
261
354
187
330
128
150
167
131
137
80
261
354
187
330
128
150
167
131
137
80
261
354
187
330
128
150
167
131
137
80
261
354
187
330
128
150
167
131
137
80
261
354
187
330
128
150
167
131
137
80
261
354
187
330
128
150
167
131
137
80
261
354
187
330
128
150
167
131
137
80
261
354
187
330
128
150
167
131
137
80
261
354
187
330
128
150
167
131
137
80
261
354
187
330
128
150
167
131
137
80
261
354
187
330
128
150
167
131
137
80
261
354
187
330
128
150
167
131
137
80
261
354
187
330
128
150
167
131
137
80
261
354
187
330
128
150
167
131
137
80
261
354
187
330
128
150
167
131
137
80
261
354
187
330
128
150
167
131
137
80
261
354
187
330
128
150
167
131
137
80
261
354
187
330
128
150
167
131
137
80
261
354
187
330
128
150
167
131
137
80
261
354
187
330
128
150
167
131
137
80
261
354
187
330
128
150
167
131
137
80
261
354
187
330
128
150
167
131
137
80
261
354
187
330
128
150
167
131
137
80
261
354
187
330
128
150
167
131
137
80
261
354
187
330
128
150
167
131
137
80
261
354
187
330
128
150
167
131
137
80
261
354
187
330
128
150
167
131
137
80
261
354
187
330
128
150
167
131
137
80
261
354
187
330
128
150
167
131
137
80
261
354
187
330
128
150
167
131
137
80
261
354
187
330
128
150
167
131
137
80
261
354
187
330
128
150
167
131
137
80
261
354
187
330
128
150
167
131
137
80
261
354
187
330
128
150
167
131
137
80
261
354
187
330
128
150
167
131
137
80
261
354
187
330
128
150
167
131
137
80
261
354
187
330
128
150
167
131
137
80
261
354
187
330
128
150
167
131
137
80
261
354
187
330
128
150
167