131
80
38
261
354
187
330
128
81
167
131
80
38
261
354
187
330
128
81
167
131
80
38
261
354
187
330
128
81
167
131
80
38
261
354
187
330
128
81
167
131
80
38
261
354
187
330
128
81
167
131
80
38
261
354
187
330
128
81
167
131
80
38
261
354
187
330
128
81
167
131
80
38
261
354
187
330
128
81
167
131
80
38
261
354
187
330
128
81
167
131
80
38
261
354
187
330
128
81
167
131
80
38
261
354
187
330
128
81
167
131
80
38
261
354
187
330
128
81
167
131
80
38
261
354
187
330
128
81
167
131
80
38
261
354
187
330
128
81
167
131
80
38
261
354
187
330
128
81
167
131
80
38
261
354
187
330
128
81
167
131
80
38
261
354
187
330
128
81
167
131
80
38
261
354
187
330
128
81
167
131
80
38
261
354
187
330
128
81
167
131
80
38
261
354
187
330
128
81
167
131
80
38
261
354
187
330
128
81
167
131
80
38
261
354
187
330
128
81
167
131
80
38
261
354
187
330
128
81
167
131
80
38
261
354
187
330
128
81
167
131
80
38
261
354
187
330
128
81
167
131
80
38
261
354
187
330
128
81
167
131
80
38
261
354
187
330
128
81
167
131
80
38
261
354
187
330
128
81
167
131
80
38
261
354
187
330
128
81
167
131
80
38
261
354
187
330
128
81
167
131
80
38
261
354
187
330
128
81
167
131
80
38
261
354
187
330
128
81
167
131
80
38
261
354
187
330
128
81
167
131
80
38
261
354
187
330
128
81
167
131
80
38
261
354
187
330
128
81
167
131
80
38
261
354
187
330
128
81
167
131
80
38
261
354
187
330
128
81
167
131
80
38
261
354
187
330
128
81
167
131
80
38
261
354
187
330
128
81
167
131
80
38
261
354
187
330
128
81
167
131
80
38
261
354
187
330
128
81
167
131
80
38
261
354
187
330
128
81
167
131
80
38
261
354
187
330
128
81
167
131
80
38
261
354
187
330
128
81
167
131
80
38
261
354
187
330
128
81
167
131
80
38
261
354
187
330
128
81
167
131
80
38
261
354
187
330
128
81
167
131
80
38
261
354
187
330
128
81
167
131
80
38
261
354
187
330
128
81
167
131
80
38
261
354
187
330
128
81
167