70
75
1
77
39
87
90
20
15
96
70
75
1
77
39
87
90
20
15
96
70
75
1
77
39
87
90
20
15
96
70
75
1
77
39
87
90
20
15
96
70
75
1
77
39
87
90
20
15
96
70
75
1
77
39
87
90
20
15
96
70
75
1
77
39
87
90
20
15
96
70
75
1
77
39
87
90
20
15
96
70
75
1
77
39
87
90
20
15
96
70
75
1
77
39
87
90
20
15
96
70
75
1
77
39
87
90
20
15
96
70
75
1
77
39
87
90
20
15
96
70
75
1
77
39
87
90
20
15
96
70
75
1
77
39
87
90
20
15
96
70
75
1
77
39
87
90
20
15
96
70
75
1
77
39
87
90
20
15
96
70
75
1
77
39
87
90
20
15
96
70
75
1
77
39
87
90
20
15
96
70
75
1
77
39
87
90
20
15
96
70
75
1
77
39
87
90
20
15
96
70
75
1
77
39
87
90
20
15
96
70
75
1
77
39
87
90
20
15
96
70
75
1
77
39
87
90
20
15
96
70
75
1
77
39
87
90
20
15
96
70
75
1
77
39
87
90
20
15
96
70
75
1
77
39
87
90
20
15
96
70
75
1
77
39
87
90
20
15
96
70
75
1
77
39
87
90
20
15
96
70
75
1
77
39
87
90
20
15
96
70
75
1
77
39
87
90
20
15
96
70
75
1
77
39
87
90
20
15
96
70
75
1
77
39
87
90
20
15
96
70
75
1
77
39
87
90
20
15
96
70
75
1
77
39
87
90
20
15
96
70
75
1
77
39
87
90
20
15
96
70
75
1
77
39
87
90
20
15
96
70
75
1
77
39
87
90
20
15
96
70
75
1
77
39
87
90
20
15
96
70
75
1
77
39
87
90
20
15
96
70
75
1
77
39
87
90
20
15
96
70
75
1
77
39
87
90
20
15
96
70
75
1
77
39
87
90
20
15
96
70
75
1
77
39
87
90
20
15
96
70
75
1
77
39
87
90
20
15
96
70
75
1
77
39
87
90
20
15
96
70
75
1
77
39
87
90
20
15
96
70
75
1
77
39
87
90
20
15
96
70
75
1
77
39
87
90
20
15
96
70
75
1
77
39
87
90
20
15
96
70
75
1
77
39
87
90
20
15
96