75
1
77
39
90
20
64
25
15
96
75
1
77
39
90
20
64
25
15
96
75
1
77
39
90
20
64
25
15
96
75
1
77
39
90
20
64
25
15
96
75
1
77
39
90
20
64
25
15
96
75
1
77
39
90
20
64
25
15
96
75
1
77
39
90
20
64
25
15
96
75
1
77
39
90
20
64
25
15
96
75
1
77
39
90
20
64
25
15
96
75
1
77
39
90
20
64
25
15
96
75
1
77
39
90
20
64
25
15
96
75
1
77
39
90
20
64
25
15
96
75
1
77
39
90
20
64
25
15
96
75
1
77
39
90
20
64
25
15
96
75
1
77
39
90
20
64
25
15
96
75
1
77
39
90
20
64
25
15
96
75
1
77
39
90
20
64
25
15
96
75
1
77
39
90
20
64
25
15
96
75
1
77
39
90
20
64
25
15
96
75
1
77
39
90
20
64
25
15
96
75
1
77
39
90
20
64
25
15
96
75
1
77
39
90
20
64
25
15
96
75
1
77
39
90
20
64
25
15
96
75
1
77
39
90
20
64
25
15
96
75
1
77
39
90
20
64
25
15
96
75
1
77
39
90
20
64
25
15
96
75
1
77
39
90
20
64
25
15
96
75
1
77
39
90
20
64
25
15
96
75
1
77
39
90
20
64
25
15
96
75
1
77
39
90
20
64
25
15
96
75
1
77
39
90
20
64
25
15
96
75
1
77
39
90
20
64
25
15
96
75
1
77
39
90
20
64
25
15
96
75
1
77
39
90
20
64
25
15
96
75
1
77
39
90
20
64
25
15
96
75
1
77
39
90
20
64
25
15
96
75
1
77
39
90
20
64
25
15
96
75
1
77
39
90
20
64
25
15
96
75
1
77
39
90
20
64
25
15
96
75
1
77
39
90
20
64
25
15
96
75
1
77
39
90
20
64
25
15
96
75
1
77
39
90
20
64
25
15
96
75
1
77
39
90
20
64
25
15
96
75
1
77
39
90
20
64
25
15
96
75
1
77
39
90
20
64
25
15
96
75
1
77
39
90
20
64
25
15
96
75
1
77
39
90
20
64
25
15
96
75
1
77
39
90
20
64
25
15
96
75
1
77
39
90
20
64
25
15
96
75
1
77
39
90
20
64
25
15
96