70
1
77
39
87
20
64
25
15
96
70
1
77
39
87
20
64
25
15
96
70
1
77
39
87
20
64
25
15
96
70
1
77
39
87
20
64
25
15
96
70
1
77
39
87
20
64
25
15
96
70
1
77
39
87
20
64
25
15
96
70
1
77
39
87
20
64
25
15
96
70
1
77
39
87
20
64
25
15
96
70
1
77
39
87
20
64
25
15
96
70
1
77
39
87
20
64
25
15
96
70
1
77
39
87
20
64
25
15
96
70
1
77
39
87
20
64
25
15
96
70
1
77
39
87
20
64
25
15
96
70
1
77
39
87
20
64
25
15
96
70
1
77
39
87
20
64
25
15
96
70
1
77
39
87
20
64
25
15
96
70
1
77
39
87
20
64
25
15
96
70
1
77
39
87
20
64
25
15
96
70
1
77
39
87
20
64
25
15
96
70
1
77
39
87
20
64
25
15
96
70
1
77
39
87
20
64
25
15
96
70
1
77
39
87
20
64
25
15
96
70
1
77
39
87
20
64
25
15
96
70
1
77
39
87
20
64
25
15
96
70
1
77
39
87
20
64
25
15
96
70
1
77
39
87
20
64
25
15
96
70
1
77
39
87
20
64
25
15
96
70
1
77
39
87
20
64
25
15
96
70
1
77
39
87
20
64
25
15
96
70
1
77
39
87
20
64
25
15
96
70
1
77
39
87
20
64
25
15
96
70
1
77
39
87
20
64
25
15
96
70
1
77
39
87
20
64
25
15
96
70
1
77
39
87
20
64
25
15
96
70
1
77
39
87
20
64
25
15
96
70
1
77
39
87
20
64
25
15
96
70
1
77
39
87
20
64
25
15
96
70
1
77
39
87
20
64
25
15
96
70
1
77
39
87
20
64
25
15
96
70
1
77
39
87
20
64
25
15
96
70
1
77
39
87
20
64
25
15
96
70
1
77
39
87
20
64
25
15
96
70
1
77
39
87
20
64
25
15
96
70
1
77
39
87
20
64
25
15
96
70
1
77
39
87
20
64
25
15
96
70
1
77
39
87
20
64
25
15
96
70
1
77
39
87
20
64
25
15
96
70
1
77
39
87
20
64
25
15
96
70
1
77
39
87
20
64
25
15
96
70
1
77
39
87
20
64
25
15
96