106
7
44
60
30
66
53
2
128
82
106
7
44
60
30
66
53
2
128
82
106
7
44
60
30
66
53
2
128
82
106
7
44
60
30
66
53
2
128
82
106
7
44
60
30
66
53
2
128
82
106
7
44
60
30
66
53
2
128
82
106
7
44
60
30
66
53
2
128
82
106
7
44
60
30
66
53
2
128
82
106
7
44
60
30
66
53
2
128
82
106
7
44
60
30
66
53
2
128
82
106
7
44
60
30
66
53
2
128
82
106
7
44
60
30
66
53
2
128
82
106
7
44
60
30
66
53
2
128
82
106
7
44
60
30
66
53
2
128
82
106
7
44
60
30
66
53
2
128
82
106
7
44
60
30
66
53
2
128
82
106
7
44
60
30
66
53
2
128
82
106
7
44
60
30
66
53
2
128
82
106
7
44
60
30
66
53
2
128
82
106
7
44
60
30
66
53
2
128
82
106
7
44
60
30
66
53
2
128
82
106
7
44
60
30
66
53
2
128
82
106
7
44
60
30
66
53
2
128
82
106
7
44
60
30
66
53
2
128
82
106
7
44
60
30
66
53
2
128
82
106
7
44
60
30
66
53
2
128
82
106
7
44
60
30
66
53
2
128
82
106
7
44
60
30
66
53
2
128
82
106
7
44
60
30
66
53
2
128
82
106
7
44
60
30
66
53
2
128
82
106
7
44
60
30
66
53
2
128
82
106
7
44
60
30
66
53
2
128
82
106
7
44
60
30
66
53
2
128
82
106
7
44
60
30
66
53
2
128
82
106
7
44
60
30
66
53
2
128
82
106
7
44
60
30
66
53
2
128
82
106
7
44
60
30
66
53
2
128
82
106
7
44
60
30
66
53
2
128
82
106
7
44
60
30
66
53
2
128
82
106
7
44
60
30
66
53
2
128
82
106
7
44
60
30
66
53
2
128
82
106
7
44
60
30
66
53
2
128
82
106
7
44
60
30
66
53
2
128
82
106
7
44
60
30
66
53
2
128
82
106
7
44
60
30
66
53
2
128
82
106
7
44
60
30
66
53
2
128
82
106
7
44
60
30
66
53
2
128
82
106
7
44
60
30
66
53
2
128
82
106
7
44
60
30
66
53
2
128
82
106
7
44
60
30
66
53
2
128
82