122
7
18
44
60
30
53
2
128
82
122
7
18
44
60
30
53
2
128
82
122
7
18
44
60
30
53
2
128
82
122
7
18
44
60
30
53
2
128
82
122
7
18
44
60
30
53
2
128
82
122
7
18
44
60
30
53
2
128
82
122
7
18
44
60
30
53
2
128
82
122
7
18
44
60
30
53
2
128
82
122
7
18
44
60
30
53
2
128
82
122
7
18
44
60
30
53
2
128
82
122
7
18
44
60
30
53
2
128
82
122
7
18
44
60
30
53
2
128
82
122
7
18
44
60
30
53
2
128
82
122
7
18
44
60
30
53
2
128
82
122
7
18
44
60
30
53
2
128
82
122
7
18
44
60
30
53
2
128
82
122
7
18
44
60
30
53
2
128
82
122
7
18
44
60
30
53
2
128
82
122
7
18
44
60
30
53
2
128
82
122
7
18
44
60
30
53
2
128
82
122
7
18
44
60
30
53
2
128
82
122
7
18
44
60
30
53
2
128
82
122
7
18
44
60
30
53
2
128
82
122
7
18
44
60
30
53
2
128
82
122
7
18
44
60
30
53
2
128
82
122
7
18
44
60
30
53
2
128
82
122
7
18
44
60
30
53
2
128
82
122
7
18
44
60
30
53
2
128
82
122
7
18
44
60
30
53
2
128
82
122
7
18
44
60
30
53
2
128
82
122
7
18
44
60
30
53
2
128
82
122
7
18
44
60
30
53
2
128
82
122
7
18
44
60
30
53
2
128
82
122
7
18
44
60
30
53
2
128
82
122
7
18
44
60
30
53
2
128
82
122
7
18
44
60
30
53
2
128
82
122
7
18
44
60
30
53
2
128
82
122
7
18
44
60
30
53
2
128
82
122
7
18
44
60
30
53
2
128
82
122
7
18
44
60
30
53
2
128
82
122
7
18
44
60
30
53
2
128
82
122
7
18
44
60
30
53
2
128
82
122
7
18
44
60
30
53
2
128
82
122
7
18
44
60
30
53
2
128
82
122
7
18
44
60
30
53
2
128
82
122
7
18
44
60
30
53
2
128
82
122
7
18
44
60
30
53
2
128
82
122
7
18
44
60
30
53
2
128
82
122
7
18
44
60
30
53
2
128
82
122
7
18
44
60
30
53
2
128
82