122
106
18
44
60
30
66
53
2
128
122
106
18
44
60
30
66
53
2
128
122
106
18
44
60
30
66
53
2
128
122
106
18
44
60
30
66
53
2
128
122
106
18
44
60
30
66
53
2
128
122
106
18
44
60
30
66
53
2
128
122
106
18
44
60
30
66
53
2
128
122
106
18
44
60
30
66
53
2
128
122
106
18
44
60
30
66
53
2
128
122
106
18
44
60
30
66
53
2
128
122
106
18
44
60
30
66
53
2
128
122
106
18
44
60
30
66
53
2
128
122
106
18
44
60
30
66
53
2
128
122
106
18
44
60
30
66
53
2
128
122
106
18
44
60
30
66
53
2
128
122
106
18
44
60
30
66
53
2
128
122
106
18
44
60
30
66
53
2
128
122
106
18
44
60
30
66
53
2
128
122
106
18
44
60
30
66
53
2
128
122
106
18
44
60
30
66
53
2
128
122
106
18
44
60
30
66
53
2
128
122
106
18
44
60
30
66
53
2
128
122
106
18
44
60
30
66
53
2
128
122
106
18
44
60
30
66
53
2
128
122
106
18
44
60
30
66
53
2
128
122
106
18
44
60
30
66
53
2
128
122
106
18
44
60
30
66
53
2
128
122
106
18
44
60
30
66
53
2
128
122
106
18
44
60
30
66
53
2
128
122
106
18
44
60
30
66
53
2
128
122
106
18
44
60
30
66
53
2
128
122
106
18
44
60
30
66
53
2
128
122
106
18
44
60
30
66
53
2
128
122
106
18
44
60
30
66
53
2
128
122
106
18
44
60
30
66
53
2
128
122
106
18
44
60
30
66
53
2
128
122
106
18
44
60
30
66
53
2
128
122
106
18
44
60
30
66
53
2
128
122
106
18
44
60
30
66
53
2
128
122
106
18
44
60
30
66
53
2
128
122
106
18
44
60
30
66
53
2
128
122
106
18
44
60
30
66
53
2
128
122
106
18
44
60
30
66
53
2
128
122
106
18
44
60
30
66
53
2
128
122
106
18
44
60
30
66
53
2
128
122
106
18
44
60
30
66
53
2
128
122
106
18
44
60
30
66
53
2
128
122
106
18
44
60
30
66
53
2
128
122
106
18
44
60
30
66
53
2
128
122
106
18
44
60
30
66
53
2
128