122
106
7
18
44
60
30
53
128
82
122
106
7
18
44
60
30
53
128
82
122
106
7
18
44
60
30
53
128
82
122
106
7
18
44
60
30
53
128
82
122
106
7
18
44
60
30
53
128
82
122
106
7
18
44
60
30
53
128
82
122
106
7
18
44
60
30
53
128
82
122
106
7
18
44
60
30
53
128
82
122
106
7
18
44
60
30
53
128
82
122
106
7
18
44
60
30
53
128
82
122
106
7
18
44
60
30
53
128
82
122
106
7
18
44
60
30
53
128
82
122
106
7
18
44
60
30
53
128
82
122
106
7
18
44
60
30
53
128
82
122
106
7
18
44
60
30
53
128
82
122
106
7
18
44
60
30
53
128
82
122
106
7
18
44
60
30
53
128
82
122
106
7
18
44
60
30
53
128
82
122
106
7
18
44
60
30
53
128
82
122
106
7
18
44
60
30
53
128
82
122
106
7
18
44
60
30
53
128
82
122
106
7
18
44
60
30
53
128
82
122
106
7
18
44
60
30
53
128
82
122
106
7
18
44
60
30
53
128
82
122
106
7
18
44
60
30
53
128
82
122
106
7
18
44
60
30
53
128
82
122
106
7
18
44
60
30
53
128
82
122
106
7
18
44
60
30
53
128
82
122
106
7
18
44
60
30
53
128
82
122
106
7
18
44
60
30
53
128
82
122
106
7
18
44
60
30
53
128
82
122
106
7
18
44
60
30
53
128
82
122
106
7
18
44
60
30
53
128
82
122
106
7
18
44
60
30
53
128
82
122
106
7
18
44
60
30
53
128
82
122
106
7
18
44
60
30
53
128
82
122
106
7
18
44
60
30
53
128
82
122
106
7
18
44
60
30
53
128
82
122
106
7
18
44
60
30
53
128
82
122
106
7
18
44
60
30
53
128
82
122
106
7
18
44
60
30
53
128
82
122
106
7
18
44
60
30
53
128
82
122
106
7
18
44
60
30
53
128
82
122
106
7
18
44
60
30
53
128
82
122
106
7
18
44
60
30
53
128
82
122
106
7
18
44
60
30
53
128
82
122
106
7
18
44
60
30
53
128
82
122
106
7
18
44
60
30
53
128
82
122
106
7
18
44
60
30
53
128
82
122
106
7
18
44
60
30
53
128
82