122
7
18
44
60
30
66
53
2
82
122
7
18
44
60
30
66
53
2
82
122
7
18
44
60
30
66
53
2
82
122
7
18
44
60
30
66
53
2
82
122
7
18
44
60
30
66
53
2
82
122
7
18
44
60
30
66
53
2
82
122
7
18
44
60
30
66
53
2
82
122
7
18
44
60
30
66
53
2
82
122
7
18
44
60
30
66
53
2
82
122
7
18
44
60
30
66
53
2
82
122
7
18
44
60
30
66
53
2
82
122
7
18
44
60
30
66
53
2
82
122
7
18
44
60
30
66
53
2
82
122
7
18
44
60
30
66
53
2
82
122
7
18
44
60
30
66
53
2
82
122
7
18
44
60
30
66
53
2
82
122
7
18
44
60
30
66
53
2
82
122
7
18
44
60
30
66
53
2
82
122
7
18
44
60
30
66
53
2
82
122
7
18
44
60
30
66
53
2
82
122
7
18
44
60
30
66
53
2
82
122
7
18
44
60
30
66
53
2
82
122
7
18
44
60
30
66
53
2
82
122
7
18
44
60
30
66
53
2
82
122
7
18
44
60
30
66
53
2
82
122
7
18
44
60
30
66
53
2
82
122
7
18
44
60
30
66
53
2
82
122
7
18
44
60
30
66
53
2
82
122
7
18
44
60
30
66
53
2
82
122
7
18
44
60
30
66
53
2
82
122
7
18
44
60
30
66
53
2
82
122
7
18
44
60
30
66
53
2
82
122
7
18
44
60
30
66
53
2
82
122
7
18
44
60
30
66
53
2
82
122
7
18
44
60
30
66
53
2
82
122
7
18
44
60
30
66
53
2
82
122
7
18
44
60
30
66
53
2
82
122
7
18
44
60
30
66
53
2
82
122
7
18
44
60
30
66
53
2
82
122
7
18
44
60
30
66
53
2
82
122
7
18
44
60
30
66
53
2
82
122
7
18
44
60
30
66
53
2
82
122
7
18
44
60
30
66
53
2
82
122
7
18
44
60
30
66
53
2
82
122
7
18
44
60
30
66
53
2
82
122
7
18
44
60
30
66
53
2
82
122
7
18
44
60
30
66
53
2
82
122
7
18
44
60
30
66
53
2
82
122
7
18
44
60
30
66
53
2
82
122
7
18
44
60
30
66
53
2
82