122
106
7
18
44
60
30
66
53
82
122
106
7
18
44
60
30
66
53
82
122
106
7
18
44
60
30
66
53
82
122
106
7
18
44
60
30
66
53
82
122
106
7
18
44
60
30
66
53
82
122
106
7
18
44
60
30
66
53
82
122
106
7
18
44
60
30
66
53
82
122
106
7
18
44
60
30
66
53
82
122
106
7
18
44
60
30
66
53
82
122
106
7
18
44
60
30
66
53
82
122
106
7
18
44
60
30
66
53
82
122
106
7
18
44
60
30
66
53
82
122
106
7
18
44
60
30
66
53
82
122
106
7
18
44
60
30
66
53
82
122
106
7
18
44
60
30
66
53
82
122
106
7
18
44
60
30
66
53
82
122
106
7
18
44
60
30
66
53
82
122
106
7
18
44
60
30
66
53
82
122
106
7
18
44
60
30
66
53
82
122
106
7
18
44
60
30
66
53
82
122
106
7
18
44
60
30
66
53
82
122
106
7
18
44
60
30
66
53
82
122
106
7
18
44
60
30
66
53
82
122
106
7
18
44
60
30
66
53
82
122
106
7
18
44
60
30
66
53
82
122
106
7
18
44
60
30
66
53
82
122
106
7
18
44
60
30
66
53
82
122
106
7
18
44
60
30
66
53
82
122
106
7
18
44
60
30
66
53
82
122
106
7
18
44
60
30
66
53
82
122
106
7
18
44
60
30
66
53
82
122
106
7
18
44
60
30
66
53
82
122
106
7
18
44
60
30
66
53
82
122
106
7
18
44
60
30
66
53
82
122
106
7
18
44
60
30
66
53
82
122
106
7
18
44
60
30
66
53
82
122
106
7
18
44
60
30
66
53
82
122
106
7
18
44
60
30
66
53
82
122
106
7
18
44
60
30
66
53
82
122
106
7
18
44
60
30
66
53
82
122
106
7
18
44
60
30
66
53
82
122
106
7
18
44
60
30
66
53
82
122
106
7
18
44
60
30
66
53
82
122
106
7
18
44
60
30
66
53
82
122
106
7
18
44
60
30
66
53
82
122
106
7
18
44
60
30
66
53
82
122
106
7
18
44
60
30
66
53
82
122
106
7
18
44
60
30
66
53
82
122
106
7
18
44
60
30
66
53
82
122
106
7
18
44
60
30
66
53
82