2
6
213
1
59
11
8
5
215
7
2
6
213
1
59
11
8
5
215
7
2
6
213
1
59
11
8
5
215
7
2
6
213
1
59
11
8
5
215
7
2
6
213
1
59
11
8
5
215
7
2
6
213
1
59
11
8
5
215
7
2
6
213
1
59
11
8
5
215
7
2
6
213
1
59
11
8
5
215
7
2
6
213
1
59
11
8
5
215
7
2
6
213
1
59
11
8
5
215
7
2
6
213
1
59
11
8
5
215
7
2
6
213
1
59
11
8
5
215
7
2
6
213
1
59
11
8
5
215
7
2
6
213
1
59
11
8
5
215
7
2
6
213
1
59
11
8
5
215
7
2
6
213
1
59
11
8
5
215
7
2
6
213
1
59
11
8
5
215
7
2
6
213
1
59
11
8
5
215
7
2
6
213
1
59
11
8
5
215
7
2
6
213
1
59
11
8
5
215
7
2
6
213
1
59
11
8
5
215
7
2
6
213
1
59
11
8
5
215
7
2
6
213
1
59
11
8
5
215
7
2
6
213
1
59
11
8
5
215
7
2
6
213
1
59
11
8
5
215
7
2
6
213
1
59
11
8
5
215
7
2
6
213
1
59
11
8
5
215
7
2
6
213
1
59
11
8
5
215
7
2
6
213
1
59
11
8
5
215
7
2
6
213
1
59
11
8
5
215
7
2
6
213
1
59
11
8
5
215
7
2
6
213
1
59
11
8
5
215
7
2
6
213
1
59
11
8
5
215
7
2
6
213
1
59
11
8
5
215
7
2
6
213
1
59
11
8
5
215
7
2
6
213
1
59
11
8
5
215
7
2
6
213
1
59
11
8
5
215
7
2
6
213
1
59
11
8
5
215
7
2
6
213
1
59
11
8
5
215
7
2
6
213
1
59
11
8
5
215
7
2
6
213
1
59
11
8
5
215
7
2
6
213
1
59
11
8
5
215
7
2
6
213
1
59
11
8
5
215
7
2
6
213
1
59
11
8
5
215
7
2
6
213
1
59
11
8
5
215
7
2
6
213
1
59
11
8
5
215
7
2
6
213
1
59
11
8
5
215
7
2
6
213
1
59
11
8
5
215
7
2
6
213
1
59
11
8
5
215
7
2
6
213
1
59
11
8
5
215
7