5
286
159
2
40
93
80
1
6
215
5
286
159
2
40
93
80
1
6
215
5
286
159
2
40
93
80
1
6
215
5
286
159
2
40
93
80
1
6
215
5
286
159
2
40
93
80
1
6
215
5
286
159
2
40
93
80
1
6
215
5
286
159
2
40
93
80
1
6
215
5
286
159
2
40
93
80
1
6
215
5
286
159
2
40
93
80
1
6
215
5
286
159
2
40
93
80
1
6
215
5
286
159
2
40
93
80
1
6
215
5
286
159
2
40
93
80
1
6
215
5
286
159
2
40
93
80
1
6
215
5
286
159
2
40
93
80
1
6
215
5
286
159
2
40
93
80
1
6
215
5
286
159
2
40
93
80
1
6
215
5
286
159
2
40
93
80
1
6
215
5
286
159
2
40
93
80
1
6
215
5
286
159
2
40
93
80
1
6
215
5
286
159
2
40
93
80
1
6
215
5
286
159
2
40
93
80
1
6
215
5
286
159
2
40
93
80
1
6
215
5
286
159
2
40
93
80
1
6
215
5
286
159
2
40
93
80
1
6
215
5
286
159
2
40
93
80
1
6
215
5
286
159
2
40
93
80
1
6
215
5
286
159
2
40
93
80
1
6
215
5
286
159
2
40
93
80
1
6
215
5
286
159
2
40
93
80
1
6
215
5
286
159
2
40
93
80
1
6
215
5
286
159
2
40
93
80
1
6
215
5
286
159
2
40
93
80
1
6
215
5
286
159
2
40
93
80
1
6
215
5
286
159
2
40
93
80
1
6
215
5
286
159
2
40
93
80
1
6
215
5
286
159
2
40
93
80
1
6
215
5
286
159
2
40
93
80
1
6
215
5
286
159
2
40
93
80
1
6
215
5
286
159
2
40
93
80
1
6
215
5
286
159
2
40
93
80
1
6
215
5
286
159
2
40
93
80
1
6
215
5
286
159
2
40
93
80
1
6
215
5
286
159
2
40
93
80
1
6
215
5
286
159
2
40
93
80
1
6
215
5
286
159
2
40
93
80
1
6
215
5
286
159
2
40
93
80
1
6
215
5
286
159
2
40
93
80
1
6
215
5
286
159
2
40
93
80
1
6
215
5
286
159
2
40
93
80
1
6
215
5
286
159
2
40
93
80
1
6
215