59
93
286
1
213
11
215
2
105
159
59
93
286
1
213
11
215
2
105
159
59
93
286
1
213
11
215
2
105
159
59
93
286
1
213
11
215
2
105
159
59
93
286
1
213
11
215
2
105
159
59
93
286
1
213
11
215
2
105
159
59
93
286
1
213
11
215
2
105
159
59
93
286
1
213
11
215
2
105
159
59
93
286
1
213
11
215
2
105
159
59
93
286
1
213
11
215
2
105
159
59
93
286
1
213
11
215
2
105
159
59
93
286
1
213
11
215
2
105
159
59
93
286
1
213
11
215
2
105
159
59
93
286
1
213
11
215
2
105
159
59
93
286
1
213
11
215
2
105
159
59
93
286
1
213
11
215
2
105
159
59
93
286
1
213
11
215
2
105
159
59
93
286
1
213
11
215
2
105
159
59
93
286
1
213
11
215
2
105
159
59
93
286
1
213
11
215
2
105
159
59
93
286
1
213
11
215
2
105
159
59
93
286
1
213
11
215
2
105
159
59
93
286
1
213
11
215
2
105
159
59
93
286
1
213
11
215
2
105
159
59
93
286
1
213
11
215
2
105
159
59
93
286
1
213
11
215
2
105
159
59
93
286
1
213
11
215
2
105
159
59
93
286
1
213
11
215
2
105
159
59
93
286
1
213
11
215
2
105
159
59
93
286
1
213
11
215
2
105
159
59
93
286
1
213
11
215
2
105
159
59
93
286
1
213
11
215
2
105
159
59
93
286
1
213
11
215
2
105
159
59
93
286
1
213
11
215
2
105
159
59
93
286
1
213
11
215
2
105
159
59
93
286
1
213
11
215
2
105
159
59
93
286
1
213
11
215
2
105
159
59
93
286
1
213
11
215
2
105
159
59
93
286
1
213
11
215
2
105
159
59
93
286
1
213
11
215
2
105
159
59
93
286
1
213
11
215
2
105
159
59
93
286
1
213
11
215
2
105
159
59
93
286
1
213
11
215
2
105
159
59
93
286
1
213
11
215
2
105
159
59
93
286
1
213
11
215
2
105
159
59
93
286
1
213
11
215
2
105
159
59
93
286
1
213
11
215
2
105
159
59
93
286
1
213
11
215
2
105
159
59
93
286
1
213
11
215
2
105
159
59
93
286
1
213
11
215
2
105
159