286
11
40
7
159
93
6
2
1
59
286
11
40
7
159
93
6
2
1
59
286
11
40
7
159
93
6
2
1
59
286
11
40
7
159
93
6
2
1
59
286
11
40
7
159
93
6
2
1
59
286
11
40
7
159
93
6
2
1
59
286
11
40
7
159
93
6
2
1
59
286
11
40
7
159
93
6
2
1
59
286
11
40
7
159
93
6
2
1
59
286
11
40
7
159
93
6
2
1
59
286
11
40
7
159
93
6
2
1
59
286
11
40
7
159
93
6
2
1
59
286
11
40
7
159
93
6
2
1
59
286
11
40
7
159
93
6
2
1
59
286
11
40
7
159
93
6
2
1
59
286
11
40
7
159
93
6
2
1
59
286
11
40
7
159
93
6
2
1
59
286
11
40
7
159
93
6
2
1
59
286
11
40
7
159
93
6
2
1
59
286
11
40
7
159
93
6
2
1
59
286
11
40
7
159
93
6
2
1
59
286
11
40
7
159
93
6
2
1
59
286
11
40
7
159
93
6
2
1
59
286
11
40
7
159
93
6
2
1
59
286
11
40
7
159
93
6
2
1
59
286
11
40
7
159
93
6
2
1
59
286
11
40
7
159
93
6
2
1
59
286
11
40
7
159
93
6
2
1
59
286
11
40
7
159
93
6
2
1
59
286
11
40
7
159
93
6
2
1
59
286
11
40
7
159
93
6
2
1
59
286
11
40
7
159
93
6
2
1
59
286
11
40
7
159
93
6
2
1
59
286
11
40
7
159
93
6
2
1
59
286
11
40
7
159
93
6
2
1
59
286
11
40
7
159
93
6
2
1
59
286
11
40
7
159
93
6
2
1
59
286
11
40
7
159
93
6
2
1
59
286
11
40
7
159
93
6
2
1
59
286
11
40
7
159
93
6
2
1
59
286
11
40
7
159
93
6
2
1
59
286
11
40
7
159
93
6
2
1
59
286
11
40
7
159
93
6
2
1
59
286
11
40
7
159
93
6
2
1
59
286
11
40
7
159
93
6
2
1
59
286
11
40
7
159
93
6
2
1
59
286
11
40
7
159
93
6
2
1
59
286
11
40
7
159
93
6
2
1
59
286
11
40
7
159
93
6
2
1
59
286
11
40
7
159
93
6
2
1
59