93
2
40
58
105
286
5
1
213
6
93
2
40
58
105
286
5
1
213
6
93
2
40
58
105
286
5
1
213
6
93
2
40
58
105
286
5
1
213
6
93
2
40
58
105
286
5
1
213
6
93
2
40
58
105
286
5
1
213
6
93
2
40
58
105
286
5
1
213
6
93
2
40
58
105
286
5
1
213
6
93
2
40
58
105
286
5
1
213
6
93
2
40
58
105
286
5
1
213
6
93
2
40
58
105
286
5
1
213
6
93
2
40
58
105
286
5
1
213
6
93
2
40
58
105
286
5
1
213
6
93
2
40
58
105
286
5
1
213
6
93
2
40
58
105
286
5
1
213
6
93
2
40
58
105
286
5
1
213
6
93
2
40
58
105
286
5
1
213
6
93
2
40
58
105
286
5
1
213
6
93
2
40
58
105
286
5
1
213
6
93
2
40
58
105
286
5
1
213
6
93
2
40
58
105
286
5
1
213
6
93
2
40
58
105
286
5
1
213
6
93
2
40
58
105
286
5
1
213
6
93
2
40
58
105
286
5
1
213
6
93
2
40
58
105
286
5
1
213
6
93
2
40
58
105
286
5
1
213
6
93
2
40
58
105
286
5
1
213
6
93
2
40
58
105
286
5
1
213
6
93
2
40
58
105
286
5
1
213
6
93
2
40
58
105
286
5
1
213
6
93
2
40
58
105
286
5
1
213
6
93
2
40
58
105
286
5
1
213
6
93
2
40
58
105
286
5
1
213
6
93
2
40
58
105
286
5
1
213
6
93
2
40
58
105
286
5
1
213
6
93
2
40
58
105
286
5
1
213
6
93
2
40
58
105
286
5
1
213
6
93
2
40
58
105
286
5
1
213
6
93
2
40
58
105
286
5
1
213
6
93
2
40
58
105
286
5
1
213
6
93
2
40
58
105
286
5
1
213
6
93
2
40
58
105
286
5
1
213
6
93
2
40
58
105
286
5
1
213
6
93
2
40
58
105
286
5
1
213
6
93
2
40
58
105
286
5
1
213
6
93
2
40
58
105
286
5
1
213
6
93
2
40
58
105
286
5
1
213
6
93
2
40
58
105
286
5
1
213
6
93
2
40
58
105
286
5
1
213
6
93
2
40
58
105
286
5
1
213
6