105
93
40
213
5
7
159
215
8
11
105
93
40
213
5
7
159
215
8
11
105
93
40
213
5
7
159
215
8
11
105
93
40
213
5
7
159
215
8
11
105
93
40
213
5
7
159
215
8
11
105
93
40
213
5
7
159
215
8
11
105
93
40
213
5
7
159
215
8
11
105
93
40
213
5
7
159
215
8
11
105
93
40
213
5
7
159
215
8
11
105
93
40
213
5
7
159
215
8
11
105
93
40
213
5
7
159
215
8
11
105
93
40
213
5
7
159
215
8
11
105
93
40
213
5
7
159
215
8
11
105
93
40
213
5
7
159
215
8
11
105
93
40
213
5
7
159
215
8
11
105
93
40
213
5
7
159
215
8
11
105
93
40
213
5
7
159
215
8
11
105
93
40
213
5
7
159
215
8
11
105
93
40
213
5
7
159
215
8
11
105
93
40
213
5
7
159
215
8
11
105
93
40
213
5
7
159
215
8
11
105
93
40
213
5
7
159
215
8
11
105
93
40
213
5
7
159
215
8
11
105
93
40
213
5
7
159
215
8
11
105
93
40
213
5
7
159
215
8
11
105
93
40
213
5
7
159
215
8
11
105
93
40
213
5
7
159
215
8
11
105
93
40
213
5
7
159
215
8
11
105
93
40
213
5
7
159
215
8
11
105
93
40
213
5
7
159
215
8
11
105
93
40
213
5
7
159
215
8
11
105
93
40
213
5
7
159
215
8
11
105
93
40
213
5
7
159
215
8
11
105
93
40
213
5
7
159
215
8
11
105
93
40
213
5
7
159
215
8
11
105
93
40
213
5
7
159
215
8
11
105
93
40
213
5
7
159
215
8
11
105
93
40
213
5
7
159
215
8
11
105
93
40
213
5
7
159
215
8
11
105
93
40
213
5
7
159
215
8
11
105
93
40
213
5
7
159
215
8
11
105
93
40
213
5
7
159
215
8
11
105
93
40
213
5
7
159
215
8
11
105
93
40
213
5
7
159
215
8
11
105
93
40
213
5
7
159
215
8
11
105
93
40
213
5
7
159
215
8
11
105
93
40
213
5
7
159
215
8
11
105
93
40
213
5
7
159
215
8
11
105
93
40
213
5
7
159
215
8
11
105
93
40
213
5
7
159
215
8
11