58
59
40
1
2
80
105
7
8
11
58
59
40
1
2
80
105
7
8
11
58
59
40
1
2
80
105
7
8
11
58
59
40
1
2
80
105
7
8
11
58
59
40
1
2
80
105
7
8
11
58
59
40
1
2
80
105
7
8
11
58
59
40
1
2
80
105
7
8
11
58
59
40
1
2
80
105
7
8
11
58
59
40
1
2
80
105
7
8
11
58
59
40
1
2
80
105
7
8
11
58
59
40
1
2
80
105
7
8
11
58
59
40
1
2
80
105
7
8
11
58
59
40
1
2
80
105
7
8
11
58
59
40
1
2
80
105
7
8
11
58
59
40
1
2
80
105
7
8
11
58
59
40
1
2
80
105
7
8
11
58
59
40
1
2
80
105
7
8
11
58
59
40
1
2
80
105
7
8
11
58
59
40
1
2
80
105
7
8
11
58
59
40
1
2
80
105
7
8
11
58
59
40
1
2
80
105
7
8
11
58
59
40
1
2
80
105
7
8
11
58
59
40
1
2
80
105
7
8
11
58
59
40
1
2
80
105
7
8
11
58
59
40
1
2
80
105
7
8
11
58
59
40
1
2
80
105
7
8
11
58
59
40
1
2
80
105
7
8
11
58
59
40
1
2
80
105
7
8
11
58
59
40
1
2
80
105
7
8
11
58
59
40
1
2
80
105
7
8
11
58
59
40
1
2
80
105
7
8
11
58
59
40
1
2
80
105
7
8
11
58
59
40
1
2
80
105
7
8
11
58
59
40
1
2
80
105
7
8
11
58
59
40
1
2
80
105
7
8
11
58
59
40
1
2
80
105
7
8
11
58
59
40
1
2
80
105
7
8
11
58
59
40
1
2
80
105
7
8
11
58
59
40
1
2
80
105
7
8
11
58
59
40
1
2
80
105
7
8
11
58
59
40
1
2
80
105
7
8
11
58
59
40
1
2
80
105
7
8
11
58
59
40
1
2
80
105
7
8
11
58
59
40
1
2
80
105
7
8
11
58
59
40
1
2
80
105
7
8
11
58
59
40
1
2
80
105
7
8
11
58
59
40
1
2
80
105
7
8
11
58
59
40
1
2
80
105
7
8
11
58
59
40
1
2
80
105
7
8
11
58
59
40
1
2
80
105
7
8
11