213
215
5
1
93
286
40
105
58
59
213
215
5
1
93
286
40
105
58
59
213
215
5
1
93
286
40
105
58
59
213
215
5
1
93
286
40
105
58
59
213
215
5
1
93
286
40
105
58
59
213
215
5
1
93
286
40
105
58
59
213
215
5
1
93
286
40
105
58
59
213
215
5
1
93
286
40
105
58
59
213
215
5
1
93
286
40
105
58
59
213
215
5
1
93
286
40
105
58
59
213
215
5
1
93
286
40
105
58
59
213
215
5
1
93
286
40
105
58
59
213
215
5
1
93
286
40
105
58
59
213
215
5
1
93
286
40
105
58
59
213
215
5
1
93
286
40
105
58
59
213
215
5
1
93
286
40
105
58
59
213
215
5
1
93
286
40
105
58
59
213
215
5
1
93
286
40
105
58
59
213
215
5
1
93
286
40
105
58
59
213
215
5
1
93
286
40
105
58
59
213
215
5
1
93
286
40
105
58
59
213
215
5
1
93
286
40
105
58
59
213
215
5
1
93
286
40
105
58
59
213
215
5
1
93
286
40
105
58
59
213
215
5
1
93
286
40
105
58
59
213
215
5
1
93
286
40
105
58
59
213
215
5
1
93
286
40
105
58
59
213
215
5
1
93
286
40
105
58
59
213
215
5
1
93
286
40
105
58
59
213
215
5
1
93
286
40
105
58
59
213
215
5
1
93
286
40
105
58
59
213
215
5
1
93
286
40
105
58
59
213
215
5
1
93
286
40
105
58
59
213
215
5
1
93
286
40
105
58
59
213
215
5
1
93
286
40
105
58
59
213
215
5
1
93
286
40
105
58
59
213
215
5
1
93
286
40
105
58
59
213
215
5
1
93
286
40
105
58
59
213
215
5
1
93
286
40
105
58
59
213
215
5
1
93
286
40
105
58
59
213
215
5
1
93
286
40
105
58
59
213
215
5
1
93
286
40
105
58
59
213
215
5
1
93
286
40
105
58
59
213
215
5
1
93
286
40
105
58
59
213
215
5
1
93
286
40
105
58
59
213
215
5
1
93
286
40
105
58
59
213
215
5
1
93
286
40
105
58
59
213
215
5
1
93
286
40
105
58
59
213
215
5
1
93
286
40
105
58
59
213
215
5
1
93
286
40
105
58
59