2
159
213
7
8
286
59
93
40
1
2
159
213
7
8
286
59
93
40
1
2
159
213
7
8
286
59
93
40
1
2
159
213
7
8
286
59
93
40
1
2
159
213
7
8
286
59
93
40
1
2
159
213
7
8
286
59
93
40
1
2
159
213
7
8
286
59
93
40
1
2
159
213
7
8
286
59
93
40
1
2
159
213
7
8
286
59
93
40
1
2
159
213
7
8
286
59
93
40
1
2
159
213
7
8
286
59
93
40
1
2
159
213
7
8
286
59
93
40
1
2
159
213
7
8
286
59
93
40
1
2
159
213
7
8
286
59
93
40
1
2
159
213
7
8
286
59
93
40
1
2
159
213
7
8
286
59
93
40
1
2
159
213
7
8
286
59
93
40
1
2
159
213
7
8
286
59
93
40
1
2
159
213
7
8
286
59
93
40
1
2
159
213
7
8
286
59
93
40
1
2
159
213
7
8
286
59
93
40
1
2
159
213
7
8
286
59
93
40
1
2
159
213
7
8
286
59
93
40
1
2
159
213
7
8
286
59
93
40
1
2
159
213
7
8
286
59
93
40
1
2
159
213
7
8
286
59
93
40
1
2
159
213
7
8
286
59
93
40
1
2
159
213
7
8
286
59
93
40
1
2
159
213
7
8
286
59
93
40
1
2
159
213
7
8
286
59
93
40
1
2
159
213
7
8
286
59
93
40
1
2
159
213
7
8
286
59
93
40
1
2
159
213
7
8
286
59
93
40
1
2
159
213
7
8
286
59
93
40
1
2
159
213
7
8
286
59
93
40
1
2
159
213
7
8
286
59
93
40
1
2
159
213
7
8
286
59
93
40
1
2
159
213
7
8
286
59
93
40
1
2
159
213
7
8
286
59
93
40
1
2
159
213
7
8
286
59
93
40
1
2
159
213
7
8
286
59
93
40
1
2
159
213
7
8
286
59
93
40
1
2
159
213
7
8
286
59
93
40
1
2
159
213
7
8
286
59
93
40
1
2
159
213
7
8
286
59
93
40
1
2
159
213
7
8
286
59
93
40
1
2
159
213
7
8
286
59
93
40
1
2
159
213
7
8
286
59
93
40
1
2
159
213
7
8
286
59
93
40
1
2
159
213
7
8
286
59
93
40
1