59
80
1
58
105
215
213
93
2
40
59
80
1
58
105
215
213
93
2
40
59
80
1
58
105
215
213
93
2
40
59
80
1
58
105
215
213
93
2
40
59
80
1
58
105
215
213
93
2
40
59
80
1
58
105
215
213
93
2
40
59
80
1
58
105
215
213
93
2
40
59
80
1
58
105
215
213
93
2
40
59
80
1
58
105
215
213
93
2
40
59
80
1
58
105
215
213
93
2
40
59
80
1
58
105
215
213
93
2
40
59
80
1
58
105
215
213
93
2
40
59
80
1
58
105
215
213
93
2
40
59
80
1
58
105
215
213
93
2
40
59
80
1
58
105
215
213
93
2
40
59
80
1
58
105
215
213
93
2
40
59
80
1
58
105
215
213
93
2
40
59
80
1
58
105
215
213
93
2
40
59
80
1
58
105
215
213
93
2
40
59
80
1
58
105
215
213
93
2
40
59
80
1
58
105
215
213
93
2
40
59
80
1
58
105
215
213
93
2
40
59
80
1
58
105
215
213
93
2
40
59
80
1
58
105
215
213
93
2
40
59
80
1
58
105
215
213
93
2
40
59
80
1
58
105
215
213
93
2
40
59
80
1
58
105
215
213
93
2
40
59
80
1
58
105
215
213
93
2
40
59
80
1
58
105
215
213
93
2
40
59
80
1
58
105
215
213
93
2
40
59
80
1
58
105
215
213
93
2
40
59
80
1
58
105
215
213
93
2
40
59
80
1
58
105
215
213
93
2
40
59
80
1
58
105
215
213
93
2
40
59
80
1
58
105
215
213
93
2
40
59
80
1
58
105
215
213
93
2
40
59
80
1
58
105
215
213
93
2
40
59
80
1
58
105
215
213
93
2
40
59
80
1
58
105
215
213
93
2
40
59
80
1
58
105
215
213
93
2
40
59
80
1
58
105
215
213
93
2
40
59
80
1
58
105
215
213
93
2
40
59
80
1
58
105
215
213
93
2
40
59
80
1
58
105
215
213
93
2
40
59
80
1
58
105
215
213
93
2
40
59
80
1
58
105
215
213
93
2
40
59
80
1
58
105
215
213
93
2
40
59
80
1
58
105
215
213
93
2
40
59
80
1
58
105
215
213
93
2
40
59
80
1
58
105
215
213
93
2
40