5
213
40
215
58
8
1
2
286
59
5
213
40
215
58
8
1
2
286
59
5
213
40
215
58
8
1
2
286
59
5
213
40
215
58
8
1
2
286
59
5
213
40
215
58
8
1
2
286
59
5
213
40
215
58
8
1
2
286
59
5
213
40
215
58
8
1
2
286
59
5
213
40
215
58
8
1
2
286
59
5
213
40
215
58
8
1
2
286
59
5
213
40
215
58
8
1
2
286
59
5
213
40
215
58
8
1
2
286
59
5
213
40
215
58
8
1
2
286
59
5
213
40
215
58
8
1
2
286
59
5
213
40
215
58
8
1
2
286
59
5
213
40
215
58
8
1
2
286
59
5
213
40
215
58
8
1
2
286
59
5
213
40
215
58
8
1
2
286
59
5
213
40
215
58
8
1
2
286
59
5
213
40
215
58
8
1
2
286
59
5
213
40
215
58
8
1
2
286
59
5
213
40
215
58
8
1
2
286
59
5
213
40
215
58
8
1
2
286
59
5
213
40
215
58
8
1
2
286
59
5
213
40
215
58
8
1
2
286
59
5
213
40
215
58
8
1
2
286
59
5
213
40
215
58
8
1
2
286
59
5
213
40
215
58
8
1
2
286
59
5
213
40
215
58
8
1
2
286
59
5
213
40
215
58
8
1
2
286
59
5
213
40
215
58
8
1
2
286
59
5
213
40
215
58
8
1
2
286
59
5
213
40
215
58
8
1
2
286
59
5
213
40
215
58
8
1
2
286
59
5
213
40
215
58
8
1
2
286
59
5
213
40
215
58
8
1
2
286
59
5
213
40
215
58
8
1
2
286
59
5
213
40
215
58
8
1
2
286
59
5
213
40
215
58
8
1
2
286
59
5
213
40
215
58
8
1
2
286
59
5
213
40
215
58
8
1
2
286
59
5
213
40
215
58
8
1
2
286
59
5
213
40
215
58
8
1
2
286
59
5
213
40
215
58
8
1
2
286
59
5
213
40
215
58
8
1
2
286
59
5
213
40
215
58
8
1
2
286
59
5
213
40
215
58
8
1
2
286
59
5
213
40
215
58
8
1
2
286
59
5
213
40
215
58
8
1
2
286
59
5
213
40
215
58
8
1
2
286
59
5
213
40
215
58
8
1
2
286
59