7
5
93
6
11
286
80
58
2
105
7
5
93
6
11
286
80
58
2
105
7
5
93
6
11
286
80
58
2
105
7
5
93
6
11
286
80
58
2
105
7
5
93
6
11
286
80
58
2
105
7
5
93
6
11
286
80
58
2
105
7
5
93
6
11
286
80
58
2
105
7
5
93
6
11
286
80
58
2
105
7
5
93
6
11
286
80
58
2
105
7
5
93
6
11
286
80
58
2
105
7
5
93
6
11
286
80
58
2
105
7
5
93
6
11
286
80
58
2
105
7
5
93
6
11
286
80
58
2
105
7
5
93
6
11
286
80
58
2
105
7
5
93
6
11
286
80
58
2
105
7
5
93
6
11
286
80
58
2
105
7
5
93
6
11
286
80
58
2
105
7
5
93
6
11
286
80
58
2
105
7
5
93
6
11
286
80
58
2
105
7
5
93
6
11
286
80
58
2
105
7
5
93
6
11
286
80
58
2
105
7
5
93
6
11
286
80
58
2
105
7
5
93
6
11
286
80
58
2
105
7
5
93
6
11
286
80
58
2
105
7
5
93
6
11
286
80
58
2
105
7
5
93
6
11
286
80
58
2
105
7
5
93
6
11
286
80
58
2
105
7
5
93
6
11
286
80
58
2
105
7
5
93
6
11
286
80
58
2
105
7
5
93
6
11
286
80
58
2
105
7
5
93
6
11
286
80
58
2
105
7
5
93
6
11
286
80
58
2
105
7
5
93
6
11
286
80
58
2
105
7
5
93
6
11
286
80
58
2
105
7
5
93
6
11
286
80
58
2
105
7
5
93
6
11
286
80
58
2
105
7
5
93
6
11
286
80
58
2
105
7
5
93
6
11
286
80
58
2
105
7
5
93
6
11
286
80
58
2
105
7
5
93
6
11
286
80
58
2
105
7
5
93
6
11
286
80
58
2
105
7
5
93
6
11
286
80
58
2
105
7
5
93
6
11
286
80
58
2
105
7
5
93
6
11
286
80
58
2
105
7
5
93
6
11
286
80
58
2
105
7
5
93
6
11
286
80
58
2
105
7
5
93
6
11
286
80
58
2
105
7
5
93
6
11
286
80
58
2
105
7
5
93
6
11
286
80
58
2
105
7
5
93
6
11
286
80
58
2
105