2
40
159
80
1
215
286
6
105
7
2
40
159
80
1
215
286
6
105
7
2
40
159
80
1
215
286
6
105
7
2
40
159
80
1
215
286
6
105
7
2
40
159
80
1
215
286
6
105
7
2
40
159
80
1
215
286
6
105
7
2
40
159
80
1
215
286
6
105
7
2
40
159
80
1
215
286
6
105
7
2
40
159
80
1
215
286
6
105
7
2
40
159
80
1
215
286
6
105
7
2
40
159
80
1
215
286
6
105
7
2
40
159
80
1
215
286
6
105
7
2
40
159
80
1
215
286
6
105
7
2
40
159
80
1
215
286
6
105
7
2
40
159
80
1
215
286
6
105
7
2
40
159
80
1
215
286
6
105
7
2
40
159
80
1
215
286
6
105
7
2
40
159
80
1
215
286
6
105
7
2
40
159
80
1
215
286
6
105
7
2
40
159
80
1
215
286
6
105
7
2
40
159
80
1
215
286
6
105
7
2
40
159
80
1
215
286
6
105
7
2
40
159
80
1
215
286
6
105
7
2
40
159
80
1
215
286
6
105
7
2
40
159
80
1
215
286
6
105
7
2
40
159
80
1
215
286
6
105
7
2
40
159
80
1
215
286
6
105
7
2
40
159
80
1
215
286
6
105
7
2
40
159
80
1
215
286
6
105
7
2
40
159
80
1
215
286
6
105
7
2
40
159
80
1
215
286
6
105
7
2
40
159
80
1
215
286
6
105
7
2
40
159
80
1
215
286
6
105
7
2
40
159
80
1
215
286
6
105
7
2
40
159
80
1
215
286
6
105
7
2
40
159
80
1
215
286
6
105
7
2
40
159
80
1
215
286
6
105
7
2
40
159
80
1
215
286
6
105
7
2
40
159
80
1
215
286
6
105
7
2
40
159
80
1
215
286
6
105
7
2
40
159
80
1
215
286
6
105
7
2
40
159
80
1
215
286
6
105
7
2
40
159
80
1
215
286
6
105
7
2
40
159
80
1
215
286
6
105
7
2
40
159
80
1
215
286
6
105
7
2
40
159
80
1
215
286
6
105
7
2
40
159
80
1
215
286
6
105
7
2
40
159
80
1
215
286
6
105
7
2
40
159
80
1
215
286
6
105
7
2
40
159
80
1
215
286
6
105
7