80
93
215
159
213
286
58
40
1
6
80
93
215
159
213
286
58
40
1
6
80
93
215
159
213
286
58
40
1
6
80
93
215
159
213
286
58
40
1
6
80
93
215
159
213
286
58
40
1
6
80
93
215
159
213
286
58
40
1
6
80
93
215
159
213
286
58
40
1
6
80
93
215
159
213
286
58
40
1
6
80
93
215
159
213
286
58
40
1
6
80
93
215
159
213
286
58
40
1
6
80
93
215
159
213
286
58
40
1
6
80
93
215
159
213
286
58
40
1
6
80
93
215
159
213
286
58
40
1
6
80
93
215
159
213
286
58
40
1
6
80
93
215
159
213
286
58
40
1
6
80
93
215
159
213
286
58
40
1
6
80
93
215
159
213
286
58
40
1
6
80
93
215
159
213
286
58
40
1
6
80
93
215
159
213
286
58
40
1
6
80
93
215
159
213
286
58
40
1
6
80
93
215
159
213
286
58
40
1
6
80
93
215
159
213
286
58
40
1
6
80
93
215
159
213
286
58
40
1
6
80
93
215
159
213
286
58
40
1
6
80
93
215
159
213
286
58
40
1
6
80
93
215
159
213
286
58
40
1
6
80
93
215
159
213
286
58
40
1
6
80
93
215
159
213
286
58
40
1
6
80
93
215
159
213
286
58
40
1
6
80
93
215
159
213
286
58
40
1
6
80
93
215
159
213
286
58
40
1
6
80
93
215
159
213
286
58
40
1
6
80
93
215
159
213
286
58
40
1
6
80
93
215
159
213
286
58
40
1
6
80
93
215
159
213
286
58
40
1
6
80
93
215
159
213
286
58
40
1
6
80
93
215
159
213
286
58
40
1
6
80
93
215
159
213
286
58
40
1
6
80
93
215
159
213
286
58
40
1
6
80
93
215
159
213
286
58
40
1
6
80
93
215
159
213
286
58
40
1
6
80
93
215
159
213
286
58
40
1
6
80
93
215
159
213
286
58
40
1
6
80
93
215
159
213
286
58
40
1
6
80
93
215
159
213
286
58
40
1
6
80
93
215
159
213
286
58
40
1
6
80
93
215
159
213
286
58
40
1
6
80
93
215
159
213
286
58
40
1
6
80
93
215
159
213
286
58
40
1
6
80
93
215
159
213
286
58
40
1
6