215
40
6
11
8
7
105
1
58
59
215
40
6
11
8
7
105
1
58
59
215
40
6
11
8
7
105
1
58
59
215
40
6
11
8
7
105
1
58
59
215
40
6
11
8
7
105
1
58
59
215
40
6
11
8
7
105
1
58
59
215
40
6
11
8
7
105
1
58
59
215
40
6
11
8
7
105
1
58
59
215
40
6
11
8
7
105
1
58
59
215
40
6
11
8
7
105
1
58
59
215
40
6
11
8
7
105
1
58
59
215
40
6
11
8
7
105
1
58
59
215
40
6
11
8
7
105
1
58
59
215
40
6
11
8
7
105
1
58
59
215
40
6
11
8
7
105
1
58
59
215
40
6
11
8
7
105
1
58
59
215
40
6
11
8
7
105
1
58
59
215
40
6
11
8
7
105
1
58
59
215
40
6
11
8
7
105
1
58
59
215
40
6
11
8
7
105
1
58
59
215
40
6
11
8
7
105
1
58
59
215
40
6
11
8
7
105
1
58
59
215
40
6
11
8
7
105
1
58
59
215
40
6
11
8
7
105
1
58
59
215
40
6
11
8
7
105
1
58
59
215
40
6
11
8
7
105
1
58
59
215
40
6
11
8
7
105
1
58
59
215
40
6
11
8
7
105
1
58
59
215
40
6
11
8
7
105
1
58
59
215
40
6
11
8
7
105
1
58
59
215
40
6
11
8
7
105
1
58
59
215
40
6
11
8
7
105
1
58
59
215
40
6
11
8
7
105
1
58
59
215
40
6
11
8
7
105
1
58
59
215
40
6
11
8
7
105
1
58
59
215
40
6
11
8
7
105
1
58
59
215
40
6
11
8
7
105
1
58
59
215
40
6
11
8
7
105
1
58
59
215
40
6
11
8
7
105
1
58
59
215
40
6
11
8
7
105
1
58
59
215
40
6
11
8
7
105
1
58
59
215
40
6
11
8
7
105
1
58
59
215
40
6
11
8
7
105
1
58
59
215
40
6
11
8
7
105
1
58
59
215
40
6
11
8
7
105
1
58
59
215
40
6
11
8
7
105
1
58
59
215
40
6
11
8
7
105
1
58
59
215
40
6
11
8
7
105
1
58
59
215
40
6
11
8
7
105
1
58
59
215
40
6
11
8
7
105
1
58
59