159
11
59
286
5
80
2
213
105
1
159
11
59
286
5
80
2
213
105
1
159
11
59
286
5
80
2
213
105
1
159
11
59
286
5
80
2
213
105
1
159
11
59
286
5
80
2
213
105
1
159
11
59
286
5
80
2
213
105
1
159
11
59
286
5
80
2
213
105
1
159
11
59
286
5
80
2
213
105
1
159
11
59
286
5
80
2
213
105
1
159
11
59
286
5
80
2
213
105
1
159
11
59
286
5
80
2
213
105
1
159
11
59
286
5
80
2
213
105
1
159
11
59
286
5
80
2
213
105
1
159
11
59
286
5
80
2
213
105
1
159
11
59
286
5
80
2
213
105
1
159
11
59
286
5
80
2
213
105
1
159
11
59
286
5
80
2
213
105
1
159
11
59
286
5
80
2
213
105
1
159
11
59
286
5
80
2
213
105
1
159
11
59
286
5
80
2
213
105
1
159
11
59
286
5
80
2
213
105
1
159
11
59
286
5
80
2
213
105
1
159
11
59
286
5
80
2
213
105
1
159
11
59
286
5
80
2
213
105
1
159
11
59
286
5
80
2
213
105
1
159
11
59
286
5
80
2
213
105
1
159
11
59
286
5
80
2
213
105
1
159
11
59
286
5
80
2
213
105
1
159
11
59
286
5
80
2
213
105
1
159
11
59
286
5
80
2
213
105
1
159
11
59
286
5
80
2
213
105
1
159
11
59
286
5
80
2
213
105
1
159
11
59
286
5
80
2
213
105
1
159
11
59
286
5
80
2
213
105
1
159
11
59
286
5
80
2
213
105
1
159
11
59
286
5
80
2
213
105
1
159
11
59
286
5
80
2
213
105
1
159
11
59
286
5
80
2
213
105
1
159
11
59
286
5
80
2
213
105
1
159
11
59
286
5
80
2
213
105
1
159
11
59
286
5
80
2
213
105
1
159
11
59
286
5
80
2
213
105
1
159
11
59
286
5
80
2
213
105
1
159
11
59
286
5
80
2
213
105
1
159
11
59
286
5
80
2
213
105
1
159
11
59
286
5
80
2
213
105
1
159
11
59
286
5
80
2
213
105
1
159
11
59
286
5
80
2
213
105
1
159
11
59
286
5
80
2
213
105
1
159
11
59
286
5
80
2
213
105
1