1
80
213
215
93
40
2
58
6
11
1
80
213
215
93
40
2
58
6
11
1
80
213
215
93
40
2
58
6
11
1
80
213
215
93
40
2
58
6
11
1
80
213
215
93
40
2
58
6
11
1
80
213
215
93
40
2
58
6
11
1
80
213
215
93
40
2
58
6
11
1
80
213
215
93
40
2
58
6
11
1
80
213
215
93
40
2
58
6
11
1
80
213
215
93
40
2
58
6
11
1
80
213
215
93
40
2
58
6
11
1
80
213
215
93
40
2
58
6
11
1
80
213
215
93
40
2
58
6
11
1
80
213
215
93
40
2
58
6
11
1
80
213
215
93
40
2
58
6
11
1
80
213
215
93
40
2
58
6
11
1
80
213
215
93
40
2
58
6
11
1
80
213
215
93
40
2
58
6
11
1
80
213
215
93
40
2
58
6
11
1
80
213
215
93
40
2
58
6
11
1
80
213
215
93
40
2
58
6
11
1
80
213
215
93
40
2
58
6
11
1
80
213
215
93
40
2
58
6
11
1
80
213
215
93
40
2
58
6
11
1
80
213
215
93
40
2
58
6
11
1
80
213
215
93
40
2
58
6
11
1
80
213
215
93
40
2
58
6
11
1
80
213
215
93
40
2
58
6
11
1
80
213
215
93
40
2
58
6
11
1
80
213
215
93
40
2
58
6
11
1
80
213
215
93
40
2
58
6
11
1
80
213
215
93
40
2
58
6
11
1
80
213
215
93
40
2
58
6
11
1
80
213
215
93
40
2
58
6
11
1
80
213
215
93
40
2
58
6
11
1
80
213
215
93
40
2
58
6
11
1
80
213
215
93
40
2
58
6
11
1
80
213
215
93
40
2
58
6
11
1
80
213
215
93
40
2
58
6
11
1
80
213
215
93
40
2
58
6
11
1
80
213
215
93
40
2
58
6
11
1
80
213
215
93
40
2
58
6
11
1
80
213
215
93
40
2
58
6
11
1
80
213
215
93
40
2
58
6
11
1
80
213
215
93
40
2
58
6
11
1
80
213
215
93
40
2
58
6
11
1
80
213
215
93
40
2
58
6
11
1
80
213
215
93
40
2
58
6
11
1
80
213
215
93
40
2
58
6
11
1
80
213
215
93
40
2
58
6
11