11
40
6
93
2
213
215
7
5
159
11
40
6
93
2
213
215
7
5
159
11
40
6
93
2
213
215
7
5
159
11
40
6
93
2
213
215
7
5
159
11
40
6
93
2
213
215
7
5
159
11
40
6
93
2
213
215
7
5
159
11
40
6
93
2
213
215
7
5
159
11
40
6
93
2
213
215
7
5
159
11
40
6
93
2
213
215
7
5
159
11
40
6
93
2
213
215
7
5
159
11
40
6
93
2
213
215
7
5
159
11
40
6
93
2
213
215
7
5
159
11
40
6
93
2
213
215
7
5
159
11
40
6
93
2
213
215
7
5
159
11
40
6
93
2
213
215
7
5
159
11
40
6
93
2
213
215
7
5
159
11
40
6
93
2
213
215
7
5
159
11
40
6
93
2
213
215
7
5
159
11
40
6
93
2
213
215
7
5
159
11
40
6
93
2
213
215
7
5
159
11
40
6
93
2
213
215
7
5
159
11
40
6
93
2
213
215
7
5
159
11
40
6
93
2
213
215
7
5
159
11
40
6
93
2
213
215
7
5
159
11
40
6
93
2
213
215
7
5
159
11
40
6
93
2
213
215
7
5
159
11
40
6
93
2
213
215
7
5
159
11
40
6
93
2
213
215
7
5
159
11
40
6
93
2
213
215
7
5
159
11
40
6
93
2
213
215
7
5
159
11
40
6
93
2
213
215
7
5
159
11
40
6
93
2
213
215
7
5
159
11
40
6
93
2
213
215
7
5
159
11
40
6
93
2
213
215
7
5
159
11
40
6
93
2
213
215
7
5
159
11
40
6
93
2
213
215
7
5
159
11
40
6
93
2
213
215
7
5
159
11
40
6
93
2
213
215
7
5
159
11
40
6
93
2
213
215
7
5
159
11
40
6
93
2
213
215
7
5
159
11
40
6
93
2
213
215
7
5
159
11
40
6
93
2
213
215
7
5
159
11
40
6
93
2
213
215
7
5
159
11
40
6
93
2
213
215
7
5
159
11
40
6
93
2
213
215
7
5
159
11
40
6
93
2
213
215
7
5
159
11
40
6
93
2
213
215
7
5
159
11
40
6
93
2
213
215
7
5
159
11
40
6
93
2
213
215
7
5
159
11
40
6
93
2
213
215
7
5
159