105
159
59
8
215
6
93
213
58
11
105
159
59
8
215
6
93
213
58
11
105
159
59
8
215
6
93
213
58
11
105
159
59
8
215
6
93
213
58
11
105
159
59
8
215
6
93
213
58
11
105
159
59
8
215
6
93
213
58
11
105
159
59
8
215
6
93
213
58
11
105
159
59
8
215
6
93
213
58
11
105
159
59
8
215
6
93
213
58
11
105
159
59
8
215
6
93
213
58
11
105
159
59
8
215
6
93
213
58
11
105
159
59
8
215
6
93
213
58
11
105
159
59
8
215
6
93
213
58
11
105
159
59
8
215
6
93
213
58
11
105
159
59
8
215
6
93
213
58
11
105
159
59
8
215
6
93
213
58
11
105
159
59
8
215
6
93
213
58
11
105
159
59
8
215
6
93
213
58
11
105
159
59
8
215
6
93
213
58
11
105
159
59
8
215
6
93
213
58
11
105
159
59
8
215
6
93
213
58
11
105
159
59
8
215
6
93
213
58
11
105
159
59
8
215
6
93
213
58
11
105
159
59
8
215
6
93
213
58
11
105
159
59
8
215
6
93
213
58
11
105
159
59
8
215
6
93
213
58
11
105
159
59
8
215
6
93
213
58
11
105
159
59
8
215
6
93
213
58
11
105
159
59
8
215
6
93
213
58
11
105
159
59
8
215
6
93
213
58
11
105
159
59
8
215
6
93
213
58
11
105
159
59
8
215
6
93
213
58
11
105
159
59
8
215
6
93
213
58
11
105
159
59
8
215
6
93
213
58
11
105
159
59
8
215
6
93
213
58
11
105
159
59
8
215
6
93
213
58
11
105
159
59
8
215
6
93
213
58
11
105
159
59
8
215
6
93
213
58
11
105
159
59
8
215
6
93
213
58
11
105
159
59
8
215
6
93
213
58
11
105
159
59
8
215
6
93
213
58
11
105
159
59
8
215
6
93
213
58
11
105
159
59
8
215
6
93
213
58
11
105
159
59
8
215
6
93
213
58
11
105
159
59
8
215
6
93
213
58
11
105
159
59
8
215
6
93
213
58
11
105
159
59
8
215
6
93
213
58
11
105
159
59
8
215
6
93
213
58
11
105
159
59
8
215
6
93
213
58
11
105
159
59
8
215
6
93
213
58
11