8
58
6
159
93
105
7
1
11
215
8
58
6
159
93
105
7
1
11
215
8
58
6
159
93
105
7
1
11
215
8
58
6
159
93
105
7
1
11
215
8
58
6
159
93
105
7
1
11
215
8
58
6
159
93
105
7
1
11
215
8
58
6
159
93
105
7
1
11
215
8
58
6
159
93
105
7
1
11
215
8
58
6
159
93
105
7
1
11
215
8
58
6
159
93
105
7
1
11
215
8
58
6
159
93
105
7
1
11
215
8
58
6
159
93
105
7
1
11
215
8
58
6
159
93
105
7
1
11
215
8
58
6
159
93
105
7
1
11
215
8
58
6
159
93
105
7
1
11
215
8
58
6
159
93
105
7
1
11
215
8
58
6
159
93
105
7
1
11
215
8
58
6
159
93
105
7
1
11
215
8
58
6
159
93
105
7
1
11
215
8
58
6
159
93
105
7
1
11
215
8
58
6
159
93
105
7
1
11
215
8
58
6
159
93
105
7
1
11
215
8
58
6
159
93
105
7
1
11
215
8
58
6
159
93
105
7
1
11
215
8
58
6
159
93
105
7
1
11
215
8
58
6
159
93
105
7
1
11
215
8
58
6
159
93
105
7
1
11
215
8
58
6
159
93
105
7
1
11
215
8
58
6
159
93
105
7
1
11
215
8
58
6
159
93
105
7
1
11
215
8
58
6
159
93
105
7
1
11
215
8
58
6
159
93
105
7
1
11
215
8
58
6
159
93
105
7
1
11
215
8
58
6
159
93
105
7
1
11
215
8
58
6
159
93
105
7
1
11
215
8
58
6
159
93
105
7
1
11
215
8
58
6
159
93
105
7
1
11
215
8
58
6
159
93
105
7
1
11
215
8
58
6
159
93
105
7
1
11
215
8
58
6
159
93
105
7
1
11
215
8
58
6
159
93
105
7
1
11
215
8
58
6
159
93
105
7
1
11
215
8
58
6
159
93
105
7
1
11
215
8
58
6
159
93
105
7
1
11
215
8
58
6
159
93
105
7
1
11
215
8
58
6
159
93
105
7
1
11
215
8
58
6
159
93
105
7
1
11
215
8
58
6
159
93
105
7
1
11
215
8
58
6
159
93
105
7
1
11
215
8
58
6
159
93
105
7
1
11
215