59
5
159
93
7
215
11
40
8
213
59
5
159
93
7
215
11
40
8
213
59
5
159
93
7
215
11
40
8
213
59
5
159
93
7
215
11
40
8
213
59
5
159
93
7
215
11
40
8
213
59
5
159
93
7
215
11
40
8
213
59
5
159
93
7
215
11
40
8
213
59
5
159
93
7
215
11
40
8
213
59
5
159
93
7
215
11
40
8
213
59
5
159
93
7
215
11
40
8
213
59
5
159
93
7
215
11
40
8
213
59
5
159
93
7
215
11
40
8
213
59
5
159
93
7
215
11
40
8
213
59
5
159
93
7
215
11
40
8
213
59
5
159
93
7
215
11
40
8
213
59
5
159
93
7
215
11
40
8
213
59
5
159
93
7
215
11
40
8
213
59
5
159
93
7
215
11
40
8
213
59
5
159
93
7
215
11
40
8
213
59
5
159
93
7
215
11
40
8
213
59
5
159
93
7
215
11
40
8
213
59
5
159
93
7
215
11
40
8
213
59
5
159
93
7
215
11
40
8
213
59
5
159
93
7
215
11
40
8
213
59
5
159
93
7
215
11
40
8
213
59
5
159
93
7
215
11
40
8
213
59
5
159
93
7
215
11
40
8
213
59
5
159
93
7
215
11
40
8
213
59
5
159
93
7
215
11
40
8
213
59
5
159
93
7
215
11
40
8
213
59
5
159
93
7
215
11
40
8
213
59
5
159
93
7
215
11
40
8
213
59
5
159
93
7
215
11
40
8
213
59
5
159
93
7
215
11
40
8
213
59
5
159
93
7
215
11
40
8
213
59
5
159
93
7
215
11
40
8
213
59
5
159
93
7
215
11
40
8
213
59
5
159
93
7
215
11
40
8
213
59
5
159
93
7
215
11
40
8
213
59
5
159
93
7
215
11
40
8
213
59
5
159
93
7
215
11
40
8
213
59
5
159
93
7
215
11
40
8
213
59
5
159
93
7
215
11
40
8
213
59
5
159
93
7
215
11
40
8
213
59
5
159
93
7
215
11
40
8
213
59
5
159
93
7
215
11
40
8
213
59
5
159
93
7
215
11
40
8
213
59
5
159
93
7
215
11
40
8
213
59
5
159
93
7
215
11
40
8
213
59
5
159
93
7
215
11
40
8
213