5
8
40
159
80
213
286
11
58
215
5
8
40
159
80
213
286
11
58
215
5
8
40
159
80
213
286
11
58
215
5
8
40
159
80
213
286
11
58
215
5
8
40
159
80
213
286
11
58
215
5
8
40
159
80
213
286
11
58
215
5
8
40
159
80
213
286
11
58
215
5
8
40
159
80
213
286
11
58
215
5
8
40
159
80
213
286
11
58
215
5
8
40
159
80
213
286
11
58
215
5
8
40
159
80
213
286
11
58
215
5
8
40
159
80
213
286
11
58
215
5
8
40
159
80
213
286
11
58
215
5
8
40
159
80
213
286
11
58
215
5
8
40
159
80
213
286
11
58
215
5
8
40
159
80
213
286
11
58
215
5
8
40
159
80
213
286
11
58
215
5
8
40
159
80
213
286
11
58
215
5
8
40
159
80
213
286
11
58
215
5
8
40
159
80
213
286
11
58
215
5
8
40
159
80
213
286
11
58
215
5
8
40
159
80
213
286
11
58
215
5
8
40
159
80
213
286
11
58
215
5
8
40
159
80
213
286
11
58
215
5
8
40
159
80
213
286
11
58
215
5
8
40
159
80
213
286
11
58
215
5
8
40
159
80
213
286
11
58
215
5
8
40
159
80
213
286
11
58
215
5
8
40
159
80
213
286
11
58
215
5
8
40
159
80
213
286
11
58
215
5
8
40
159
80
213
286
11
58
215
5
8
40
159
80
213
286
11
58
215
5
8
40
159
80
213
286
11
58
215
5
8
40
159
80
213
286
11
58
215
5
8
40
159
80
213
286
11
58
215
5
8
40
159
80
213
286
11
58
215
5
8
40
159
80
213
286
11
58
215
5
8
40
159
80
213
286
11
58
215
5
8
40
159
80
213
286
11
58
215
5
8
40
159
80
213
286
11
58
215
5
8
40
159
80
213
286
11
58
215
5
8
40
159
80
213
286
11
58
215
5
8
40
159
80
213
286
11
58
215
5
8
40
159
80
213
286
11
58
215
5
8
40
159
80
213
286
11
58
215
5
8
40
159
80
213
286
11
58
215
5
8
40
159
80
213
286
11
58
215
5
8
40
159
80
213
286
11
58
215
5
8
40
159
80
213
286
11
58
215
5
8
40
159
80
213
286
11
58
215