11
2
40
286
59
6
213
93
159
58
11
2
40
286
59
6
213
93
159
58
11
2
40
286
59
6
213
93
159
58
11
2
40
286
59
6
213
93
159
58
11
2
40
286
59
6
213
93
159
58
11
2
40
286
59
6
213
93
159
58
11
2
40
286
59
6
213
93
159
58
11
2
40
286
59
6
213
93
159
58
11
2
40
286
59
6
213
93
159
58
11
2
40
286
59
6
213
93
159
58
11
2
40
286
59
6
213
93
159
58
11
2
40
286
59
6
213
93
159
58
11
2
40
286
59
6
213
93
159
58
11
2
40
286
59
6
213
93
159
58
11
2
40
286
59
6
213
93
159
58
11
2
40
286
59
6
213
93
159
58
11
2
40
286
59
6
213
93
159
58
11
2
40
286
59
6
213
93
159
58
11
2
40
286
59
6
213
93
159
58
11
2
40
286
59
6
213
93
159
58
11
2
40
286
59
6
213
93
159
58
11
2
40
286
59
6
213
93
159
58
11
2
40
286
59
6
213
93
159
58
11
2
40
286
59
6
213
93
159
58
11
2
40
286
59
6
213
93
159
58
11
2
40
286
59
6
213
93
159
58
11
2
40
286
59
6
213
93
159
58
11
2
40
286
59
6
213
93
159
58
11
2
40
286
59
6
213
93
159
58
11
2
40
286
59
6
213
93
159
58
11
2
40
286
59
6
213
93
159
58
11
2
40
286
59
6
213
93
159
58
11
2
40
286
59
6
213
93
159
58
11
2
40
286
59
6
213
93
159
58
11
2
40
286
59
6
213
93
159
58
11
2
40
286
59
6
213
93
159
58
11
2
40
286
59
6
213
93
159
58
11
2
40
286
59
6
213
93
159
58
11
2
40
286
59
6
213
93
159
58
11
2
40
286
59
6
213
93
159
58
11
2
40
286
59
6
213
93
159
58
11
2
40
286
59
6
213
93
159
58
11
2
40
286
59
6
213
93
159
58
11
2
40
286
59
6
213
93
159
58
11
2
40
286
59
6
213
93
159
58
11
2
40
286
59
6
213
93
159
58
11
2
40
286
59
6
213
93
159
58
11
2
40
286
59
6
213
93
159
58
11
2
40
286
59
6
213
93
159
58
11
2
40
286
59
6
213
93
159
58