2
105
11
5
213
215
159
6
8
58
2
105
11
5
213
215
159
6
8
58
2
105
11
5
213
215
159
6
8
58
2
105
11
5
213
215
159
6
8
58
2
105
11
5
213
215
159
6
8
58
2
105
11
5
213
215
159
6
8
58
2
105
11
5
213
215
159
6
8
58
2
105
11
5
213
215
159
6
8
58
2
105
11
5
213
215
159
6
8
58
2
105
11
5
213
215
159
6
8
58
2
105
11
5
213
215
159
6
8
58
2
105
11
5
213
215
159
6
8
58
2
105
11
5
213
215
159
6
8
58
2
105
11
5
213
215
159
6
8
58
2
105
11
5
213
215
159
6
8
58
2
105
11
5
213
215
159
6
8
58
2
105
11
5
213
215
159
6
8
58
2
105
11
5
213
215
159
6
8
58
2
105
11
5
213
215
159
6
8
58
2
105
11
5
213
215
159
6
8
58
2
105
11
5
213
215
159
6
8
58
2
105
11
5
213
215
159
6
8
58
2
105
11
5
213
215
159
6
8
58
2
105
11
5
213
215
159
6
8
58
2
105
11
5
213
215
159
6
8
58
2
105
11
5
213
215
159
6
8
58
2
105
11
5
213
215
159
6
8
58
2
105
11
5
213
215
159
6
8
58
2
105
11
5
213
215
159
6
8
58
2
105
11
5
213
215
159
6
8
58
2
105
11
5
213
215
159
6
8
58
2
105
11
5
213
215
159
6
8
58
2
105
11
5
213
215
159
6
8
58
2
105
11
5
213
215
159
6
8
58
2
105
11
5
213
215
159
6
8
58
2
105
11
5
213
215
159
6
8
58
2
105
11
5
213
215
159
6
8
58
2
105
11
5
213
215
159
6
8
58
2
105
11
5
213
215
159
6
8
58
2
105
11
5
213
215
159
6
8
58
2
105
11
5
213
215
159
6
8
58
2
105
11
5
213
215
159
6
8
58
2
105
11
5
213
215
159
6
8
58
2
105
11
5
213
215
159
6
8
58
2
105
11
5
213
215
159
6
8
58
2
105
11
5
213
215
159
6
8
58
2
105
11
5
213
215
159
6
8
58
2
105
11
5
213
215
159
6
8
58
2
105
11
5
213
215
159
6
8
58
2
105
11
5
213
215
159
6
8
58