2
7
58
105
93
286
40
59
6
5
2
7
58
105
93
286
40
59
6
5
2
7
58
105
93
286
40
59
6
5
2
7
58
105
93
286
40
59
6
5
2
7
58
105
93
286
40
59
6
5
2
7
58
105
93
286
40
59
6
5
2
7
58
105
93
286
40
59
6
5
2
7
58
105
93
286
40
59
6
5
2
7
58
105
93
286
40
59
6
5
2
7
58
105
93
286
40
59
6
5
2
7
58
105
93
286
40
59
6
5
2
7
58
105
93
286
40
59
6
5
2
7
58
105
93
286
40
59
6
5
2
7
58
105
93
286
40
59
6
5
2
7
58
105
93
286
40
59
6
5
2
7
58
105
93
286
40
59
6
5
2
7
58
105
93
286
40
59
6
5
2
7
58
105
93
286
40
59
6
5
2
7
58
105
93
286
40
59
6
5
2
7
58
105
93
286
40
59
6
5
2
7
58
105
93
286
40
59
6
5
2
7
58
105
93
286
40
59
6
5
2
7
58
105
93
286
40
59
6
5
2
7
58
105
93
286
40
59
6
5
2
7
58
105
93
286
40
59
6
5
2
7
58
105
93
286
40
59
6
5
2
7
58
105
93
286
40
59
6
5
2
7
58
105
93
286
40
59
6
5
2
7
58
105
93
286
40
59
6
5
2
7
58
105
93
286
40
59
6
5
2
7
58
105
93
286
40
59
6
5
2
7
58
105
93
286
40
59
6
5
2
7
58
105
93
286
40
59
6
5
2
7
58
105
93
286
40
59
6
5
2
7
58
105
93
286
40
59
6
5
2
7
58
105
93
286
40
59
6
5
2
7
58
105
93
286
40
59
6
5
2
7
58
105
93
286
40
59
6
5
2
7
58
105
93
286
40
59
6
5
2
7
58
105
93
286
40
59
6
5
2
7
58
105
93
286
40
59
6
5
2
7
58
105
93
286
40
59
6
5
2
7
58
105
93
286
40
59
6
5
2
7
58
105
93
286
40
59
6
5
2
7
58
105
93
286
40
59
6
5
2
7
58
105
93
286
40
59
6
5
2
7
58
105
93
286
40
59
6
5
2
7
58
105
93
286
40
59
6
5
2
7
58
105
93
286
40
59
6
5
2
7
58
105
93
286
40
59
6
5