215
5
213
40
286
6
58
80
7
159
215
5
213
40
286
6
58
80
7
159
215
5
213
40
286
6
58
80
7
159
215
5
213
40
286
6
58
80
7
159
215
5
213
40
286
6
58
80
7
159
215
5
213
40
286
6
58
80
7
159
215
5
213
40
286
6
58
80
7
159
215
5
213
40
286
6
58
80
7
159
215
5
213
40
286
6
58
80
7
159
215
5
213
40
286
6
58
80
7
159
215
5
213
40
286
6
58
80
7
159
215
5
213
40
286
6
58
80
7
159
215
5
213
40
286
6
58
80
7
159
215
5
213
40
286
6
58
80
7
159
215
5
213
40
286
6
58
80
7
159
215
5
213
40
286
6
58
80
7
159
215
5
213
40
286
6
58
80
7
159
215
5
213
40
286
6
58
80
7
159
215
5
213
40
286
6
58
80
7
159
215
5
213
40
286
6
58
80
7
159
215
5
213
40
286
6
58
80
7
159
215
5
213
40
286
6
58
80
7
159
215
5
213
40
286
6
58
80
7
159
215
5
213
40
286
6
58
80
7
159
215
5
213
40
286
6
58
80
7
159
215
5
213
40
286
6
58
80
7
159
215
5
213
40
286
6
58
80
7
159
215
5
213
40
286
6
58
80
7
159
215
5
213
40
286
6
58
80
7
159
215
5
213
40
286
6
58
80
7
159
215
5
213
40
286
6
58
80
7
159
215
5
213
40
286
6
58
80
7
159
215
5
213
40
286
6
58
80
7
159
215
5
213
40
286
6
58
80
7
159
215
5
213
40
286
6
58
80
7
159
215
5
213
40
286
6
58
80
7
159
215
5
213
40
286
6
58
80
7
159
215
5
213
40
286
6
58
80
7
159
215
5
213
40
286
6
58
80
7
159
215
5
213
40
286
6
58
80
7
159
215
5
213
40
286
6
58
80
7
159
215
5
213
40
286
6
58
80
7
159
215
5
213
40
286
6
58
80
7
159
215
5
213
40
286
6
58
80
7
159
215
5
213
40
286
6
58
80
7
159
215
5
213
40
286
6
58
80
7
159
215
5
213
40
286
6
58
80
7
159
215
5
213
40
286
6
58
80
7
159
215
5
213
40
286
6
58
80
7
159
215
5
213
40
286
6
58
80
7
159