213
93
2
7
80
58
5
40
6
105
213
93
2
7
80
58
5
40
6
105
213
93
2
7
80
58
5
40
6
105
213
93
2
7
80
58
5
40
6
105
213
93
2
7
80
58
5
40
6
105
213
93
2
7
80
58
5
40
6
105
213
93
2
7
80
58
5
40
6
105
213
93
2
7
80
58
5
40
6
105
213
93
2
7
80
58
5
40
6
105
213
93
2
7
80
58
5
40
6
105
213
93
2
7
80
58
5
40
6
105
213
93
2
7
80
58
5
40
6
105
213
93
2
7
80
58
5
40
6
105
213
93
2
7
80
58
5
40
6
105
213
93
2
7
80
58
5
40
6
105
213
93
2
7
80
58
5
40
6
105
213
93
2
7
80
58
5
40
6
105
213
93
2
7
80
58
5
40
6
105
213
93
2
7
80
58
5
40
6
105
213
93
2
7
80
58
5
40
6
105
213
93
2
7
80
58
5
40
6
105
213
93
2
7
80
58
5
40
6
105
213
93
2
7
80
58
5
40
6
105
213
93
2
7
80
58
5
40
6
105
213
93
2
7
80
58
5
40
6
105
213
93
2
7
80
58
5
40
6
105
213
93
2
7
80
58
5
40
6
105
213
93
2
7
80
58
5
40
6
105
213
93
2
7
80
58
5
40
6
105
213
93
2
7
80
58
5
40
6
105
213
93
2
7
80
58
5
40
6
105
213
93
2
7
80
58
5
40
6
105
213
93
2
7
80
58
5
40
6
105
213
93
2
7
80
58
5
40
6
105
213
93
2
7
80
58
5
40
6
105
213
93
2
7
80
58
5
40
6
105
213
93
2
7
80
58
5
40
6
105
213
93
2
7
80
58
5
40
6
105
213
93
2
7
80
58
5
40
6
105
213
93
2
7
80
58
5
40
6
105
213
93
2
7
80
58
5
40
6
105
213
93
2
7
80
58
5
40
6
105
213
93
2
7
80
58
5
40
6
105
213
93
2
7
80
58
5
40
6
105
213
93
2
7
80
58
5
40
6
105
213
93
2
7
80
58
5
40
6
105
213
93
2
7
80
58
5
40
6
105
213
93
2
7
80
58
5
40
6
105
213
93
2
7
80
58
5
40
6
105
213
93
2
7
80
58
5
40
6
105