159
11
80
2
7
59
105
93
215
1
159
11
80
2
7
59
105
93
215
1
159
11
80
2
7
59
105
93
215
1
159
11
80
2
7
59
105
93
215
1
159
11
80
2
7
59
105
93
215
1
159
11
80
2
7
59
105
93
215
1
159
11
80
2
7
59
105
93
215
1
159
11
80
2
7
59
105
93
215
1
159
11
80
2
7
59
105
93
215
1
159
11
80
2
7
59
105
93
215
1
159
11
80
2
7
59
105
93
215
1
159
11
80
2
7
59
105
93
215
1
159
11
80
2
7
59
105
93
215
1
159
11
80
2
7
59
105
93
215
1
159
11
80
2
7
59
105
93
215
1
159
11
80
2
7
59
105
93
215
1
159
11
80
2
7
59
105
93
215
1
159
11
80
2
7
59
105
93
215
1
159
11
80
2
7
59
105
93
215
1
159
11
80
2
7
59
105
93
215
1
159
11
80
2
7
59
105
93
215
1
159
11
80
2
7
59
105
93
215
1
159
11
80
2
7
59
105
93
215
1
159
11
80
2
7
59
105
93
215
1
159
11
80
2
7
59
105
93
215
1
159
11
80
2
7
59
105
93
215
1
159
11
80
2
7
59
105
93
215
1
159
11
80
2
7
59
105
93
215
1
159
11
80
2
7
59
105
93
215
1
159
11
80
2
7
59
105
93
215
1
159
11
80
2
7
59
105
93
215
1
159
11
80
2
7
59
105
93
215
1
159
11
80
2
7
59
105
93
215
1
159
11
80
2
7
59
105
93
215
1
159
11
80
2
7
59
105
93
215
1
159
11
80
2
7
59
105
93
215
1
159
11
80
2
7
59
105
93
215
1
159
11
80
2
7
59
105
93
215
1
159
11
80
2
7
59
105
93
215
1
159
11
80
2
7
59
105
93
215
1
159
11
80
2
7
59
105
93
215
1
159
11
80
2
7
59
105
93
215
1
159
11
80
2
7
59
105
93
215
1
159
11
80
2
7
59
105
93
215
1
159
11
80
2
7
59
105
93
215
1
159
11
80
2
7
59
105
93
215
1
159
11
80
2
7
59
105
93
215
1
159
11
80
2
7
59
105
93
215
1
159
11
80
2
7
59
105
93
215
1
159
11
80
2
7
59
105
93
215
1