5
8
40
1
2
6
59
7
11
286
5
8
40
1
2
6
59
7
11
286
5
8
40
1
2
6
59
7
11
286
5
8
40
1
2
6
59
7
11
286
5
8
40
1
2
6
59
7
11
286
5
8
40
1
2
6
59
7
11
286
5
8
40
1
2
6
59
7
11
286
5
8
40
1
2
6
59
7
11
286
5
8
40
1
2
6
59
7
11
286
5
8
40
1
2
6
59
7
11
286
5
8
40
1
2
6
59
7
11
286
5
8
40
1
2
6
59
7
11
286
5
8
40
1
2
6
59
7
11
286
5
8
40
1
2
6
59
7
11
286
5
8
40
1
2
6
59
7
11
286
5
8
40
1
2
6
59
7
11
286
5
8
40
1
2
6
59
7
11
286
5
8
40
1
2
6
59
7
11
286
5
8
40
1
2
6
59
7
11
286
5
8
40
1
2
6
59
7
11
286
5
8
40
1
2
6
59
7
11
286
5
8
40
1
2
6
59
7
11
286
5
8
40
1
2
6
59
7
11
286
5
8
40
1
2
6
59
7
11
286
5
8
40
1
2
6
59
7
11
286
5
8
40
1
2
6
59
7
11
286
5
8
40
1
2
6
59
7
11
286
5
8
40
1
2
6
59
7
11
286
5
8
40
1
2
6
59
7
11
286
5
8
40
1
2
6
59
7
11
286
5
8
40
1
2
6
59
7
11
286
5
8
40
1
2
6
59
7
11
286
5
8
40
1
2
6
59
7
11
286
5
8
40
1
2
6
59
7
11
286
5
8
40
1
2
6
59
7
11
286
5
8
40
1
2
6
59
7
11
286
5
8
40
1
2
6
59
7
11
286
5
8
40
1
2
6
59
7
11
286
5
8
40
1
2
6
59
7
11
286
5
8
40
1
2
6
59
7
11
286
5
8
40
1
2
6
59
7
11
286
5
8
40
1
2
6
59
7
11
286
5
8
40
1
2
6
59
7
11
286
5
8
40
1
2
6
59
7
11
286
5
8
40
1
2
6
59
7
11
286
5
8
40
1
2
6
59
7
11
286
5
8
40
1
2
6
59
7
11
286
5
8
40
1
2
6
59
7
11
286
5
8
40
1
2
6
59
7
11
286
5
8
40
1
2
6
59
7
11
286