2
58
286
159
6
80
215
213
59
7
2
58
286
159
6
80
215
213
59
7
2
58
286
159
6
80
215
213
59
7
2
58
286
159
6
80
215
213
59
7
2
58
286
159
6
80
215
213
59
7
2
58
286
159
6
80
215
213
59
7
2
58
286
159
6
80
215
213
59
7
2
58
286
159
6
80
215
213
59
7
2
58
286
159
6
80
215
213
59
7
2
58
286
159
6
80
215
213
59
7
2
58
286
159
6
80
215
213
59
7
2
58
286
159
6
80
215
213
59
7
2
58
286
159
6
80
215
213
59
7
2
58
286
159
6
80
215
213
59
7
2
58
286
159
6
80
215
213
59
7
2
58
286
159
6
80
215
213
59
7
2
58
286
159
6
80
215
213
59
7
2
58
286
159
6
80
215
213
59
7
2
58
286
159
6
80
215
213
59
7
2
58
286
159
6
80
215
213
59
7
2
58
286
159
6
80
215
213
59
7
2
58
286
159
6
80
215
213
59
7
2
58
286
159
6
80
215
213
59
7
2
58
286
159
6
80
215
213
59
7
2
58
286
159
6
80
215
213
59
7
2
58
286
159
6
80
215
213
59
7
2
58
286
159
6
80
215
213
59
7
2
58
286
159
6
80
215
213
59
7
2
58
286
159
6
80
215
213
59
7
2
58
286
159
6
80
215
213
59
7
2
58
286
159
6
80
215
213
59
7
2
58
286
159
6
80
215
213
59
7
2
58
286
159
6
80
215
213
59
7
2
58
286
159
6
80
215
213
59
7
2
58
286
159
6
80
215
213
59
7
2
58
286
159
6
80
215
213
59
7
2
58
286
159
6
80
215
213
59
7
2
58
286
159
6
80
215
213
59
7
2
58
286
159
6
80
215
213
59
7
2
58
286
159
6
80
215
213
59
7
2
58
286
159
6
80
215
213
59
7
2
58
286
159
6
80
215
213
59
7
2
58
286
159
6
80
215
213
59
7
2
58
286
159
6
80
215
213
59
7
2
58
286
159
6
80
215
213
59
7
2
58
286
159
6
80
215
213
59
7
2
58
286
159
6
80
215
213
59
7
2
58
286
159
6
80
215
213
59
7
2
58
286
159
6
80
215
213
59
7
2
58
286
159
6
80
215
213
59
7