159
80
59
8
7
215
1
213
6
11
159
80
59
8
7
215
1
213
6
11
159
80
59
8
7
215
1
213
6
11
159
80
59
8
7
215
1
213
6
11
159
80
59
8
7
215
1
213
6
11
159
80
59
8
7
215
1
213
6
11
159
80
59
8
7
215
1
213
6
11
159
80
59
8
7
215
1
213
6
11
159
80
59
8
7
215
1
213
6
11
159
80
59
8
7
215
1
213
6
11
159
80
59
8
7
215
1
213
6
11
159
80
59
8
7
215
1
213
6
11
159
80
59
8
7
215
1
213
6
11
159
80
59
8
7
215
1
213
6
11
159
80
59
8
7
215
1
213
6
11
159
80
59
8
7
215
1
213
6
11
159
80
59
8
7
215
1
213
6
11
159
80
59
8
7
215
1
213
6
11
159
80
59
8
7
215
1
213
6
11
159
80
59
8
7
215
1
213
6
11
159
80
59
8
7
215
1
213
6
11
159
80
59
8
7
215
1
213
6
11
159
80
59
8
7
215
1
213
6
11
159
80
59
8
7
215
1
213
6
11
159
80
59
8
7
215
1
213
6
11
159
80
59
8
7
215
1
213
6
11
159
80
59
8
7
215
1
213
6
11
159
80
59
8
7
215
1
213
6
11
159
80
59
8
7
215
1
213
6
11
159
80
59
8
7
215
1
213
6
11
159
80
59
8
7
215
1
213
6
11
159
80
59
8
7
215
1
213
6
11
159
80
59
8
7
215
1
213
6
11
159
80
59
8
7
215
1
213
6
11
159
80
59
8
7
215
1
213
6
11
159
80
59
8
7
215
1
213
6
11
159
80
59
8
7
215
1
213
6
11
159
80
59
8
7
215
1
213
6
11
159
80
59
8
7
215
1
213
6
11
159
80
59
8
7
215
1
213
6
11
159
80
59
8
7
215
1
213
6
11
159
80
59
8
7
215
1
213
6
11
159
80
59
8
7
215
1
213
6
11
159
80
59
8
7
215
1
213
6
11
159
80
59
8
7
215
1
213
6
11
159
80
59
8
7
215
1
213
6
11
159
80
59
8
7
215
1
213
6
11
159
80
59
8
7
215
1
213
6
11
159
80
59
8
7
215
1
213
6
11
159
80
59
8
7
215
1
213
6
11