5
58
105
7
2
8
286
159
59
11
5
58
105
7
2
8
286
159
59
11
5
58
105
7
2
8
286
159
59
11
5
58
105
7
2
8
286
159
59
11
5
58
105
7
2
8
286
159
59
11
5
58
105
7
2
8
286
159
59
11
5
58
105
7
2
8
286
159
59
11
5
58
105
7
2
8
286
159
59
11
5
58
105
7
2
8
286
159
59
11
5
58
105
7
2
8
286
159
59
11
5
58
105
7
2
8
286
159
59
11
5
58
105
7
2
8
286
159
59
11
5
58
105
7
2
8
286
159
59
11
5
58
105
7
2
8
286
159
59
11
5
58
105
7
2
8
286
159
59
11
5
58
105
7
2
8
286
159
59
11
5
58
105
7
2
8
286
159
59
11
5
58
105
7
2
8
286
159
59
11
5
58
105
7
2
8
286
159
59
11
5
58
105
7
2
8
286
159
59
11
5
58
105
7
2
8
286
159
59
11
5
58
105
7
2
8
286
159
59
11
5
58
105
7
2
8
286
159
59
11
5
58
105
7
2
8
286
159
59
11
5
58
105
7
2
8
286
159
59
11
5
58
105
7
2
8
286
159
59
11
5
58
105
7
2
8
286
159
59
11
5
58
105
7
2
8
286
159
59
11
5
58
105
7
2
8
286
159
59
11
5
58
105
7
2
8
286
159
59
11
5
58
105
7
2
8
286
159
59
11
5
58
105
7
2
8
286
159
59
11
5
58
105
7
2
8
286
159
59
11
5
58
105
7
2
8
286
159
59
11
5
58
105
7
2
8
286
159
59
11
5
58
105
7
2
8
286
159
59
11
5
58
105
7
2
8
286
159
59
11
5
58
105
7
2
8
286
159
59
11
5
58
105
7
2
8
286
159
59
11
5
58
105
7
2
8
286
159
59
11
5
58
105
7
2
8
286
159
59
11
5
58
105
7
2
8
286
159
59
11
5
58
105
7
2
8
286
159
59
11
5
58
105
7
2
8
286
159
59
11
5
58
105
7
2
8
286
159
59
11
5
58
105
7
2
8
286
159
59
11
5
58
105
7
2
8
286
159
59
11
5
58
105
7
2
8
286
159
59
11
5
58
105
7
2
8
286
159
59
11
5
58
105
7
2
8
286
159
59
11