5
93
80
7
105
40
11
286
215
213
5
93
80
7
105
40
11
286
215
213
5
93
80
7
105
40
11
286
215
213
5
93
80
7
105
40
11
286
215
213
5
93
80
7
105
40
11
286
215
213
5
93
80
7
105
40
11
286
215
213
5
93
80
7
105
40
11
286
215
213
5
93
80
7
105
40
11
286
215
213
5
93
80
7
105
40
11
286
215
213
5
93
80
7
105
40
11
286
215
213
5
93
80
7
105
40
11
286
215
213
5
93
80
7
105
40
11
286
215
213
5
93
80
7
105
40
11
286
215
213
5
93
80
7
105
40
11
286
215
213
5
93
80
7
105
40
11
286
215
213
5
93
80
7
105
40
11
286
215
213
5
93
80
7
105
40
11
286
215
213
5
93
80
7
105
40
11
286
215
213
5
93
80
7
105
40
11
286
215
213
5
93
80
7
105
40
11
286
215
213
5
93
80
7
105
40
11
286
215
213
5
93
80
7
105
40
11
286
215
213
5
93
80
7
105
40
11
286
215
213
5
93
80
7
105
40
11
286
215
213
5
93
80
7
105
40
11
286
215
213
5
93
80
7
105
40
11
286
215
213
5
93
80
7
105
40
11
286
215
213
5
93
80
7
105
40
11
286
215
213
5
93
80
7
105
40
11
286
215
213
5
93
80
7
105
40
11
286
215
213
5
93
80
7
105
40
11
286
215
213
5
93
80
7
105
40
11
286
215
213
5
93
80
7
105
40
11
286
215
213
5
93
80
7
105
40
11
286
215
213
5
93
80
7
105
40
11
286
215
213
5
93
80
7
105
40
11
286
215
213
5
93
80
7
105
40
11
286
215
213
5
93
80
7
105
40
11
286
215
213
5
93
80
7
105
40
11
286
215
213
5
93
80
7
105
40
11
286
215
213
5
93
80
7
105
40
11
286
215
213
5
93
80
7
105
40
11
286
215
213
5
93
80
7
105
40
11
286
215
213
5
93
80
7
105
40
11
286
215
213
5
93
80
7
105
40
11
286
215
213
5
93
80
7
105
40
11
286
215
213
5
93
80
7
105
40
11
286
215
213
5
93
80
7
105
40
11
286
215
213
5
93
80
7
105
40
11
286
215
213
5
93
80
7
105
40
11
286
215
213