11
8
105
58
215
159
6
59
40
7
11
8
105
58
215
159
6
59
40
7
11
8
105
58
215
159
6
59
40
7
11
8
105
58
215
159
6
59
40
7
11
8
105
58
215
159
6
59
40
7
11
8
105
58
215
159
6
59
40
7
11
8
105
58
215
159
6
59
40
7
11
8
105
58
215
159
6
59
40
7
11
8
105
58
215
159
6
59
40
7
11
8
105
58
215
159
6
59
40
7
11
8
105
58
215
159
6
59
40
7
11
8
105
58
215
159
6
59
40
7
11
8
105
58
215
159
6
59
40
7
11
8
105
58
215
159
6
59
40
7
11
8
105
58
215
159
6
59
40
7
11
8
105
58
215
159
6
59
40
7
11
8
105
58
215
159
6
59
40
7
11
8
105
58
215
159
6
59
40
7
11
8
105
58
215
159
6
59
40
7
11
8
105
58
215
159
6
59
40
7
11
8
105
58
215
159
6
59
40
7
11
8
105
58
215
159
6
59
40
7
11
8
105
58
215
159
6
59
40
7
11
8
105
58
215
159
6
59
40
7
11
8
105
58
215
159
6
59
40
7
11
8
105
58
215
159
6
59
40
7
11
8
105
58
215
159
6
59
40
7
11
8
105
58
215
159
6
59
40
7
11
8
105
58
215
159
6
59
40
7
11
8
105
58
215
159
6
59
40
7
11
8
105
58
215
159
6
59
40
7
11
8
105
58
215
159
6
59
40
7
11
8
105
58
215
159
6
59
40
7
11
8
105
58
215
159
6
59
40
7
11
8
105
58
215
159
6
59
40
7
11
8
105
58
215
159
6
59
40
7
11
8
105
58
215
159
6
59
40
7
11
8
105
58
215
159
6
59
40
7
11
8
105
58
215
159
6
59
40
7
11
8
105
58
215
159
6
59
40
7
11
8
105
58
215
159
6
59
40
7
11
8
105
58
215
159
6
59
40
7
11
8
105
58
215
159
6
59
40
7
11
8
105
58
215
159
6
59
40
7
11
8
105
58
215
159
6
59
40
7
11
8
105
58
215
159
6
59
40
7
11
8
105
58
215
159
6
59
40
7
11
8
105
58
215
159
6
59
40
7
11
8
105
58
215
159
6
59
40
7
11
8
105
58
215
159
6
59
40
7