2
1
40
59
5
159
58
80
286
7
2
1
40
59
5
159
58
80
286
7
2
1
40
59
5
159
58
80
286
7
2
1
40
59
5
159
58
80
286
7
2
1
40
59
5
159
58
80
286
7
2
1
40
59
5
159
58
80
286
7
2
1
40
59
5
159
58
80
286
7
2
1
40
59
5
159
58
80
286
7
2
1
40
59
5
159
58
80
286
7
2
1
40
59
5
159
58
80
286
7
2
1
40
59
5
159
58
80
286
7
2
1
40
59
5
159
58
80
286
7
2
1
40
59
5
159
58
80
286
7
2
1
40
59
5
159
58
80
286
7
2
1
40
59
5
159
58
80
286
7
2
1
40
59
5
159
58
80
286
7
2
1
40
59
5
159
58
80
286
7
2
1
40
59
5
159
58
80
286
7
2
1
40
59
5
159
58
80
286
7
2
1
40
59
5
159
58
80
286
7
2
1
40
59
5
159
58
80
286
7
2
1
40
59
5
159
58
80
286
7
2
1
40
59
5
159
58
80
286
7
2
1
40
59
5
159
58
80
286
7
2
1
40
59
5
159
58
80
286
7
2
1
40
59
5
159
58
80
286
7
2
1
40
59
5
159
58
80
286
7
2
1
40
59
5
159
58
80
286
7
2
1
40
59
5
159
58
80
286
7
2
1
40
59
5
159
58
80
286
7
2
1
40
59
5
159
58
80
286
7
2
1
40
59
5
159
58
80
286
7
2
1
40
59
5
159
58
80
286
7
2
1
40
59
5
159
58
80
286
7
2
1
40
59
5
159
58
80
286
7
2
1
40
59
5
159
58
80
286
7
2
1
40
59
5
159
58
80
286
7
2
1
40
59
5
159
58
80
286
7
2
1
40
59
5
159
58
80
286
7
2
1
40
59
5
159
58
80
286
7
2
1
40
59
5
159
58
80
286
7
2
1
40
59
5
159
58
80
286
7
2
1
40
59
5
159
58
80
286
7
2
1
40
59
5
159
58
80
286
7
2
1
40
59
5
159
58
80
286
7
2
1
40
59
5
159
58
80
286
7
2
1
40
59
5
159
58
80
286
7
2
1
40
59
5
159
58
80
286
7
2
1
40
59
5
159
58
80
286
7
2
1
40
59
5
159
58
80
286
7