59
1
213
7
40
5
286
6
215
93
59
1
213
7
40
5
286
6
215
93
59
1
213
7
40
5
286
6
215
93
59
1
213
7
40
5
286
6
215
93
59
1
213
7
40
5
286
6
215
93
59
1
213
7
40
5
286
6
215
93
59
1
213
7
40
5
286
6
215
93
59
1
213
7
40
5
286
6
215
93
59
1
213
7
40
5
286
6
215
93
59
1
213
7
40
5
286
6
215
93
59
1
213
7
40
5
286
6
215
93
59
1
213
7
40
5
286
6
215
93
59
1
213
7
40
5
286
6
215
93
59
1
213
7
40
5
286
6
215
93
59
1
213
7
40
5
286
6
215
93
59
1
213
7
40
5
286
6
215
93
59
1
213
7
40
5
286
6
215
93
59
1
213
7
40
5
286
6
215
93
59
1
213
7
40
5
286
6
215
93
59
1
213
7
40
5
286
6
215
93
59
1
213
7
40
5
286
6
215
93
59
1
213
7
40
5
286
6
215
93
59
1
213
7
40
5
286
6
215
93
59
1
213
7
40
5
286
6
215
93
59
1
213
7
40
5
286
6
215
93
59
1
213
7
40
5
286
6
215
93
59
1
213
7
40
5
286
6
215
93
59
1
213
7
40
5
286
6
215
93
59
1
213
7
40
5
286
6
215
93
59
1
213
7
40
5
286
6
215
93
59
1
213
7
40
5
286
6
215
93
59
1
213
7
40
5
286
6
215
93
59
1
213
7
40
5
286
6
215
93
59
1
213
7
40
5
286
6
215
93
59
1
213
7
40
5
286
6
215
93
59
1
213
7
40
5
286
6
215
93
59
1
213
7
40
5
286
6
215
93
59
1
213
7
40
5
286
6
215
93
59
1
213
7
40
5
286
6
215
93
59
1
213
7
40
5
286
6
215
93
59
1
213
7
40
5
286
6
215
93
59
1
213
7
40
5
286
6
215
93
59
1
213
7
40
5
286
6
215
93
59
1
213
7
40
5
286
6
215
93
59
1
213
7
40
5
286
6
215
93
59
1
213
7
40
5
286
6
215
93
59
1
213
7
40
5
286
6
215
93
59
1
213
7
40
5
286
6
215
93
59
1
213
7
40
5
286
6
215
93
59
1
213
7
40
5
286
6
215
93