215
8
11
159
105
59
286
80
1
58
215
8
11
159
105
59
286
80
1
58
215
8
11
159
105
59
286
80
1
58
215
8
11
159
105
59
286
80
1
58
215
8
11
159
105
59
286
80
1
58
215
8
11
159
105
59
286
80
1
58
215
8
11
159
105
59
286
80
1
58
215
8
11
159
105
59
286
80
1
58
215
8
11
159
105
59
286
80
1
58
215
8
11
159
105
59
286
80
1
58
215
8
11
159
105
59
286
80
1
58
215
8
11
159
105
59
286
80
1
58
215
8
11
159
105
59
286
80
1
58
215
8
11
159
105
59
286
80
1
58
215
8
11
159
105
59
286
80
1
58
215
8
11
159
105
59
286
80
1
58
215
8
11
159
105
59
286
80
1
58
215
8
11
159
105
59
286
80
1
58
215
8
11
159
105
59
286
80
1
58
215
8
11
159
105
59
286
80
1
58
215
8
11
159
105
59
286
80
1
58
215
8
11
159
105
59
286
80
1
58
215
8
11
159
105
59
286
80
1
58
215
8
11
159
105
59
286
80
1
58
215
8
11
159
105
59
286
80
1
58
215
8
11
159
105
59
286
80
1
58
215
8
11
159
105
59
286
80
1
58
215
8
11
159
105
59
286
80
1
58
215
8
11
159
105
59
286
80
1
58
215
8
11
159
105
59
286
80
1
58
215
8
11
159
105
59
286
80
1
58
215
8
11
159
105
59
286
80
1
58
215
8
11
159
105
59
286
80
1
58
215
8
11
159
105
59
286
80
1
58
215
8
11
159
105
59
286
80
1
58
215
8
11
159
105
59
286
80
1
58
215
8
11
159
105
59
286
80
1
58
215
8
11
159
105
59
286
80
1
58
215
8
11
159
105
59
286
80
1
58
215
8
11
159
105
59
286
80
1
58
215
8
11
159
105
59
286
80
1
58
215
8
11
159
105
59
286
80
1
58
215
8
11
159
105
59
286
80
1
58
215
8
11
159
105
59
286
80
1
58
215
8
11
159
105
59
286
80
1
58
215
8
11
159
105
59
286
80
1
58
215
8
11
159
105
59
286
80
1
58
215
8
11
159
105
59
286
80
1
58
215
8
11
159
105
59
286
80
1
58
215
8
11
159
105
59
286
80
1
58