215
5
58
105
2
80
6
11
40
7
215
5
58
105
2
80
6
11
40
7
215
5
58
105
2
80
6
11
40
7
215
5
58
105
2
80
6
11
40
7
215
5
58
105
2
80
6
11
40
7
215
5
58
105
2
80
6
11
40
7
215
5
58
105
2
80
6
11
40
7
215
5
58
105
2
80
6
11
40
7
215
5
58
105
2
80
6
11
40
7
215
5
58
105
2
80
6
11
40
7
215
5
58
105
2
80
6
11
40
7
215
5
58
105
2
80
6
11
40
7
215
5
58
105
2
80
6
11
40
7
215
5
58
105
2
80
6
11
40
7
215
5
58
105
2
80
6
11
40
7
215
5
58
105
2
80
6
11
40
7
215
5
58
105
2
80
6
11
40
7
215
5
58
105
2
80
6
11
40
7
215
5
58
105
2
80
6
11
40
7
215
5
58
105
2
80
6
11
40
7
215
5
58
105
2
80
6
11
40
7
215
5
58
105
2
80
6
11
40
7
215
5
58
105
2
80
6
11
40
7
215
5
58
105
2
80
6
11
40
7
215
5
58
105
2
80
6
11
40
7
215
5
58
105
2
80
6
11
40
7
215
5
58
105
2
80
6
11
40
7
215
5
58
105
2
80
6
11
40
7
215
5
58
105
2
80
6
11
40
7
215
5
58
105
2
80
6
11
40
7
215
5
58
105
2
80
6
11
40
7
215
5
58
105
2
80
6
11
40
7
215
5
58
105
2
80
6
11
40
7
215
5
58
105
2
80
6
11
40
7
215
5
58
105
2
80
6
11
40
7
215
5
58
105
2
80
6
11
40
7
215
5
58
105
2
80
6
11
40
7
215
5
58
105
2
80
6
11
40
7
215
5
58
105
2
80
6
11
40
7
215
5
58
105
2
80
6
11
40
7
215
5
58
105
2
80
6
11
40
7
215
5
58
105
2
80
6
11
40
7
215
5
58
105
2
80
6
11
40
7
215
5
58
105
2
80
6
11
40
7
215
5
58
105
2
80
6
11
40
7
215
5
58
105
2
80
6
11
40
7
215
5
58
105
2
80
6
11
40
7
215
5
58
105
2
80
6
11
40
7
215
5
58
105
2
80
6
11
40
7
215
5
58
105
2
80
6
11
40
7