59
159
93
7
5
2
6
213
215
286
59
159
93
7
5
2
6
213
215
286
59
159
93
7
5
2
6
213
215
286
59
159
93
7
5
2
6
213
215
286
59
159
93
7
5
2
6
213
215
286
59
159
93
7
5
2
6
213
215
286
59
159
93
7
5
2
6
213
215
286
59
159
93
7
5
2
6
213
215
286
59
159
93
7
5
2
6
213
215
286
59
159
93
7
5
2
6
213
215
286
59
159
93
7
5
2
6
213
215
286
59
159
93
7
5
2
6
213
215
286
59
159
93
7
5
2
6
213
215
286
59
159
93
7
5
2
6
213
215
286
59
159
93
7
5
2
6
213
215
286
59
159
93
7
5
2
6
213
215
286
59
159
93
7
5
2
6
213
215
286
59
159
93
7
5
2
6
213
215
286
59
159
93
7
5
2
6
213
215
286
59
159
93
7
5
2
6
213
215
286
59
159
93
7
5
2
6
213
215
286
59
159
93
7
5
2
6
213
215
286
59
159
93
7
5
2
6
213
215
286
59
159
93
7
5
2
6
213
215
286
59
159
93
7
5
2
6
213
215
286
59
159
93
7
5
2
6
213
215
286
59
159
93
7
5
2
6
213
215
286
59
159
93
7
5
2
6
213
215
286
59
159
93
7
5
2
6
213
215
286
59
159
93
7
5
2
6
213
215
286
59
159
93
7
5
2
6
213
215
286
59
159
93
7
5
2
6
213
215
286
59
159
93
7
5
2
6
213
215
286
59
159
93
7
5
2
6
213
215
286
59
159
93
7
5
2
6
213
215
286
59
159
93
7
5
2
6
213
215
286
59
159
93
7
5
2
6
213
215
286
59
159
93
7
5
2
6
213
215
286
59
159
93
7
5
2
6
213
215
286
59
159
93
7
5
2
6
213
215
286
59
159
93
7
5
2
6
213
215
286
59
159
93
7
5
2
6
213
215
286
59
159
93
7
5
2
6
213
215
286
59
159
93
7
5
2
6
213
215
286
59
159
93
7
5
2
6
213
215
286
59
159
93
7
5
2
6
213
215
286
59
159
93
7
5
2
6
213
215
286
59
159
93
7
5
2
6
213
215
286
59
159
93
7
5
2
6
213
215
286
59
159
93
7
5
2
6
213
215
286