11
93
2
215
8
6
286
7
80
1
11
93
2
215
8
6
286
7
80
1
11
93
2
215
8
6
286
7
80
1
11
93
2
215
8
6
286
7
80
1
11
93
2
215
8
6
286
7
80
1
11
93
2
215
8
6
286
7
80
1
11
93
2
215
8
6
286
7
80
1
11
93
2
215
8
6
286
7
80
1
11
93
2
215
8
6
286
7
80
1
11
93
2
215
8
6
286
7
80
1
11
93
2
215
8
6
286
7
80
1
11
93
2
215
8
6
286
7
80
1
11
93
2
215
8
6
286
7
80
1
11
93
2
215
8
6
286
7
80
1
11
93
2
215
8
6
286
7
80
1
11
93
2
215
8
6
286
7
80
1
11
93
2
215
8
6
286
7
80
1
11
93
2
215
8
6
286
7
80
1
11
93
2
215
8
6
286
7
80
1
11
93
2
215
8
6
286
7
80
1
11
93
2
215
8
6
286
7
80
1
11
93
2
215
8
6
286
7
80
1
11
93
2
215
8
6
286
7
80
1
11
93
2
215
8
6
286
7
80
1
11
93
2
215
8
6
286
7
80
1
11
93
2
215
8
6
286
7
80
1
11
93
2
215
8
6
286
7
80
1
11
93
2
215
8
6
286
7
80
1
11
93
2
215
8
6
286
7
80
1
11
93
2
215
8
6
286
7
80
1
11
93
2
215
8
6
286
7
80
1
11
93
2
215
8
6
286
7
80
1
11
93
2
215
8
6
286
7
80
1
11
93
2
215
8
6
286
7
80
1
11
93
2
215
8
6
286
7
80
1
11
93
2
215
8
6
286
7
80
1
11
93
2
215
8
6
286
7
80
1
11
93
2
215
8
6
286
7
80
1
11
93
2
215
8
6
286
7
80
1
11
93
2
215
8
6
286
7
80
1
11
93
2
215
8
6
286
7
80
1
11
93
2
215
8
6
286
7
80
1
11
93
2
215
8
6
286
7
80
1
11
93
2
215
8
6
286
7
80
1
11
93
2
215
8
6
286
7
80
1
11
93
2
215
8
6
286
7
80
1
11
93
2
215
8
6
286
7
80
1
11
93
2
215
8
6
286
7
80
1
11
93
2
215
8
6
286
7
80
1
11
93
2
215
8
6
286
7
80
1