40
2
5
286
7
80
159
215
11
8
40
2
5
286
7
80
159
215
11
8
40
2
5
286
7
80
159
215
11
8
40
2
5
286
7
80
159
215
11
8
40
2
5
286
7
80
159
215
11
8
40
2
5
286
7
80
159
215
11
8
40
2
5
286
7
80
159
215
11
8
40
2
5
286
7
80
159
215
11
8
40
2
5
286
7
80
159
215
11
8
40
2
5
286
7
80
159
215
11
8
40
2
5
286
7
80
159
215
11
8
40
2
5
286
7
80
159
215
11
8
40
2
5
286
7
80
159
215
11
8
40
2
5
286
7
80
159
215
11
8
40
2
5
286
7
80
159
215
11
8
40
2
5
286
7
80
159
215
11
8
40
2
5
286
7
80
159
215
11
8
40
2
5
286
7
80
159
215
11
8
40
2
5
286
7
80
159
215
11
8
40
2
5
286
7
80
159
215
11
8
40
2
5
286
7
80
159
215
11
8
40
2
5
286
7
80
159
215
11
8
40
2
5
286
7
80
159
215
11
8
40
2
5
286
7
80
159
215
11
8
40
2
5
286
7
80
159
215
11
8
40
2
5
286
7
80
159
215
11
8
40
2
5
286
7
80
159
215
11
8
40
2
5
286
7
80
159
215
11
8
40
2
5
286
7
80
159
215
11
8
40
2
5
286
7
80
159
215
11
8
40
2
5
286
7
80
159
215
11
8
40
2
5
286
7
80
159
215
11
8
40
2
5
286
7
80
159
215
11
8
40
2
5
286
7
80
159
215
11
8
40
2
5
286
7
80
159
215
11
8
40
2
5
286
7
80
159
215
11
8
40
2
5
286
7
80
159
215
11
8
40
2
5
286
7
80
159
215
11
8
40
2
5
286
7
80
159
215
11
8
40
2
5
286
7
80
159
215
11
8
40
2
5
286
7
80
159
215
11
8
40
2
5
286
7
80
159
215
11
8
40
2
5
286
7
80
159
215
11
8
40
2
5
286
7
80
159
215
11
8
40
2
5
286
7
80
159
215
11
8
40
2
5
286
7
80
159
215
11
8
40
2
5
286
7
80
159
215
11
8
40
2
5
286
7
80
159
215
11
8
40
2
5
286
7
80
159
215
11
8
40
2
5
286
7
80
159
215
11
8