215
59
213
58
93
159
5
286
105
40
215
59
213
58
93
159
5
286
105
40
215
59
213
58
93
159
5
286
105
40
215
59
213
58
93
159
5
286
105
40
215
59
213
58
93
159
5
286
105
40
215
59
213
58
93
159
5
286
105
40
215
59
213
58
93
159
5
286
105
40
215
59
213
58
93
159
5
286
105
40
215
59
213
58
93
159
5
286
105
40
215
59
213
58
93
159
5
286
105
40
215
59
213
58
93
159
5
286
105
40
215
59
213
58
93
159
5
286
105
40
215
59
213
58
93
159
5
286
105
40
215
59
213
58
93
159
5
286
105
40
215
59
213
58
93
159
5
286
105
40
215
59
213
58
93
159
5
286
105
40
215
59
213
58
93
159
5
286
105
40
215
59
213
58
93
159
5
286
105
40
215
59
213
58
93
159
5
286
105
40
215
59
213
58
93
159
5
286
105
40
215
59
213
58
93
159
5
286
105
40
215
59
213
58
93
159
5
286
105
40
215
59
213
58
93
159
5
286
105
40
215
59
213
58
93
159
5
286
105
40
215
59
213
58
93
159
5
286
105
40
215
59
213
58
93
159
5
286
105
40
215
59
213
58
93
159
5
286
105
40
215
59
213
58
93
159
5
286
105
40
215
59
213
58
93
159
5
286
105
40
215
59
213
58
93
159
5
286
105
40
215
59
213
58
93
159
5
286
105
40
215
59
213
58
93
159
5
286
105
40
215
59
213
58
93
159
5
286
105
40
215
59
213
58
93
159
5
286
105
40
215
59
213
58
93
159
5
286
105
40
215
59
213
58
93
159
5
286
105
40
215
59
213
58
93
159
5
286
105
40
215
59
213
58
93
159
5
286
105
40
215
59
213
58
93
159
5
286
105
40
215
59
213
58
93
159
5
286
105
40
215
59
213
58
93
159
5
286
105
40
215
59
213
58
93
159
5
286
105
40
215
59
213
58
93
159
5
286
105
40
215
59
213
58
93
159
5
286
105
40
215
59
213
58
93
159
5
286
105
40
215
59
213
58
93
159
5
286
105
40
215
59
213
58
93
159
5
286
105
40
215
59
213
58
93
159
5
286
105
40
215
59
213
58
93
159
5
286
105
40
215
59
213
58
93
159
5
286
105
40