6
2
1
40
93
11
5
213
80
201
6
2
1
40
93
11
5
213
80
201
6
2
1
40
93
11
5
213
80
201
6
2
1
40
93
11
5
213
80
201
6
2
1
40
93
11
5
213
80
201
6
2
1
40
93
11
5
213
80
201
6
2
1
40
93
11
5
213
80
201
6
2
1
40
93
11
5
213
80
201
6
2
1
40
93
11
5
213
80
201
6
2
1
40
93
11
5
213
80
201
6
2
1
40
93
11
5
213
80
201
6
2
1
40
93
11
5
213
80
201
6
2
1
40
93
11
5
213
80
201
6
2
1
40
93
11
5
213
80
201
6
2
1
40
93
11
5
213
80
201
6
2
1
40
93
11
5
213
80
201
6
2
1
40
93
11
5
213
80
201
6
2
1
40
93
11
5
213
80
201
6
2
1
40
93
11
5
213
80
201
6
2
1
40
93
11
5
213
80
201
6
2
1
40
93
11
5
213
80
201
6
2
1
40
93
11
5
213
80
201
6
2
1
40
93
11
5
213
80
201
6
2
1
40
93
11
5
213
80
201
6
2
1
40
93
11
5
213
80
201
6
2
1
40
93
11
5
213
80
201
6
2
1
40
93
11
5
213
80
201
6
2
1
40
93
11
5
213
80
201
6
2
1
40
93
11
5
213
80
201
6
2
1
40
93
11
5
213
80
201
6
2
1
40
93
11
5
213
80
201
6
2
1
40
93
11
5
213
80
201
6
2
1
40
93
11
5
213
80
201
6
2
1
40
93
11
5
213
80
201
6
2
1
40
93
11
5
213
80
201
6
2
1
40
93
11
5
213
80
201
6
2
1
40
93
11
5
213
80
201
6
2
1
40
93
11
5
213
80
201
6
2
1
40
93
11
5
213
80
201
6
2
1
40
93
11
5
213
80
201
6
2
1
40
93
11
5
213
80
201
6
2
1
40
93
11
5
213
80
201
6
2
1
40
93
11
5
213
80
201
6
2
1
40
93
11
5
213
80
201
6
2
1
40
93
11
5
213
80
201
6
2
1
40
93
11
5
213
80
201
6
2
1
40
93
11
5
213
80
201
6
2
1
40
93
11
5
213
80
201
6
2
1
40
93
11
5
213
80
201
6
2
1
40
93
11
5
213
80
201