6
2
59
1
40
11
5
213
80
201
6
2
59
1
40
11
5
213
80
201
6
2
59
1
40
11
5
213
80
201
6
2
59
1
40
11
5
213
80
201
6
2
59
1
40
11
5
213
80
201
6
2
59
1
40
11
5
213
80
201
6
2
59
1
40
11
5
213
80
201
6
2
59
1
40
11
5
213
80
201
6
2
59
1
40
11
5
213
80
201
6
2
59
1
40
11
5
213
80
201
6
2
59
1
40
11
5
213
80
201
6
2
59
1
40
11
5
213
80
201
6
2
59
1
40
11
5
213
80
201
6
2
59
1
40
11
5
213
80
201
6
2
59
1
40
11
5
213
80
201
6
2
59
1
40
11
5
213
80
201
6
2
59
1
40
11
5
213
80
201
6
2
59
1
40
11
5
213
80
201
6
2
59
1
40
11
5
213
80
201
6
2
59
1
40
11
5
213
80
201
6
2
59
1
40
11
5
213
80
201
6
2
59
1
40
11
5
213
80
201
6
2
59
1
40
11
5
213
80
201
6
2
59
1
40
11
5
213
80
201
6
2
59
1
40
11
5
213
80
201
6
2
59
1
40
11
5
213
80
201
6
2
59
1
40
11
5
213
80
201
6
2
59
1
40
11
5
213
80
201
6
2
59
1
40
11
5
213
80
201
6
2
59
1
40
11
5
213
80
201
6
2
59
1
40
11
5
213
80
201
6
2
59
1
40
11
5
213
80
201
6
2
59
1
40
11
5
213
80
201
6
2
59
1
40
11
5
213
80
201
6
2
59
1
40
11
5
213
80
201
6
2
59
1
40
11
5
213
80
201
6
2
59
1
40
11
5
213
80
201
6
2
59
1
40
11
5
213
80
201
6
2
59
1
40
11
5
213
80
201
6
2
59
1
40
11
5
213
80
201
6
2
59
1
40
11
5
213
80
201
6
2
59
1
40
11
5
213
80
201
6
2
59
1
40
11
5
213
80
201
6
2
59
1
40
11
5
213
80
201
6
2
59
1
40
11
5
213
80
201
6
2
59
1
40
11
5
213
80
201
6
2
59
1
40
11
5
213
80
201
6
2
59
1
40
11
5
213
80
201
6
2
59
1
40
11
5
213
80
201
6
2
59
1
40
11
5
213
80
201