6
2
59
1
93
11
5
213
80
159
6
2
59
1
93
11
5
213
80
159
6
2
59
1
93
11
5
213
80
159
6
2
59
1
93
11
5
213
80
159
6
2
59
1
93
11
5
213
80
159
6
2
59
1
93
11
5
213
80
159
6
2
59
1
93
11
5
213
80
159
6
2
59
1
93
11
5
213
80
159
6
2
59
1
93
11
5
213
80
159
6
2
59
1
93
11
5
213
80
159
6
2
59
1
93
11
5
213
80
159
6
2
59
1
93
11
5
213
80
159
6
2
59
1
93
11
5
213
80
159
6
2
59
1
93
11
5
213
80
159
6
2
59
1
93
11
5
213
80
159
6
2
59
1
93
11
5
213
80
159
6
2
59
1
93
11
5
213
80
159
6
2
59
1
93
11
5
213
80
159
6
2
59
1
93
11
5
213
80
159
6
2
59
1
93
11
5
213
80
159
6
2
59
1
93
11
5
213
80
159
6
2
59
1
93
11
5
213
80
159
6
2
59
1
93
11
5
213
80
159
6
2
59
1
93
11
5
213
80
159
6
2
59
1
93
11
5
213
80
159
6
2
59
1
93
11
5
213
80
159
6
2
59
1
93
11
5
213
80
159
6
2
59
1
93
11
5
213
80
159
6
2
59
1
93
11
5
213
80
159
6
2
59
1
93
11
5
213
80
159
6
2
59
1
93
11
5
213
80
159
6
2
59
1
93
11
5
213
80
159
6
2
59
1
93
11
5
213
80
159
6
2
59
1
93
11
5
213
80
159
6
2
59
1
93
11
5
213
80
159
6
2
59
1
93
11
5
213
80
159
6
2
59
1
93
11
5
213
80
159
6
2
59
1
93
11
5
213
80
159
6
2
59
1
93
11
5
213
80
159
6
2
59
1
93
11
5
213
80
159
6
2
59
1
93
11
5
213
80
159
6
2
59
1
93
11
5
213
80
159
6
2
59
1
93
11
5
213
80
159
6
2
59
1
93
11
5
213
80
159
6
2
59
1
93
11
5
213
80
159
6
2
59
1
93
11
5
213
80
159
6
2
59
1
93
11
5
213
80
159
6
2
59
1
93
11
5
213
80
159
6
2
59
1
93
11
5
213
80
159
6
2
59
1
93
11
5
213
80
159