6
59
1
40
93
11
5
213
80
201
6
59
1
40
93
11
5
213
80
201
6
59
1
40
93
11
5
213
80
201
6
59
1
40
93
11
5
213
80
201
6
59
1
40
93
11
5
213
80
201
6
59
1
40
93
11
5
213
80
201
6
59
1
40
93
11
5
213
80
201
6
59
1
40
93
11
5
213
80
201
6
59
1
40
93
11
5
213
80
201
6
59
1
40
93
11
5
213
80
201
6
59
1
40
93
11
5
213
80
201
6
59
1
40
93
11
5
213
80
201
6
59
1
40
93
11
5
213
80
201
6
59
1
40
93
11
5
213
80
201
6
59
1
40
93
11
5
213
80
201
6
59
1
40
93
11
5
213
80
201
6
59
1
40
93
11
5
213
80
201
6
59
1
40
93
11
5
213
80
201
6
59
1
40
93
11
5
213
80
201
6
59
1
40
93
11
5
213
80
201
6
59
1
40
93
11
5
213
80
201
6
59
1
40
93
11
5
213
80
201
6
59
1
40
93
11
5
213
80
201
6
59
1
40
93
11
5
213
80
201
6
59
1
40
93
11
5
213
80
201
6
59
1
40
93
11
5
213
80
201
6
59
1
40
93
11
5
213
80
201
6
59
1
40
93
11
5
213
80
201
6
59
1
40
93
11
5
213
80
201
6
59
1
40
93
11
5
213
80
201
6
59
1
40
93
11
5
213
80
201
6
59
1
40
93
11
5
213
80
201
6
59
1
40
93
11
5
213
80
201
6
59
1
40
93
11
5
213
80
201
6
59
1
40
93
11
5
213
80
201
6
59
1
40
93
11
5
213
80
201
6
59
1
40
93
11
5
213
80
201
6
59
1
40
93
11
5
213
80
201
6
59
1
40
93
11
5
213
80
201
6
59
1
40
93
11
5
213
80
201
6
59
1
40
93
11
5
213
80
201
6
59
1
40
93
11
5
213
80
201
6
59
1
40
93
11
5
213
80
201
6
59
1
40
93
11
5
213
80
201
6
59
1
40
93
11
5
213
80
201
6
59
1
40
93
11
5
213
80
201
6
59
1
40
93
11
5
213
80
201
6
59
1
40
93
11
5
213
80
201
6
59
1
40
93
11
5
213
80
201
6
59
1
40
93
11
5
213
80
201