6
2
59
40
93
5
213
80
201
159
6
2
59
40
93
5
213
80
201
159
6
2
59
40
93
5
213
80
201
159
6
2
59
40
93
5
213
80
201
159
6
2
59
40
93
5
213
80
201
159
6
2
59
40
93
5
213
80
201
159
6
2
59
40
93
5
213
80
201
159
6
2
59
40
93
5
213
80
201
159
6
2
59
40
93
5
213
80
201
159
6
2
59
40
93
5
213
80
201
159
6
2
59
40
93
5
213
80
201
159
6
2
59
40
93
5
213
80
201
159
6
2
59
40
93
5
213
80
201
159
6
2
59
40
93
5
213
80
201
159
6
2
59
40
93
5
213
80
201
159
6
2
59
40
93
5
213
80
201
159
6
2
59
40
93
5
213
80
201
159
6
2
59
40
93
5
213
80
201
159
6
2
59
40
93
5
213
80
201
159
6
2
59
40
93
5
213
80
201
159
6
2
59
40
93
5
213
80
201
159
6
2
59
40
93
5
213
80
201
159
6
2
59
40
93
5
213
80
201
159
6
2
59
40
93
5
213
80
201
159
6
2
59
40
93
5
213
80
201
159
6
2
59
40
93
5
213
80
201
159
6
2
59
40
93
5
213
80
201
159
6
2
59
40
93
5
213
80
201
159
6
2
59
40
93
5
213
80
201
159
6
2
59
40
93
5
213
80
201
159
6
2
59
40
93
5
213
80
201
159
6
2
59
40
93
5
213
80
201
159
6
2
59
40
93
5
213
80
201
159
6
2
59
40
93
5
213
80
201
159
6
2
59
40
93
5
213
80
201
159
6
2
59
40
93
5
213
80
201
159
6
2
59
40
93
5
213
80
201
159
6
2
59
40
93
5
213
80
201
159
6
2
59
40
93
5
213
80
201
159
6
2
59
40
93
5
213
80
201
159
6
2
59
40
93
5
213
80
201
159
6
2
59
40
93
5
213
80
201
159
6
2
59
40
93
5
213
80
201
159
6
2
59
40
93
5
213
80
201
159
6
2
59
40
93
5
213
80
201
159
6
2
59
40
93
5
213
80
201
159
6
2
59
40
93
5
213
80
201
159
6
2
59
40
93
5
213
80
201
159
6
2
59
40
93
5
213
80
201
159
6
2
59
40
93
5
213
80
201
159