269
71
1949
234
562
51
31
1672
758
60
299
1144
75
911
939
598
225
1107
663
587
568
157
359
2172
40
269
71
1949
234
562
51
31
1672
758
60
299
1144
75
911
939
598
225
1107
663
587
568
157
359
2172
40
269
71
1949
234
562
51
31
1672
758
60
299
1144
75
911
939
598
225
1107
663
587
568
157
359
2172
40
269
71
1949
234
562
51
31
1672
758
60
299
1144
75
911
939
598
225
1107
663
587
568
157
359
2172
40
269
71
1949
234
562
51
31
1672
758
60
299
1144
75
911
939
598
225
1107
663
587
568
157
359
2172
40
269
71
1949
234
562
51
31
1672
758
60
299
1144
75
911
939
598
225
1107
663
587
568
157
359
2172
40
269
71
1949
234
562
51
31
1672
758
60
299
1144
75
911
939
598
225
1107
663
587
568
157
359
2172
40
269
71
1949
234
562
51
31
1672
758
60
299
1144
75
911
939
598
225
1107
663
587
568
157
359
2172
40
269
71
1949
234
562
51
31
1672
758
60
299
1144
75
911
939
598
225
1107
663
587
568
157
359
2172
40
269
71
1949
234
562
51
31
1672
758
60
299
1144
75
911
939
598
225
1107
663
587
568
157
359
2172
40
269
71
1949
234
562
51
31
1672
758
60
299
1144
75
911
939
598
225
1107
663
587
568
157
359
2172
40
269
71
1949
234
562
51
31
1672
758
60
299
1144
75
911
939
598
225
1107
663
587
568
157
359
2172
40
269
71
1949
234
562
51
31
1672
758
60
299
1144
75
911
939
598
225
1107
663
587
568
157
359
2172
40
269
71
1949
234
562
51
31
1672
758
60
299
1144
75
911
939
598
225
1107
663
587
568
157
359
2172
40
269
71
1949
234
562
51
31
1672
758
60
299
1144
75
911
939
598
225
1107
663
587
568
157
359
2172
40
269
71
1949
234
562
51
31
1672
758
60
299
1144
75
911
939
598
225
1107
663
587
568
157
359
2172
40
269
71
1949
234
562
51
31
1672
758
60
299
1144
75
911
939
598
225
1107
663
587
568
157
359
2172
40
269
71
1949
234
562
51
31
1672
758
60
299
1144
75
911
939
598
225
1107
663
587
568
157
359
2172
40
269
71
1949
234
562
51
31
1672
758
60
299
1144
75
911
939
598
225
1107
663
587
568
157
359
2172
40
269
71
1949
234
562
51
31
1672
758
60
299
1144
75
911
939
598
225
1107
663
587
568
157
359
2172
40
269
71
1949
234
562
51
31
1672
758
60
299
1144
75
911
939
598
225
1107
663
587
568
157
359
2172
40
269
71
1949
234
562
51
31
1672
758
60
299
1144
75
911
939
598
225
1107
663
587
568
157
359
2172
40
269
71
1949
234
562
51
31
1672
758
60
299
1144
75
911
939
598
225
1107
663
587
568
157
359
2172
40
269
71
1949
234
562
51
31
1672
758
60
299
1144
75
911
939
598
225
1107
663
587
568
157
359
2172
40
269
71
1949
234
562
51
31
1672
758
60
299
1144
75
911
939
598
225
1107
663
587
568
157
359
2172
40
269
71
1949
234
562
51
31
1672
758
60
299
1144
75
911
939
598
225
1107
663
587
568
157
359
2172
40
269
71
1949
234
562
51
31
1672
758
60
299
1144
75
911
939
598
225
1107
663
587
568
157
359
2172
40
269
71
1949
234
562
51
31
1672
758
60
299
1144
75
911
939
598
225
1107
663
587
568
157
359
2172
40
269
71
1949
234
562
51
31
1672
758
60
299
1144
75
911
939
598
225
1107
663
587
568
157
359
2172
40
269
71
1949
234
562
51
31
1672
758
60
299
1144
75
911
939
598
225
1107
663
587
568
157
359
2172
40
269
71
1949
234
562
51
31
1672
758
60
299
1144
75
911
939
598
225
1107
663
587
568
157
359
2172
40
269
71
1949
234
562
51
31
1672
758
60
299
1144
75
911
939
598
225
1107
663
587
568
157
359
2172
40
269
71
1949
234
562
51
31
1672
758
60
299
1144
75
911
939
598
225
1107
663
587
568
157
359
2172
40
269
71
1949
234
562
51
31
1672
758
60
299
1144
75
911
939
598
225
1107
663
587
568
157
359
2172
40
269
71
1949
234
562
51
31
1672
758
60
299
1144
75
911
939
598
225
1107
663
587
568
157
359
2172
40
269
71
1949
234
562
51
31
1672
758
60
299
1144
75
911
939
598
225
1107
663
587
568
157
359
2172
40
269
71
1949
234
562
51
31
1672
758
60
299
1144
75
911
939
598
225
1107
663
587
568
157
359
2172
40
269
71
1949
234
562
51
31
1672
758
60
299
1144
75
911
939
598
225
1107
663
587
568
157
359
2172
40
269
71
1949
234
562
51
31
1672
758
60
299
1144
75
911
939
598
225
1107
663
587
568
157
359
2172
40
269
71
1949
234
562
51
31
1672
758
60
299
1144
75
911
939
598
225
1107
663
587
568
157
359
2172
40
269
71
1949
234
562
51
31
1672
758
60
299
1144
75
911
939
598
225
1107
663
587
568
157
359
2172
40
269
71
1949
234
562
51
31
1672
758
60
299
1144
75
911
939
598
225
1107
663
587
568
157
359
2172
40
269
71
1949
234
562
51
31
1672
758
60
299
1144
75
911
939
598
225
1107
663
587
568
157
359
2172
40
269
71
1949
234
562
51
31
1672
758
60
299
1144
75
911
939
598
225
1107
663
587
568
157
359
2172
40
269
71
1949
234
562
51
31
1672
758
60
299
1144
75
911
939
598
225
1107
663
587
568
157
359
2172
40
269
71
1949
234
562
51
31
1672
758
60
299
1144
75
911
939
598
225
1107
663
587
568
157
359
2172
40
269
71
1949
234
562
51
31
1672
758
60
299
1144
75
911
939
598
225
1107
663
587
568
157
359
2172
40
269
71
1949
234
562
51
31
1672
758
60
299
1144
75
911
939
598
225
1107
663
587
568
157
359
2172
40
269
71
1949
234
562
51
31
1672
758
60
299
1144
75
911
939
598
225
1107
663
587
568
157
359
2172
40
269
71
1949
234
562
51
31
1672
758
60
299
1144
75
911
939
598
225
1107
663
587
568
157
359
2172
40