64
758
22
51
359
559
60
225
289
154
285
118
939
37
1107
616
2172
19
561
588
240
291
568
1144
299
64
758
22
51
359
559
60
225
289
154
285
118
939
37
1107
616
2172
19
561
588
240
291
568
1144
299
64
758
22
51
359
559
60
225
289
154
285
118
939
37
1107
616
2172
19
561
588
240
291
568
1144
299
64
758
22
51
359
559
60
225
289
154
285
118
939
37
1107
616
2172
19
561
588
240
291
568
1144
299
64
758
22
51
359
559
60
225
289
154
285
118
939
37
1107
616
2172
19
561
588
240
291
568
1144
299
64
758
22
51
359
559
60
225
289
154
285
118
939
37
1107
616
2172
19
561
588
240
291
568
1144
299
64
758
22
51
359
559
60
225
289
154
285
118
939
37
1107
616
2172
19
561
588
240
291
568
1144
299
64
758
22
51
359
559
60
225
289
154
285
118
939
37
1107
616
2172
19
561
588
240
291
568
1144
299
64
758
22
51
359
559
60
225
289
154
285
118
939
37
1107
616
2172
19
561
588
240
291
568
1144
299
64
758
22
51
359
559
60
225
289
154
285
118
939
37
1107
616
2172
19
561
588
240
291
568
1144
299
64
758
22
51
359
559
60
225
289
154
285
118
939
37
1107
616
2172
19
561
588
240
291
568
1144
299
64
758
22
51
359
559
60
225
289
154
285
118
939
37
1107
616
2172
19
561
588
240
291
568
1144
299
64
758
22
51
359
559
60
225
289
154
285
118
939
37
1107
616
2172
19
561
588
240
291
568
1144
299
64
758
22
51
359
559
60
225
289
154
285
118
939
37
1107
616
2172
19
561
588
240
291
568
1144
299
64
758
22
51
359
559
60
225
289
154
285
118
939
37
1107
616
2172
19
561
588
240
291
568
1144
299
64
758
22
51
359
559
60
225
289
154
285
118
939
37
1107
616
2172
19
561
588
240
291
568
1144
299
64
758
22
51
359
559
60
225
289
154
285
118
939
37
1107
616
2172
19
561
588
240
291
568
1144
299
64
758
22
51
359
559
60
225
289
154
285
118
939
37
1107
616
2172
19
561
588
240
291
568
1144
299
64
758
22
51
359
559
60
225
289
154
285
118
939
37
1107
616
2172
19
561
588
240
291
568
1144
299
64
758
22
51
359
559
60
225
289
154
285
118
939
37
1107
616
2172
19
561
588
240
291
568
1144
299
64
758
22
51
359
559
60
225
289
154
285
118
939
37
1107
616
2172
19
561
588
240
291
568
1144
299
64
758
22
51
359
559
60
225
289
154
285
118
939
37
1107
616
2172
19
561
588
240
291
568
1144
299
64
758
22
51
359
559
60
225
289
154
285
118
939
37
1107
616
2172
19
561
588
240
291
568
1144
299
64
758
22
51
359
559
60
225
289
154
285
118
939
37
1107
616
2172
19
561
588
240
291
568
1144
299
64
758
22
51
359
559
60
225
289
154
285
118
939
37
1107
616
2172
19
561
588
240
291
568
1144
299
64
758
22
51
359
559
60
225
289
154
285
118
939
37
1107
616
2172
19
561
588
240
291
568
1144
299
64
758
22
51
359
559
60
225
289
154
285
118
939
37
1107
616
2172
19
561
588
240
291
568
1144
299
64
758
22
51
359
559
60
225
289
154
285
118
939
37
1107
616
2172
19
561
588
240
291
568
1144
299
64
758
22
51
359
559
60
225
289
154
285
118
939
37
1107
616
2172
19
561
588
240
291
568
1144
299
64
758
22
51
359
559
60
225
289
154
285
118
939
37
1107
616
2172
19
561
588
240
291
568
1144
299
64
758
22
51
359
559
60
225
289
154
285
118
939
37
1107
616
2172
19
561
588
240
291
568
1144
299
64
758
22
51
359
559
60
225
289
154
285
118
939
37
1107
616
2172
19
561
588
240
291
568
1144
299
64
758
22
51
359
559
60
225
289
154
285
118
939
37
1107
616
2172
19
561
588
240
291
568
1144
299
64
758
22
51
359
559
60
225
289
154
285
118
939
37
1107
616
2172
19
561
588
240
291
568
1144
299
64
758
22
51
359
559
60
225
289
154
285
118
939
37
1107
616
2172
19
561
588
240
291
568
1144
299
64
758
22
51
359
559
60
225
289
154
285
118
939
37
1107
616
2172
19
561
588
240
291
568
1144
299
64
758
22
51
359
559
60
225
289
154
285
118
939
37
1107
616
2172
19
561
588
240
291
568
1144
299
64
758
22
51
359
559
60
225
289
154
285
118
939
37
1107
616
2172
19
561
588
240
291
568
1144
299
64
758
22
51
359
559
60
225
289
154
285
118
939
37
1107
616
2172
19
561
588
240
291
568
1144
299
64
758
22
51
359
559
60
225
289
154
285
118
939
37
1107
616
2172
19
561
588
240
291
568
1144
299
64
758
22
51
359
559
60
225
289
154
285
118
939
37
1107
616
2172
19
561
588
240
291
568
1144
299
64
758
22
51
359
559
60
225
289
154
285
118
939
37
1107
616
2172
19
561
588
240
291
568
1144
299
64
758
22
51
359
559
60
225
289
154
285
118
939
37
1107
616
2172
19
561
588
240
291
568
1144
299
64
758
22
51
359
559
60
225
289
154
285
118
939
37
1107
616
2172
19
561
588
240
291
568
1144
299
64
758
22
51
359
559
60
225
289
154
285
118
939
37
1107
616
2172
19
561
588
240
291
568
1144
299
64
758
22
51
359
559
60
225
289
154
285
118
939
37
1107
616
2172
19
561
588
240
291
568
1144
299
64
758
22
51
359
559
60
225
289
154
285
118
939
37
1107
616
2172
19
561
588
240
291
568
1144
299
64
758
22
51
359
559
60
225
289
154
285
118
939
37
1107
616
2172
19
561
588
240
291
568
1144
299
64
758
22
51
359
559
60
225
289
154
285
118
939
37
1107
616
2172
19
561
588
240
291
568
1144
299
64
758
22
51
359
559
60
225
289
154
285
118
939
37
1107
616
2172
19
561
588
240
291
568
1144
299