125
157
23
616
598
382
562
154
559
75
60
1144
269
200
1135
20
173
663
299
233
561
37
1949
291
911
125
157
23
616
598
382
562
154
559
75
60
1144
269
200
1135
20
173
663
299
233
561
37
1949
291
911
125
157
23
616
598
382
562
154
559
75
60
1144
269
200
1135
20
173
663
299
233
561
37
1949
291
911
125
157
23
616
598
382
562
154
559
75
60
1144
269
200
1135
20
173
663
299
233
561
37
1949
291
911
125
157
23
616
598
382
562
154
559
75
60
1144
269
200
1135
20
173
663
299
233
561
37
1949
291
911
125
157
23
616
598
382
562
154
559
75
60
1144
269
200
1135
20
173
663
299
233
561
37
1949
291
911
125
157
23
616
598
382
562
154
559
75
60
1144
269
200
1135
20
173
663
299
233
561
37
1949
291
911
125
157
23
616
598
382
562
154
559
75
60
1144
269
200
1135
20
173
663
299
233
561
37
1949
291
911
125
157
23
616
598
382
562
154
559
75
60
1144
269
200
1135
20
173
663
299
233
561
37
1949
291
911
125
157
23
616
598
382
562
154
559
75
60
1144
269
200
1135
20
173
663
299
233
561
37
1949
291
911
125
157
23
616
598
382
562
154
559
75
60
1144
269
200
1135
20
173
663
299
233
561
37
1949
291
911
125
157
23
616
598
382
562
154
559
75
60
1144
269
200
1135
20
173
663
299
233
561
37
1949
291
911
125
157
23
616
598
382
562
154
559
75
60
1144
269
200
1135
20
173
663
299
233
561
37
1949
291
911
125
157
23
616
598
382
562
154
559
75
60
1144
269
200
1135
20
173
663
299
233
561
37
1949
291
911
125
157
23
616
598
382
562
154
559
75
60
1144
269
200
1135
20
173
663
299
233
561
37
1949
291
911
125
157
23
616
598
382
562
154
559
75
60
1144
269
200
1135
20
173
663
299
233
561
37
1949
291
911
125
157
23
616
598
382
562
154
559
75
60
1144
269
200
1135
20
173
663
299
233
561
37
1949
291
911
125
157
23
616
598
382
562
154
559
75
60
1144
269
200
1135
20
173
663
299
233
561
37
1949
291
911
125
157
23
616
598
382
562
154
559
75
60
1144
269
200
1135
20
173
663
299
233
561
37
1949
291
911
125
157
23
616
598
382
562
154
559
75
60
1144
269
200
1135
20
173
663
299
233
561
37
1949
291
911
125
157
23
616
598
382
562
154
559
75
60
1144
269
200
1135
20
173
663
299
233
561
37
1949
291
911
125
157
23
616
598
382
562
154
559
75
60
1144
269
200
1135
20
173
663
299
233
561
37
1949
291
911
125
157
23
616
598
382
562
154
559
75
60
1144
269
200
1135
20
173
663
299
233
561
37
1949
291
911
125
157
23
616
598
382
562
154
559
75
60
1144
269
200
1135
20
173
663
299
233
561
37
1949
291
911
125
157
23
616
598
382
562
154
559
75
60
1144
269
200
1135
20
173
663
299
233
561
37
1949
291
911
125
157
23
616
598
382
562
154
559
75
60
1144
269
200
1135
20
173
663
299
233
561
37
1949
291
911
125
157
23
616
598
382
562
154
559
75
60
1144
269
200
1135
20
173
663
299
233
561
37
1949
291
911
125
157
23
616
598
382
562
154
559
75
60
1144
269
200
1135
20
173
663
299
233
561
37
1949
291
911
125
157
23
616
598
382
562
154
559
75
60
1144
269
200
1135
20
173
663
299
233
561
37
1949
291
911
125
157
23
616
598
382
562
154
559
75
60
1144
269
200
1135
20
173
663
299
233
561
37
1949
291
911
125
157
23
616
598
382
562
154
559
75
60
1144
269
200
1135
20
173
663
299
233
561
37
1949
291
911
125
157
23
616
598
382
562
154
559
75
60
1144
269
200
1135
20
173
663
299
233
561
37
1949
291
911
125
157
23
616
598
382
562
154
559
75
60
1144
269
200
1135
20
173
663
299
233
561
37
1949
291
911
125
157
23
616
598
382
562
154
559
75
60
1144
269
200
1135
20
173
663
299
233
561
37
1949
291
911
125
157
23
616
598
382
562
154
559
75
60
1144
269
200
1135
20
173
663
299
233
561
37
1949
291
911
125
157
23
616
598
382
562
154
559
75
60
1144
269
200
1135
20
173
663
299
233
561
37
1949
291
911
125
157
23
616
598
382
562
154
559
75
60
1144
269
200
1135
20
173
663
299
233
561
37
1949
291
911
125
157
23
616
598
382
562
154
559
75
60
1144
269
200
1135
20
173
663
299
233
561
37
1949
291
911
125
157
23
616
598
382
562
154
559
75
60
1144
269
200
1135
20
173
663
299
233
561
37
1949
291
911
125
157
23
616
598
382
562
154
559
75
60
1144
269
200
1135
20
173
663
299
233
561
37
1949
291
911
125
157
23
616
598
382
562
154
559
75
60
1144
269
200
1135
20
173
663
299
233
561
37
1949
291
911
125
157
23
616
598
382
562
154
559
75
60
1144
269
200
1135
20
173
663
299
233
561
37
1949
291
911
125
157
23
616
598
382
562
154
559
75
60
1144
269
200
1135
20
173
663
299
233
561
37
1949
291
911
125
157
23
616
598
382
562
154
559
75
60
1144
269
200
1135
20
173
663
299
233
561
37
1949
291
911
125
157
23
616
598
382
562
154
559
75
60
1144
269
200
1135
20
173
663
299
233
561
37
1949
291
911
125
157
23
616
598
382
562
154
559
75
60
1144
269
200
1135
20
173
663
299
233
561
37
1949
291
911
125
157
23
616
598
382
562
154
559
75
60
1144
269
200
1135
20
173
663
299
233
561
37
1949
291
911
125
157
23
616
598
382
562
154
559
75
60
1144
269
200
1135
20
173
663
299
233
561
37
1949
291
911
125
157
23
616
598
382
562
154
559
75
60
1144
269
200
1135
20
173
663
299
233
561
37
1949
291
911
125
157
23
616
598
382
562
154
559
75
60
1144
269
200
1135
20
173
663
299
233
561
37
1949
291
911