197
559
663
40
568
31
588
1107
2172
60
299
1672
382
22
154
173
233
157
18
51
598
20
53
1144
562
197
559
663
40
568
31
588
1107
2172
60
299
1672
382
22
154
173
233
157
18
51
598
20
53
1144
562
197
559
663
40
568
31
588
1107
2172
60
299
1672
382
22
154
173
233
157
18
51
598
20
53
1144
562
197
559
663
40
568
31
588
1107
2172
60
299
1672
382
22
154
173
233
157
18
51
598
20
53
1144
562
197
559
663
40
568
31
588
1107
2172
60
299
1672
382
22
154
173
233
157
18
51
598
20
53
1144
562
197
559
663
40
568
31
588
1107
2172
60
299
1672
382
22
154
173
233
157
18
51
598
20
53
1144
562
197
559
663
40
568
31
588
1107
2172
60
299
1672
382
22
154
173
233
157
18
51
598
20
53
1144
562
197
559
663
40
568
31
588
1107
2172
60
299
1672
382
22
154
173
233
157
18
51
598
20
53
1144
562
197
559
663
40
568
31
588
1107
2172
60
299
1672
382
22
154
173
233
157
18
51
598
20
53
1144
562
197
559
663
40
568
31
588
1107
2172
60
299
1672
382
22
154
173
233
157
18
51
598
20
53
1144
562
197
559
663
40
568
31
588
1107
2172
60
299
1672
382
22
154
173
233
157
18
51
598
20
53
1144
562
197
559
663
40
568
31
588
1107
2172
60
299
1672
382
22
154
173
233
157
18
51
598
20
53
1144
562
197
559
663
40
568
31
588
1107
2172
60
299
1672
382
22
154
173
233
157
18
51
598
20
53
1144
562
197
559
663
40
568
31
588
1107
2172
60
299
1672
382
22
154
173
233
157
18
51
598
20
53
1144
562
197
559
663
40
568
31
588
1107
2172
60
299
1672
382
22
154
173
233
157
18
51
598
20
53
1144
562
197
559
663
40
568
31
588
1107
2172
60
299
1672
382
22
154
173
233
157
18
51
598
20
53
1144
562
197
559
663
40
568
31
588
1107
2172
60
299
1672
382
22
154
173
233
157
18
51
598
20
53
1144
562
197
559
663
40
568
31
588
1107
2172
60
299
1672
382
22
154
173
233
157
18
51
598
20
53
1144
562
197
559
663
40
568
31
588
1107
2172
60
299
1672
382
22
154
173
233
157
18
51
598
20
53
1144
562
197
559
663
40
568
31
588
1107
2172
60
299
1672
382
22
154
173
233
157
18
51
598
20
53
1144
562
197
559
663
40
568
31
588
1107
2172
60
299
1672
382
22
154
173
233
157
18
51
598
20
53
1144
562
197
559
663
40
568
31
588
1107
2172
60
299
1672
382
22
154
173
233
157
18
51
598
20
53
1144
562
197
559
663
40
568
31
588
1107
2172
60
299
1672
382
22
154
173
233
157
18
51
598
20
53
1144
562
197
559
663
40
568
31
588
1107
2172
60
299
1672
382
22
154
173
233
157
18
51
598
20
53
1144
562
197
559
663
40
568
31
588
1107
2172
60
299
1672
382
22
154
173
233
157
18
51
598
20
53
1144
562
197
559
663
40
568
31
588
1107
2172
60
299
1672
382
22
154
173
233
157
18
51
598
20
53
1144
562
197
559
663
40
568
31
588
1107
2172
60
299
1672
382
22
154
173
233
157
18
51
598
20
53
1144
562
197
559
663
40
568
31
588
1107
2172
60
299
1672
382
22
154
173
233
157
18
51
598
20
53
1144
562
197
559
663
40
568
31
588
1107
2172
60
299
1672
382
22
154
173
233
157
18
51
598
20
53
1144
562
197
559
663
40
568
31
588
1107
2172
60
299
1672
382
22
154
173
233
157
18
51
598
20
53
1144
562
197
559
663
40
568
31
588
1107
2172
60
299
1672
382
22
154
173
233
157
18
51
598
20
53
1144
562
197
559
663
40
568
31
588
1107
2172
60
299
1672
382
22
154
173
233
157
18
51
598
20
53
1144
562
197
559
663
40
568
31
588
1107
2172
60
299
1672
382
22
154
173
233
157
18
51
598
20
53
1144
562
197
559
663
40
568
31
588
1107
2172
60
299
1672
382
22
154
173
233
157
18
51
598
20
53
1144
562
197
559
663
40
568
31
588
1107
2172
60
299
1672
382
22
154
173
233
157
18
51
598
20
53
1144
562
197
559
663
40
568
31
588
1107
2172
60
299
1672
382
22
154
173
233
157
18
51
598
20
53
1144
562
197
559
663
40
568
31
588
1107
2172
60
299
1672
382
22
154
173
233
157
18
51
598
20
53
1144
562
197
559
663
40
568
31
588
1107
2172
60
299
1672
382
22
154
173
233
157
18
51
598
20
53
1144
562
197
559
663
40
568
31
588
1107
2172
60
299
1672
382
22
154
173
233
157
18
51
598
20
53
1144
562
197
559
663
40
568
31
588
1107
2172
60
299
1672
382
22
154
173
233
157
18
51
598
20
53
1144
562
197
559
663
40
568
31
588
1107
2172
60
299
1672
382
22
154
173
233
157
18
51
598
20
53
1144
562
197
559
663
40
568
31
588
1107
2172
60
299
1672
382
22
154
173
233
157
18
51
598
20
53
1144
562
197
559
663
40
568
31
588
1107
2172
60
299
1672
382
22
154
173
233
157
18
51
598
20
53
1144
562
197
559
663
40
568
31
588
1107
2172
60
299
1672
382
22
154
173
233
157
18
51
598
20
53
1144
562
197
559
663
40
568
31
588
1107
2172
60
299
1672
382
22
154
173
233
157
18
51
598
20
53
1144
562
197
559
663
40
568
31
588
1107
2172
60
299
1672
382
22
154
173
233
157
18
51
598
20
53
1144
562
197
559
663
40
568
31
588
1107
2172
60
299
1672
382
22
154
173
233
157
18
51
598
20
53
1144
562
197
559
663
40
568
31
588
1107
2172
60
299
1672
382
22
154
173
233
157
18
51
598
20
53
1144
562
197
559
663
40
568
31
588
1107
2172
60
299
1672
382
22
154
173
233
157
18
51
598
20
53
1144
562
197
559
663
40
568
31
588
1107
2172
60
299
1672
382
22
154
173
233
157
18
51
598
20
53
1144
562