911
299
587
1949
289
382
291
51
561
118
125
18
22
37
562
559
269
1144
53
1672
157
200
36
598
1135
911
299
587
1949
289
382
291
51
561
118
125
18
22
37
562
559
269
1144
53
1672
157
200
36
598
1135
911
299
587
1949
289
382
291
51
561
118
125
18
22
37
562
559
269
1144
53
1672
157
200
36
598
1135
911
299
587
1949
289
382
291
51
561
118
125
18
22
37
562
559
269
1144
53
1672
157
200
36
598
1135
911
299
587
1949
289
382
291
51
561
118
125
18
22
37
562
559
269
1144
53
1672
157
200
36
598
1135
911
299
587
1949
289
382
291
51
561
118
125
18
22
37
562
559
269
1144
53
1672
157
200
36
598
1135
911
299
587
1949
289
382
291
51
561
118
125
18
22
37
562
559
269
1144
53
1672
157
200
36
598
1135
911
299
587
1949
289
382
291
51
561
118
125
18
22
37
562
559
269
1144
53
1672
157
200
36
598
1135
911
299
587
1949
289
382
291
51
561
118
125
18
22
37
562
559
269
1144
53
1672
157
200
36
598
1135
911
299
587
1949
289
382
291
51
561
118
125
18
22
37
562
559
269
1144
53
1672
157
200
36
598
1135
911
299
587
1949
289
382
291
51
561
118
125
18
22
37
562
559
269
1144
53
1672
157
200
36
598
1135
911
299
587
1949
289
382
291
51
561
118
125
18
22
37
562
559
269
1144
53
1672
157
200
36
598
1135
911
299
587
1949
289
382
291
51
561
118
125
18
22
37
562
559
269
1144
53
1672
157
200
36
598
1135
911
299
587
1949
289
382
291
51
561
118
125
18
22
37
562
559
269
1144
53
1672
157
200
36
598
1135
911
299
587
1949
289
382
291
51
561
118
125
18
22
37
562
559
269
1144
53
1672
157
200
36
598
1135
911
299
587
1949
289
382
291
51
561
118
125
18
22
37
562
559
269
1144
53
1672
157
200
36
598
1135
911
299
587
1949
289
382
291
51
561
118
125
18
22
37
562
559
269
1144
53
1672
157
200
36
598
1135
911
299
587
1949
289
382
291
51
561
118
125
18
22
37
562
559
269
1144
53
1672
157
200
36
598
1135
911
299
587
1949
289
382
291
51
561
118
125
18
22
37
562
559
269
1144
53
1672
157
200
36
598
1135
911
299
587
1949
289
382
291
51
561
118
125
18
22
37
562
559
269
1144
53
1672
157
200
36
598
1135
911
299
587
1949
289
382
291
51
561
118
125
18
22
37
562
559
269
1144
53
1672
157
200
36
598
1135
911
299
587
1949
289
382
291
51
561
118
125
18
22
37
562
559
269
1144
53
1672
157
200
36
598
1135
911
299
587
1949
289
382
291
51
561
118
125
18
22
37
562
559
269
1144
53
1672
157
200
36
598
1135
911
299
587
1949
289
382
291
51
561
118
125
18
22
37
562
559
269
1144
53
1672
157
200
36
598
1135
911
299
587
1949
289
382
291
51
561
118
125
18
22
37
562
559
269
1144
53
1672
157
200
36
598
1135
911
299
587
1949
289
382
291
51
561
118
125
18
22
37
562
559
269
1144
53
1672
157
200
36
598
1135
911
299
587
1949
289
382
291
51
561
118
125
18
22
37
562
559
269
1144
53
1672
157
200
36
598
1135
911
299
587
1949
289
382
291
51
561
118
125
18
22
37
562
559
269
1144
53
1672
157
200
36
598
1135
911
299
587
1949
289
382
291
51
561
118
125
18
22
37
562
559
269
1144
53
1672
157
200
36
598
1135
911
299
587
1949
289
382
291
51
561
118
125
18
22
37
562
559
269
1144
53
1672
157
200
36
598
1135
911
299
587
1949
289
382
291
51
561
118
125
18
22
37
562
559
269
1144
53
1672
157
200
36
598
1135
911
299
587
1949
289
382
291
51
561
118
125
18
22
37
562
559
269
1144
53
1672
157
200
36
598
1135
911
299
587
1949
289
382
291
51
561
118
125
18
22
37
562
559
269
1144
53
1672
157
200
36
598
1135
911
299
587
1949
289
382
291
51
561
118
125
18
22
37
562
559
269
1144
53
1672
157
200
36
598
1135
911
299
587
1949
289
382
291
51
561
118
125
18
22
37
562
559
269
1144
53
1672
157
200
36
598
1135
911
299
587
1949
289
382
291
51
561
118
125
18
22
37
562
559
269
1144
53
1672
157
200
36
598
1135
911
299
587
1949
289
382
291
51
561
118
125
18
22
37
562
559
269
1144
53
1672
157
200
36
598
1135
911
299
587
1949
289
382
291
51
561
118
125
18
22
37
562
559
269
1144
53
1672
157
200
36
598
1135
911
299
587
1949
289
382
291
51
561
118
125
18
22
37
562
559
269
1144
53
1672
157
200
36
598
1135
911
299
587
1949
289
382
291
51
561
118
125
18
22
37
562
559
269
1144
53
1672
157
200
36
598
1135
911
299
587
1949
289
382
291
51
561
118
125
18
22
37
562
559
269
1144
53
1672
157
200
36
598
1135
911
299
587
1949
289
382
291
51
561
118
125
18
22
37
562
559
269
1144
53
1672
157
200
36
598
1135
911
299
587
1949
289
382
291
51
561
118
125
18
22
37
562
559
269
1144
53
1672
157
200
36
598
1135
911
299
587
1949
289
382
291
51
561
118
125
18
22
37
562
559
269
1144
53
1672
157
200
36
598
1135
911
299
587
1949
289
382
291
51
561
118
125
18
22
37
562
559
269
1144
53
1672
157
200
36
598
1135
911
299
587
1949
289
382
291
51
561
118
125
18
22
37
562
559
269
1144
53
1672
157
200
36
598
1135
911
299
587
1949
289
382
291
51
561
118
125
18
22
37
562
559
269
1144
53
1672
157
200
36
598
1135
911
299
587
1949
289
382
291
51
561
118
125
18
22
37
562
559
269
1144
53
1672
157
200
36
598
1135
911
299
587
1949
289
382
291
51
561
118
125
18
22
37
562
559
269
1144
53
1672
157
200
36
598
1135
911
299
587
1949
289
382
291
51
561
118
125
18
22
37
562
559
269
1144
53
1672
157
200
36
598
1135