20
561
1314
616
1144
200
157
359
234
31
289
562
939
197
663
598
588
568
1135
1107
269
225
299
291
173
20
561
1314
616
1144
200
157
359
234
31
289
562
939
197
663
598
588
568
1135
1107
269
225
299
291
173
20
561
1314
616
1144
200
157
359
234
31
289
562
939
197
663
598
588
568
1135
1107
269
225
299
291
173
20
561
1314
616
1144
200
157
359
234
31
289
562
939
197
663
598
588
568
1135
1107
269
225
299
291
173
20
561
1314
616
1144
200
157
359
234
31
289
562
939
197
663
598
588
568
1135
1107
269
225
299
291
173
20
561
1314
616
1144
200
157
359
234
31
289
562
939
197
663
598
588
568
1135
1107
269
225
299
291
173
20
561
1314
616
1144
200
157
359
234
31
289
562
939
197
663
598
588
568
1135
1107
269
225
299
291
173
20
561
1314
616
1144
200
157
359
234
31
289
562
939
197
663
598
588
568
1135
1107
269
225
299
291
173
20
561
1314
616
1144
200
157
359
234
31
289
562
939
197
663
598
588
568
1135
1107
269
225
299
291
173
20
561
1314
616
1144
200
157
359
234
31
289
562
939
197
663
598
588
568
1135
1107
269
225
299
291
173
20
561
1314
616
1144
200
157
359
234
31
289
562
939
197
663
598
588
568
1135
1107
269
225
299
291
173
20
561
1314
616
1144
200
157
359
234
31
289
562
939
197
663
598
588
568
1135
1107
269
225
299
291
173
20
561
1314
616
1144
200
157
359
234
31
289
562
939
197
663
598
588
568
1135
1107
269
225
299
291
173
20
561
1314
616
1144
200
157
359
234
31
289
562
939
197
663
598
588
568
1135
1107
269
225
299
291
173
20
561
1314
616
1144
200
157
359
234
31
289
562
939
197
663
598
588
568
1135
1107
269
225
299
291
173
20
561
1314
616
1144
200
157
359
234
31
289
562
939
197
663
598
588
568
1135
1107
269
225
299
291
173
20
561
1314
616
1144
200
157
359
234
31
289
562
939
197
663
598
588
568
1135
1107
269
225
299
291
173
20
561
1314
616
1144
200
157
359
234
31
289
562
939
197
663
598
588
568
1135
1107
269
225
299
291
173
20
561
1314
616
1144
200
157
359
234
31
289
562
939
197
663
598
588
568
1135
1107
269
225
299
291
173
20
561
1314
616
1144
200
157
359
234
31
289
562
939
197
663
598
588
568
1135
1107
269
225
299
291
173
20
561
1314
616
1144
200
157
359
234
31
289
562
939
197
663
598
588
568
1135
1107
269
225
299
291
173
20
561
1314
616
1144
200
157
359
234
31
289
562
939
197
663
598
588
568
1135
1107
269
225
299
291
173
20
561
1314
616
1144
200
157
359
234
31
289
562
939
197
663
598
588
568
1135
1107
269
225
299
291
173
20
561
1314
616
1144
200
157
359
234
31
289
562
939
197
663
598
588
568
1135
1107
269
225
299
291
173
20
561
1314
616
1144
200
157
359
234
31
289
562
939
197
663
598
588
568
1135
1107
269
225
299
291
173
20
561
1314
616
1144
200
157
359
234
31
289
562
939
197
663
598
588
568
1135
1107
269
225
299
291
173
20
561
1314
616
1144
200
157
359
234
31
289
562
939
197
663
598
588
568
1135
1107
269
225
299
291
173
20
561
1314
616
1144
200
157
359
234
31
289
562
939
197
663
598
588
568
1135
1107
269
225
299
291
173
20
561
1314
616
1144
200
157
359
234
31
289
562
939
197
663
598
588
568
1135
1107
269
225
299
291
173
20
561
1314
616
1144
200
157
359
234
31
289
562
939
197
663
598
588
568
1135
1107
269
225
299
291
173
20
561
1314
616
1144
200
157
359
234
31
289
562
939
197
663
598
588
568
1135
1107
269
225
299
291
173
20
561
1314
616
1144
200
157
359
234
31
289
562
939
197
663
598
588
568
1135
1107
269
225
299
291
173
20
561
1314
616
1144
200
157
359
234
31
289
562
939
197
663
598
588
568
1135
1107
269
225
299
291
173
20
561
1314
616
1144
200
157
359
234
31
289
562
939
197
663
598
588
568
1135
1107
269
225
299
291
173
20
561
1314
616
1144
200
157
359
234
31
289
562
939
197
663
598
588
568
1135
1107
269
225
299
291
173
20
561
1314
616
1144
200
157
359
234
31
289
562
939
197
663
598
588
568
1135
1107
269
225
299
291
173
20
561
1314
616
1144
200
157
359
234
31
289
562
939
197
663
598
588
568
1135
1107
269
225
299
291
173
20
561
1314
616
1144
200
157
359
234
31
289
562
939
197
663
598
588
568
1135
1107
269
225
299
291
173
20
561
1314
616
1144
200
157
359
234
31
289
562
939
197
663
598
588
568
1135
1107
269
225
299
291
173
20
561
1314
616
1144
200
157
359
234
31
289
562
939
197
663
598
588
568
1135
1107
269
225
299
291
173
20
561
1314
616
1144
200
157
359
234
31
289
562
939
197
663
598
588
568
1135
1107
269
225
299
291
173
20
561
1314
616
1144
200
157
359
234
31
289
562
939
197
663
598
588
568
1135
1107
269
225
299
291
173
20
561
1314
616
1144
200
157
359
234
31
289
562
939
197
663
598
588
568
1135
1107
269
225
299
291
173
20
561
1314
616
1144
200
157
359
234
31
289
562
939
197
663
598
588
568
1135
1107
269
225
299
291
173
20
561
1314
616
1144
200
157
359
234
31
289
562
939
197
663
598
588
568
1135
1107
269
225
299
291
173
20
561
1314
616
1144
200
157
359
234
31
289
562
939
197
663
598
588
568
1135
1107
269
225
299
291
173
20
561
1314
616
1144
200
157
359
234
31
289
562
939
197
663
598
588
568
1135
1107
269
225
299
291
173
20
561
1314
616
1144
200
157
359
234
31
289
562
939
197
663
598
588
568
1135
1107
269
225
299
291
173
20
561
1314
616
1144
200
157
359
234
31
289
562
939
197
663
598
588
568
1135
1107
269
225
299
291
173
20
561
1314
616
1144
200
157
359
234
31
289
562
939
197
663
598
588
568
1135
1107
269
225
299
291
173