125
71
587
234
588
1672
1135
197
118
37
60
19
173
22
23
20
53
64
31
382
939
670
598
568
562
125
71
587
234
588
1672
1135
197
118
37
60
19
173
22
23
20
53
64
31
382
939
670
598
568
562
125
71
587
234
588
1672
1135
197
118
37
60
19
173
22
23
20
53
64
31
382
939
670
598
568
562
125
71
587
234
588
1672
1135
197
118
37
60
19
173
22
23
20
53
64
31
382
939
670
598
568
562
125
71
587
234
588
1672
1135
197
118
37
60
19
173
22
23
20
53
64
31
382
939
670
598
568
562
125
71
587
234
588
1672
1135
197
118
37
60
19
173
22
23
20
53
64
31
382
939
670
598
568
562
125
71
587
234
588
1672
1135
197
118
37
60
19
173
22
23
20
53
64
31
382
939
670
598
568
562
125
71
587
234
588
1672
1135
197
118
37
60
19
173
22
23
20
53
64
31
382
939
670
598
568
562
125
71
587
234
588
1672
1135
197
118
37
60
19
173
22
23
20
53
64
31
382
939
670
598
568
562
125
71
587
234
588
1672
1135
197
118
37
60
19
173
22
23
20
53
64
31
382
939
670
598
568
562
125
71
587
234
588
1672
1135
197
118
37
60
19
173
22
23
20
53
64
31
382
939
670
598
568
562
125
71
587
234
588
1672
1135
197
118
37
60
19
173
22
23
20
53
64
31
382
939
670
598
568
562
125
71
587
234
588
1672
1135
197
118
37
60
19
173
22
23
20
53
64
31
382
939
670
598
568
562
125
71
587
234
588
1672
1135
197
118
37
60
19
173
22
23
20
53
64
31
382
939
670
598
568
562
125
71
587
234
588
1672
1135
197
118
37
60
19
173
22
23
20
53
64
31
382
939
670
598
568
562
125
71
587
234
588
1672
1135
197
118
37
60
19
173
22
23
20
53
64
31
382
939
670
598
568
562
125
71
587
234
588
1672
1135
197
118
37
60
19
173
22
23
20
53
64
31
382
939
670
598
568
562
125
71
587
234
588
1672
1135
197
118
37
60
19
173
22
23
20
53
64
31
382
939
670
598
568
562
125
71
587
234
588
1672
1135
197
118
37
60
19
173
22
23
20
53
64
31
382
939
670
598
568
562
125
71
587
234
588
1672
1135
197
118
37
60
19
173
22
23
20
53
64
31
382
939
670
598
568
562
125
71
587
234
588
1672
1135
197
118
37
60
19
173
22
23
20
53
64
31
382
939
670
598
568
562
125
71
587
234
588
1672
1135
197
118
37
60
19
173
22
23
20
53
64
31
382
939
670
598
568
562
125
71
587
234
588
1672
1135
197
118
37
60
19
173
22
23
20
53
64
31
382
939
670
598
568
562
125
71
587
234
588
1672
1135
197
118
37
60
19
173
22
23
20
53
64
31
382
939
670
598
568
562
125
71
587
234
588
1672
1135
197
118
37
60
19
173
22
23
20
53
64
31
382
939
670
598
568
562
125
71
587
234
588
1672
1135
197
118
37
60
19
173
22
23
20
53
64
31
382
939
670
598
568
562
125
71
587
234
588
1672
1135
197
118
37
60
19
173
22
23
20
53
64
31
382
939
670
598
568
562
125
71
587
234
588
1672
1135
197
118
37
60
19
173
22
23
20
53
64
31
382
939
670
598
568
562
125
71
587
234
588
1672
1135
197
118
37
60
19
173
22
23
20
53
64
31
382
939
670
598
568
562
125
71
587
234
588
1672
1135
197
118
37
60
19
173
22
23
20
53
64
31
382
939
670
598
568
562
125
71
587
234
588
1672
1135
197
118
37
60
19
173
22
23
20
53
64
31
382
939
670
598
568
562
125
71
587
234
588
1672
1135
197
118
37
60
19
173
22
23
20
53
64
31
382
939
670
598
568
562
125
71
587
234
588
1672
1135
197
118
37
60
19
173
22
23
20
53
64
31
382
939
670
598
568
562
125
71
587
234
588
1672
1135
197
118
37
60
19
173
22
23
20
53
64
31
382
939
670
598
568
562
125
71
587
234
588
1672
1135
197
118
37
60
19
173
22
23
20
53
64
31
382
939
670
598
568
562
125
71
587
234
588
1672
1135
197
118
37
60
19
173
22
23
20
53
64
31
382
939
670
598
568
562
125
71
587
234
588
1672
1135
197
118
37
60
19
173
22
23
20
53
64
31
382
939
670
598
568
562
125
71
587
234
588
1672
1135
197
118
37
60
19
173
22
23
20
53
64
31
382
939
670
598
568
562
125
71
587
234
588
1672
1135
197
118
37
60
19
173
22
23
20
53
64
31
382
939
670
598
568
562
125
71
587
234
588
1672
1135
197
118
37
60
19
173
22
23
20
53
64
31
382
939
670
598
568
562
125
71
587
234
588
1672
1135
197
118
37
60
19
173
22
23
20
53
64
31
382
939
670
598
568
562
125
71
587
234
588
1672
1135
197
118
37
60
19
173
22
23
20
53
64
31
382
939
670
598
568
562
125
71
587
234
588
1672
1135
197
118
37
60
19
173
22
23
20
53
64
31
382
939
670
598
568
562
125
71
587
234
588
1672
1135
197
118
37
60
19
173
22
23
20
53
64
31
382
939
670
598
568
562
125
71
587
234
588
1672
1135
197
118
37
60
19
173
22
23
20
53
64
31
382
939
670
598
568
562
125
71
587
234
588
1672
1135
197
118
37
60
19
173
22
23
20
53
64
31
382
939
670
598
568
562
125
71
587
234
588
1672
1135
197
118
37
60
19
173
22
23
20
53
64
31
382
939
670
598
568
562
125
71
587
234
588
1672
1135
197
118
37
60
19
173
22
23
20
53
64
31
382
939
670
598
568
562
125
71
587
234
588
1672
1135
197
118
37
60
19
173
22
23
20
53
64
31
382
939
670
598
568
562
125
71
587
234
588
1672
1135
197
118
37
60
19
173
22
23
20
53
64
31
382
939
670
598
568
562