269
758
234
240
291
71
911
154
40
157
562
670
18
37
289
200
1949
285
616
299
568
939
587
1135
53
269
758
234
240
291
71
911
154
40
157
562
670
18
37
289
200
1949
285
616
299
568
939
587
1135
53
269
758
234
240
291
71
911
154
40
157
562
670
18
37
289
200
1949
285
616
299
568
939
587
1135
53
269
758
234
240
291
71
911
154
40
157
562
670
18
37
289
200
1949
285
616
299
568
939
587
1135
53
269
758
234
240
291
71
911
154
40
157
562
670
18
37
289
200
1949
285
616
299
568
939
587
1135
53
269
758
234
240
291
71
911
154
40
157
562
670
18
37
289
200
1949
285
616
299
568
939
587
1135
53
269
758
234
240
291
71
911
154
40
157
562
670
18
37
289
200
1949
285
616
299
568
939
587
1135
53
269
758
234
240
291
71
911
154
40
157
562
670
18
37
289
200
1949
285
616
299
568
939
587
1135
53
269
758
234
240
291
71
911
154
40
157
562
670
18
37
289
200
1949
285
616
299
568
939
587
1135
53
269
758
234
240
291
71
911
154
40
157
562
670
18
37
289
200
1949
285
616
299
568
939
587
1135
53
269
758
234
240
291
71
911
154
40
157
562
670
18
37
289
200
1949
285
616
299
568
939
587
1135
53
269
758
234
240
291
71
911
154
40
157
562
670
18
37
289
200
1949
285
616
299
568
939
587
1135
53
269
758
234
240
291
71
911
154
40
157
562
670
18
37
289
200
1949
285
616
299
568
939
587
1135
53
269
758
234
240
291
71
911
154
40
157
562
670
18
37
289
200
1949
285
616
299
568
939
587
1135
53
269
758
234
240
291
71
911
154
40
157
562
670
18
37
289
200
1949
285
616
299
568
939
587
1135
53
269
758
234
240
291
71
911
154
40
157
562
670
18
37
289
200
1949
285
616
299
568
939
587
1135
53
269
758
234
240
291
71
911
154
40
157
562
670
18
37
289
200
1949
285
616
299
568
939
587
1135
53
269
758
234
240
291
71
911
154
40
157
562
670
18
37
289
200
1949
285
616
299
568
939
587
1135
53
269
758
234
240
291
71
911
154
40
157
562
670
18
37
289
200
1949
285
616
299
568
939
587
1135
53
269
758
234
240
291
71
911
154
40
157
562
670
18
37
289
200
1949
285
616
299
568
939
587
1135
53
269
758
234
240
291
71
911
154
40
157
562
670
18
37
289
200
1949
285
616
299
568
939
587
1135
53
269
758
234
240
291
71
911
154
40
157
562
670
18
37
289
200
1949
285
616
299
568
939
587
1135
53
269
758
234
240
291
71
911
154
40
157
562
670
18
37
289
200
1949
285
616
299
568
939
587
1135
53
269
758
234
240
291
71
911
154
40
157
562
670
18
37
289
200
1949
285
616
299
568
939
587
1135
53
269
758
234
240
291
71
911
154
40
157
562
670
18
37
289
200
1949
285
616
299
568
939
587
1135
53
269
758
234
240
291
71
911
154
40
157
562
670
18
37
289
200
1949
285
616
299
568
939
587
1135
53
269
758
234
240
291
71
911
154
40
157
562
670
18
37
289
200
1949
285
616
299
568
939
587
1135
53
269
758
234
240
291
71
911
154
40
157
562
670
18
37
289
200
1949
285
616
299
568
939
587
1135
53
269
758
234
240
291
71
911
154
40
157
562
670
18
37
289
200
1949
285
616
299
568
939
587
1135
53
269
758
234
240
291
71
911
154
40
157
562
670
18
37
289
200
1949
285
616
299
568
939
587
1135
53
269
758
234
240
291
71
911
154
40
157
562
670
18
37
289
200
1949
285
616
299
568
939
587
1135
53
269
758
234
240
291
71
911
154
40
157
562
670
18
37
289
200
1949
285
616
299
568
939
587
1135
53
269
758
234
240
291
71
911
154
40
157
562
670
18
37
289
200
1949
285
616
299
568
939
587
1135
53
269
758
234
240
291
71
911
154
40
157
562
670
18
37
289
200
1949
285
616
299
568
939
587
1135
53
269
758
234
240
291
71
911
154
40
157
562
670
18
37
289
200
1949
285
616
299
568
939
587
1135
53
269
758
234
240
291
71
911
154
40
157
562
670
18
37
289
200
1949
285
616
299
568
939
587
1135
53
269
758
234
240
291
71
911
154
40
157
562
670
18
37
289
200
1949
285
616
299
568
939
587
1135
53
269
758
234
240
291
71
911
154
40
157
562
670
18
37
289
200
1949
285
616
299
568
939
587
1135
53
269
758
234
240
291
71
911
154
40
157
562
670
18
37
289
200
1949
285
616
299
568
939
587
1135
53
269
758
234
240
291
71
911
154
40
157
562
670
18
37
289
200
1949
285
616
299
568
939
587
1135
53
269
758
234
240
291
71
911
154
40
157
562
670
18
37
289
200
1949
285
616
299
568
939
587
1135
53
269
758
234
240
291
71
911
154
40
157
562
670
18
37
289
200
1949
285
616
299
568
939
587
1135
53
269
758
234
240
291
71
911
154
40
157
562
670
18
37
289
200
1949
285
616
299
568
939
587
1135
53
269
758
234
240
291
71
911
154
40
157
562
670
18
37
289
200
1949
285
616
299
568
939
587
1135
53
269
758
234
240
291
71
911
154
40
157
562
670
18
37
289
200
1949
285
616
299
568
939
587
1135
53
269
758
234
240
291
71
911
154
40
157
562
670
18
37
289
200
1949
285
616
299
568
939
587
1135
53
269
758
234
240
291
71
911
154
40
157
562
670
18
37
289
200
1949
285
616
299
568
939
587
1135
53
269
758
234
240
291
71
911
154
40
157
562
670
18
37
289
200
1949
285
616
299
568
939
587
1135
53
269
758
234
240
291
71
911
154
40
157
562
670
18
37
289
200
1949
285
616
299
568
939
587
1135
53
269
758
234
240
291
71
911
154
40
157
562
670
18
37
289
200
1949
285
616
299
568
939
587
1135
53