22
118
40
559
31
758
670
1949
1107
53
285
75
197
157
939
154
1314
200
173
269
289
1144
23
561
588
22
118
40
559
31
758
670
1949
1107
53
285
75
197
157
939
154
1314
200
173
269
289
1144
23
561
588
22
118
40
559
31
758
670
1949
1107
53
285
75
197
157
939
154
1314
200
173
269
289
1144
23
561
588
22
118
40
559
31
758
670
1949
1107
53
285
75
197
157
939
154
1314
200
173
269
289
1144
23
561
588
22
118
40
559
31
758
670
1949
1107
53
285
75
197
157
939
154
1314
200
173
269
289
1144
23
561
588
22
118
40
559
31
758
670
1949
1107
53
285
75
197
157
939
154
1314
200
173
269
289
1144
23
561
588
22
118
40
559
31
758
670
1949
1107
53
285
75
197
157
939
154
1314
200
173
269
289
1144
23
561
588
22
118
40
559
31
758
670
1949
1107
53
285
75
197
157
939
154
1314
200
173
269
289
1144
23
561
588
22
118
40
559
31
758
670
1949
1107
53
285
75
197
157
939
154
1314
200
173
269
289
1144
23
561
588
22
118
40
559
31
758
670
1949
1107
53
285
75
197
157
939
154
1314
200
173
269
289
1144
23
561
588
22
118
40
559
31
758
670
1949
1107
53
285
75
197
157
939
154
1314
200
173
269
289
1144
23
561
588
22
118
40
559
31
758
670
1949
1107
53
285
75
197
157
939
154
1314
200
173
269
289
1144
23
561
588
22
118
40
559
31
758
670
1949
1107
53
285
75
197
157
939
154
1314
200
173
269
289
1144
23
561
588
22
118
40
559
31
758
670
1949
1107
53
285
75
197
157
939
154
1314
200
173
269
289
1144
23
561
588
22
118
40
559
31
758
670
1949
1107
53
285
75
197
157
939
154
1314
200
173
269
289
1144
23
561
588
22
118
40
559
31
758
670
1949
1107
53
285
75
197
157
939
154
1314
200
173
269
289
1144
23
561
588
22
118
40
559
31
758
670
1949
1107
53
285
75
197
157
939
154
1314
200
173
269
289
1144
23
561
588
22
118
40
559
31
758
670
1949
1107
53
285
75
197
157
939
154
1314
200
173
269
289
1144
23
561
588
22
118
40
559
31
758
670
1949
1107
53
285
75
197
157
939
154
1314
200
173
269
289
1144
23
561
588
22
118
40
559
31
758
670
1949
1107
53
285
75
197
157
939
154
1314
200
173
269
289
1144
23
561
588
22
118
40
559
31
758
670
1949
1107
53
285
75
197
157
939
154
1314
200
173
269
289
1144
23
561
588
22
118
40
559
31
758
670
1949
1107
53
285
75
197
157
939
154
1314
200
173
269
289
1144
23
561
588
22
118
40
559
31
758
670
1949
1107
53
285
75
197
157
939
154
1314
200
173
269
289
1144
23
561
588
22
118
40
559
31
758
670
1949
1107
53
285
75
197
157
939
154
1314
200
173
269
289
1144
23
561
588
22
118
40
559
31
758
670
1949
1107
53
285
75
197
157
939
154
1314
200
173
269
289
1144
23
561
588
22
118
40
559
31
758
670
1949
1107
53
285
75
197
157
939
154
1314
200
173
269
289
1144
23
561
588
22
118
40
559
31
758
670
1949
1107
53
285
75
197
157
939
154
1314
200
173
269
289
1144
23
561
588
22
118
40
559
31
758
670
1949
1107
53
285
75
197
157
939
154
1314
200
173
269
289
1144
23
561
588
22
118
40
559
31
758
670
1949
1107
53
285
75
197
157
939
154
1314
200
173
269
289
1144
23
561
588
22
118
40
559
31
758
670
1949
1107
53
285
75
197
157
939
154
1314
200
173
269
289
1144
23
561
588
22
118
40
559
31
758
670
1949
1107
53
285
75
197
157
939
154
1314
200
173
269
289
1144
23
561
588
22
118
40
559
31
758
670
1949
1107
53
285
75
197
157
939
154
1314
200
173
269
289
1144
23
561
588
22
118
40
559
31
758
670
1949
1107
53
285
75
197
157
939
154
1314
200
173
269
289
1144
23
561
588
22
118
40
559
31
758
670
1949
1107
53
285
75
197
157
939
154
1314
200
173
269
289
1144
23
561
588
22
118
40
559
31
758
670
1949
1107
53
285
75
197
157
939
154
1314
200
173
269
289
1144
23
561
588
22
118
40
559
31
758
670
1949
1107
53
285
75
197
157
939
154
1314
200
173
269
289
1144
23
561
588
22
118
40
559
31
758
670
1949
1107
53
285
75
197
157
939
154
1314
200
173
269
289
1144
23
561
588
22
118
40
559
31
758
670
1949
1107
53
285
75
197
157
939
154
1314
200
173
269
289
1144
23
561
588
22
118
40
559
31
758
670
1949
1107
53
285
75
197
157
939
154
1314
200
173
269
289
1144
23
561
588
22
118
40
559
31
758
670
1949
1107
53
285
75
197
157
939
154
1314
200
173
269
289
1144
23
561
588
22
118
40
559
31
758
670
1949
1107
53
285
75
197
157
939
154
1314
200
173
269
289
1144
23
561
588
22
118
40
559
31
758
670
1949
1107
53
285
75
197
157
939
154
1314
200
173
269
289
1144
23
561
588
22
118
40
559
31
758
670
1949
1107
53
285
75
197
157
939
154
1314
200
173
269
289
1144
23
561
588
22
118
40
559
31
758
670
1949
1107
53
285
75
197
157
939
154
1314
200
173
269
289
1144
23
561
588
22
118
40
559
31
758
670
1949
1107
53
285
75
197
157
939
154
1314
200
173
269
289
1144
23
561
588
22
118
40
559
31
758
670
1949
1107
53
285
75
197
157
939
154
1314
200
173
269
289
1144
23
561
588
22
118
40
559
31
758
670
1949
1107
53
285
75
197
157
939
154
1314
200
173
269
289
1144
23
561
588
22
118
40
559
31
758
670
1949
1107
53
285
75
197
157
939
154
1314
200
173
269
289
1144
23
561
588
22
118
40
559
31
758
670
1949
1107
53
285
75
197
157
939
154
1314
200
173
269
289
1144
23
561
588
22
118
40
559
31
758
670
1949
1107
53
285
75
197
157
939
154
1314
200
173
269
289
1144
23
561
588