1314
588
562
561
200
234
157
1144
758
118
289
598
911
60
20
233
269
154
53
285
31
1672
173
225
299
1314
588
562
561
200
234
157
1144
758
118
289
598
911
60
20
233
269
154
53
285
31
1672
173
225
299
1314
588
562
561
200
234
157
1144
758
118
289
598
911
60
20
233
269
154
53
285
31
1672
173
225
299
1314
588
562
561
200
234
157
1144
758
118
289
598
911
60
20
233
269
154
53
285
31
1672
173
225
299
1314
588
562
561
200
234
157
1144
758
118
289
598
911
60
20
233
269
154
53
285
31
1672
173
225
299
1314
588
562
561
200
234
157
1144
758
118
289
598
911
60
20
233
269
154
53
285
31
1672
173
225
299
1314
588
562
561
200
234
157
1144
758
118
289
598
911
60
20
233
269
154
53
285
31
1672
173
225
299
1314
588
562
561
200
234
157
1144
758
118
289
598
911
60
20
233
269
154
53
285
31
1672
173
225
299
1314
588
562
561
200
234
157
1144
758
118
289
598
911
60
20
233
269
154
53
285
31
1672
173
225
299
1314
588
562
561
200
234
157
1144
758
118
289
598
911
60
20
233
269
154
53
285
31
1672
173
225
299
1314
588
562
561
200
234
157
1144
758
118
289
598
911
60
20
233
269
154
53
285
31
1672
173
225
299
1314
588
562
561
200
234
157
1144
758
118
289
598
911
60
20
233
269
154
53
285
31
1672
173
225
299
1314
588
562
561
200
234
157
1144
758
118
289
598
911
60
20
233
269
154
53
285
31
1672
173
225
299
1314
588
562
561
200
234
157
1144
758
118
289
598
911
60
20
233
269
154
53
285
31
1672
173
225
299
1314
588
562
561
200
234
157
1144
758
118
289
598
911
60
20
233
269
154
53
285
31
1672
173
225
299
1314
588
562
561
200
234
157
1144
758
118
289
598
911
60
20
233
269
154
53
285
31
1672
173
225
299
1314
588
562
561
200
234
157
1144
758
118
289
598
911
60
20
233
269
154
53
285
31
1672
173
225
299
1314
588
562
561
200
234
157
1144
758
118
289
598
911
60
20
233
269
154
53
285
31
1672
173
225
299
1314
588
562
561
200
234
157
1144
758
118
289
598
911
60
20
233
269
154
53
285
31
1672
173
225
299
1314
588
562
561
200
234
157
1144
758
118
289
598
911
60
20
233
269
154
53
285
31
1672
173
225
299
1314
588
562
561
200
234
157
1144
758
118
289
598
911
60
20
233
269
154
53
285
31
1672
173
225
299
1314
588
562
561
200
234
157
1144
758
118
289
598
911
60
20
233
269
154
53
285
31
1672
173
225
299
1314
588
562
561
200
234
157
1144
758
118
289
598
911
60
20
233
269
154
53
285
31
1672
173
225
299
1314
588
562
561
200
234
157
1144
758
118
289
598
911
60
20
233
269
154
53
285
31
1672
173
225
299
1314
588
562
561
200
234
157
1144
758
118
289
598
911
60
20
233
269
154
53
285
31
1672
173
225
299
1314
588
562
561
200
234
157
1144
758
118
289
598
911
60
20
233
269
154
53
285
31
1672
173
225
299
1314
588
562
561
200
234
157
1144
758
118
289
598
911
60
20
233
269
154
53
285
31
1672
173
225
299
1314
588
562
561
200
234
157
1144
758
118
289
598
911
60
20
233
269
154
53
285
31
1672
173
225
299
1314
588
562
561
200
234
157
1144
758
118
289
598
911
60
20
233
269
154
53
285
31
1672
173
225
299
1314
588
562
561
200
234
157
1144
758
118
289
598
911
60
20
233
269
154
53
285
31
1672
173
225
299
1314
588
562
561
200
234
157
1144
758
118
289
598
911
60
20
233
269
154
53
285
31
1672
173
225
299
1314
588
562
561
200
234
157
1144
758
118
289
598
911
60
20
233
269
154
53
285
31
1672
173
225
299
1314
588
562
561
200
234
157
1144
758
118
289
598
911
60
20
233
269
154
53
285
31
1672
173
225
299
1314
588
562
561
200
234
157
1144
758
118
289
598
911
60
20
233
269
154
53
285
31
1672
173
225
299
1314
588
562
561
200
234
157
1144
758
118
289
598
911
60
20
233
269
154
53
285
31
1672
173
225
299
1314
588
562
561
200
234
157
1144
758
118
289
598
911
60
20
233
269
154
53
285
31
1672
173
225
299
1314
588
562
561
200
234
157
1144
758
118
289
598
911
60
20
233
269
154
53
285
31
1672
173
225
299
1314
588
562
561
200
234
157
1144
758
118
289
598
911
60
20
233
269
154
53
285
31
1672
173
225
299
1314
588
562
561
200
234
157
1144
758
118
289
598
911
60
20
233
269
154
53
285
31
1672
173
225
299
1314
588
562
561
200
234
157
1144
758
118
289
598
911
60
20
233
269
154
53
285
31
1672
173
225
299
1314
588
562
561
200
234
157
1144
758
118
289
598
911
60
20
233
269
154
53
285
31
1672
173
225
299
1314
588
562
561
200
234
157
1144
758
118
289
598
911
60
20
233
269
154
53
285
31
1672
173
225
299
1314
588
562
561
200
234
157
1144
758
118
289
598
911
60
20
233
269
154
53
285
31
1672
173
225
299
1314
588
562
561
200
234
157
1144
758
118
289
598
911
60
20
233
269
154
53
285
31
1672
173
225
299
1314
588
562
561
200
234
157
1144
758
118
289
598
911
60
20
233
269
154
53
285
31
1672
173
225
299
1314
588
562
561
200
234
157
1144
758
118
289
598
911
60
20
233
269
154
53
285
31
1672
173
225
299
1314
588
562
561
200
234
157
1144
758
118
289
598
911
60
20
233
269
154
53
285
31
1672
173
225
299
1314
588
562
561
200
234
157
1144
758
118
289
598
911
60
20
233
269
154
53
285
31
1672
173
225
299
1314
588
562
561
200
234
157
1144
758
118
289
598
911
60
20
233
269
154
53
285
31
1672
173
225
299
1314
588
562
561
200
234
157
1144
758
118
289
598
911
60
20
233
269
154
53
285
31
1672
173
225
299