225
1314
291
2172
1672
20
23
1107
36
240
200
1135
234
40
299
22
616
289
561
173
758
269
125
598
939
225
1314
291
2172
1672
20
23
1107
36
240
200
1135
234
40
299
22
616
289
561
173
758
269
125
598
939
225
1314
291
2172
1672
20
23
1107
36
240
200
1135
234
40
299
22
616
289
561
173
758
269
125
598
939
225
1314
291
2172
1672
20
23
1107
36
240
200
1135
234
40
299
22
616
289
561
173
758
269
125
598
939
225
1314
291
2172
1672
20
23
1107
36
240
200
1135
234
40
299
22
616
289
561
173
758
269
125
598
939
225
1314
291
2172
1672
20
23
1107
36
240
200
1135
234
40
299
22
616
289
561
173
758
269
125
598
939
225
1314
291
2172
1672
20
23
1107
36
240
200
1135
234
40
299
22
616
289
561
173
758
269
125
598
939
225
1314
291
2172
1672
20
23
1107
36
240
200
1135
234
40
299
22
616
289
561
173
758
269
125
598
939
225
1314
291
2172
1672
20
23
1107
36
240
200
1135
234
40
299
22
616
289
561
173
758
269
125
598
939
225
1314
291
2172
1672
20
23
1107
36
240
200
1135
234
40
299
22
616
289
561
173
758
269
125
598
939
225
1314
291
2172
1672
20
23
1107
36
240
200
1135
234
40
299
22
616
289
561
173
758
269
125
598
939
225
1314
291
2172
1672
20
23
1107
36
240
200
1135
234
40
299
22
616
289
561
173
758
269
125
598
939
225
1314
291
2172
1672
20
23
1107
36
240
200
1135
234
40
299
22
616
289
561
173
758
269
125
598
939
225
1314
291
2172
1672
20
23
1107
36
240
200
1135
234
40
299
22
616
289
561
173
758
269
125
598
939
225
1314
291
2172
1672
20
23
1107
36
240
200
1135
234
40
299
22
616
289
561
173
758
269
125
598
939
225
1314
291
2172
1672
20
23
1107
36
240
200
1135
234
40
299
22
616
289
561
173
758
269
125
598
939
225
1314
291
2172
1672
20
23
1107
36
240
200
1135
234
40
299
22
616
289
561
173
758
269
125
598
939
225
1314
291
2172
1672
20
23
1107
36
240
200
1135
234
40
299
22
616
289
561
173
758
269
125
598
939
225
1314
291
2172
1672
20
23
1107
36
240
200
1135
234
40
299
22
616
289
561
173
758
269
125
598
939
225
1314
291
2172
1672
20
23
1107
36
240
200
1135
234
40
299
22
616
289
561
173
758
269
125
598
939
225
1314
291
2172
1672
20
23
1107
36
240
200
1135
234
40
299
22
616
289
561
173
758
269
125
598
939
225
1314
291
2172
1672
20
23
1107
36
240
200
1135
234
40
299
22
616
289
561
173
758
269
125
598
939
225
1314
291
2172
1672
20
23
1107
36
240
200
1135
234
40
299
22
616
289
561
173
758
269
125
598
939
225
1314
291
2172
1672
20
23
1107
36
240
200
1135
234
40
299
22
616
289
561
173
758
269
125
598
939
225
1314
291
2172
1672
20
23
1107
36
240
200
1135
234
40
299
22
616
289
561
173
758
269
125
598
939
225
1314
291
2172
1672
20
23
1107
36
240
200
1135
234
40
299
22
616
289
561
173
758
269
125
598
939
225
1314
291
2172
1672
20
23
1107
36
240
200
1135
234
40
299
22
616
289
561
173
758
269
125
598
939
225
1314
291
2172
1672
20
23
1107
36
240
200
1135
234
40
299
22
616
289
561
173
758
269
125
598
939
225
1314
291
2172
1672
20
23
1107
36
240
200
1135
234
40
299
22
616
289
561
173
758
269
125
598
939
225
1314
291
2172
1672
20
23
1107
36
240
200
1135
234
40
299
22
616
289
561
173
758
269
125
598
939
225
1314
291
2172
1672
20
23
1107
36
240
200
1135
234
40
299
22
616
289
561
173
758
269
125
598
939
225
1314
291
2172
1672
20
23
1107
36
240
200
1135
234
40
299
22
616
289
561
173
758
269
125
598
939
225
1314
291
2172
1672
20
23
1107
36
240
200
1135
234
40
299
22
616
289
561
173
758
269
125
598
939
225
1314
291
2172
1672
20
23
1107
36
240
200
1135
234
40
299
22
616
289
561
173
758
269
125
598
939
225
1314
291
2172
1672
20
23
1107
36
240
200
1135
234
40
299
22
616
289
561
173
758
269
125
598
939
225
1314
291
2172
1672
20
23
1107
36
240
200
1135
234
40
299
22
616
289
561
173
758
269
125
598
939
225
1314
291
2172
1672
20
23
1107
36
240
200
1135
234
40
299
22
616
289
561
173
758
269
125
598
939
225
1314
291
2172
1672
20
23
1107
36
240
200
1135
234
40
299
22
616
289
561
173
758
269
125
598
939
225
1314
291
2172
1672
20
23
1107
36
240
200
1135
234
40
299
22
616
289
561
173
758
269
125
598
939
225
1314
291
2172
1672
20
23
1107
36
240
200
1135
234
40
299
22
616
289
561
173
758
269
125
598
939
225
1314
291
2172
1672
20
23
1107
36
240
200
1135
234
40
299
22
616
289
561
173
758
269
125
598
939
225
1314
291
2172
1672
20
23
1107
36
240
200
1135
234
40
299
22
616
289
561
173
758
269
125
598
939
225
1314
291
2172
1672
20
23
1107
36
240
200
1135
234
40
299
22
616
289
561
173
758
269
125
598
939
225
1314
291
2172
1672
20
23
1107
36
240
200
1135
234
40
299
22
616
289
561
173
758
269
125
598
939
225
1314
291
2172
1672
20
23
1107
36
240
200
1135
234
40
299
22
616
289
561
173
758
269
125
598
939
225
1314
291
2172
1672
20
23
1107
36
240
200
1135
234
40
299
22
616
289
561
173
758
269
125
598
939
225
1314
291
2172
1672
20
23
1107
36
240
200
1135
234
40
299
22
616
289
561
173
758
269
125
598
939
225
1314
291
2172
1672
20
23
1107
36
240
200
1135
234
40
299
22
616
289
561
173
758
269
125
598
939
225
1314
291
2172
1672
20
23
1107
36
240
200
1135
234
40
299
22
616
289
561
173
758
269
125
598
939
225
1314
291
2172
1672
20
23
1107
36
240
200
1135
234
40
299
22
616
289
561
173
758
269
125
598
939