598
291
289
562
1135
233
173
758
37
234
40
663
269
31
225
64
36
118
561
568
1314
200
359
2172
588
598
291
289
562
1135
233
173
758
37
234
40
663
269
31
225
64
36
118
561
568
1314
200
359
2172
588
598
291
289
562
1135
233
173
758
37
234
40
663
269
31
225
64
36
118
561
568
1314
200
359
2172
588
598
291
289
562
1135
233
173
758
37
234
40
663
269
31
225
64
36
118
561
568
1314
200
359
2172
588
598
291
289
562
1135
233
173
758
37
234
40
663
269
31
225
64
36
118
561
568
1314
200
359
2172
588
598
291
289
562
1135
233
173
758
37
234
40
663
269
31
225
64
36
118
561
568
1314
200
359
2172
588
598
291
289
562
1135
233
173
758
37
234
40
663
269
31
225
64
36
118
561
568
1314
200
359
2172
588
598
291
289
562
1135
233
173
758
37
234
40
663
269
31
225
64
36
118
561
568
1314
200
359
2172
588
598
291
289
562
1135
233
173
758
37
234
40
663
269
31
225
64
36
118
561
568
1314
200
359
2172
588
598
291
289
562
1135
233
173
758
37
234
40
663
269
31
225
64
36
118
561
568
1314
200
359
2172
588
598
291
289
562
1135
233
173
758
37
234
40
663
269
31
225
64
36
118
561
568
1314
200
359
2172
588
598
291
289
562
1135
233
173
758
37
234
40
663
269
31
225
64
36
118
561
568
1314
200
359
2172
588
598
291
289
562
1135
233
173
758
37
234
40
663
269
31
225
64
36
118
561
568
1314
200
359
2172
588
598
291
289
562
1135
233
173
758
37
234
40
663
269
31
225
64
36
118
561
568
1314
200
359
2172
588
598
291
289
562
1135
233
173
758
37
234
40
663
269
31
225
64
36
118
561
568
1314
200
359
2172
588
598
291
289
562
1135
233
173
758
37
234
40
663
269
31
225
64
36
118
561
568
1314
200
359
2172
588
598
291
289
562
1135
233
173
758
37
234
40
663
269
31
225
64
36
118
561
568
1314
200
359
2172
588
598
291
289
562
1135
233
173
758
37
234
40
663
269
31
225
64
36
118
561
568
1314
200
359
2172
588
598
291
289
562
1135
233
173
758
37
234
40
663
269
31
225
64
36
118
561
568
1314
200
359
2172
588
598
291
289
562
1135
233
173
758
37
234
40
663
269
31
225
64
36
118
561
568
1314
200
359
2172
588
598
291
289
562
1135
233
173
758
37
234
40
663
269
31
225
64
36
118
561
568
1314
200
359
2172
588
598
291
289
562
1135
233
173
758
37
234
40
663
269
31
225
64
36
118
561
568
1314
200
359
2172
588
598
291
289
562
1135
233
173
758
37
234
40
663
269
31
225
64
36
118
561
568
1314
200
359
2172
588
598
291
289
562
1135
233
173
758
37
234
40
663
269
31
225
64
36
118
561
568
1314
200
359
2172
588
598
291
289
562
1135
233
173
758
37
234
40
663
269
31
225
64
36
118
561
568
1314
200
359
2172
588
598
291
289
562
1135
233
173
758
37
234
40
663
269
31
225
64
36
118
561
568
1314
200
359
2172
588
598
291
289
562
1135
233
173
758
37
234
40
663
269
31
225
64
36
118
561
568
1314
200
359
2172
588
598
291
289
562
1135
233
173
758
37
234
40
663
269
31
225
64
36
118
561
568
1314
200
359
2172
588
598
291
289
562
1135
233
173
758
37
234
40
663
269
31
225
64
36
118
561
568
1314
200
359
2172
588
598
291
289
562
1135
233
173
758
37
234
40
663
269
31
225
64
36
118
561
568
1314
200
359
2172
588
598
291
289
562
1135
233
173
758
37
234
40
663
269
31
225
64
36
118
561
568
1314
200
359
2172
588
598
291
289
562
1135
233
173
758
37
234
40
663
269
31
225
64
36
118
561
568
1314
200
359
2172
588
598
291
289
562
1135
233
173
758
37
234
40
663
269
31
225
64
36
118
561
568
1314
200
359
2172
588
598
291
289
562
1135
233
173
758
37
234
40
663
269
31
225
64
36
118
561
568
1314
200
359
2172
588
598
291
289
562
1135
233
173
758
37
234
40
663
269
31
225
64
36
118
561
568
1314
200
359
2172
588
598
291
289
562
1135
233
173
758
37
234
40
663
269
31
225
64
36
118
561
568
1314
200
359
2172
588
598
291
289
562
1135
233
173
758
37
234
40
663
269
31
225
64
36
118
561
568
1314
200
359
2172
588
598
291
289
562
1135
233
173
758
37
234
40
663
269
31
225
64
36
118
561
568
1314
200
359
2172
588
598
291
289
562
1135
233
173
758
37
234
40
663
269
31
225
64
36
118
561
568
1314
200
359
2172
588
598
291
289
562
1135
233
173
758
37
234
40
663
269
31
225
64
36
118
561
568
1314
200
359
2172
588
598
291
289
562
1135
233
173
758
37
234
40
663
269
31
225
64
36
118
561
568
1314
200
359
2172
588
598
291
289
562
1135
233
173
758
37
234
40
663
269
31
225
64
36
118
561
568
1314
200
359
2172
588
598
291
289
562
1135
233
173
758
37
234
40
663
269
31
225
64
36
118
561
568
1314
200
359
2172
588
598
291
289
562
1135
233
173
758
37
234
40
663
269
31
225
64
36
118
561
568
1314
200
359
2172
588
598
291
289
562
1135
233
173
758
37
234
40
663
269
31
225
64
36
118
561
568
1314
200
359
2172
588
598
291
289
562
1135
233
173
758
37
234
40
663
269
31
225
64
36
118
561
568
1314
200
359
2172
588
598
291
289
562
1135
233
173
758
37
234
40
663
269
31
225
64
36
118
561
568
1314
200
359
2172
588
598
291
289
562
1135
233
173
758
37
234
40
663
269
31
225
64
36
118
561
568
1314
200
359
2172
588
598
291
289
562
1135
233
173
758
37
234
40
663
269
31
225
64
36
118
561
568
1314
200
359
2172
588
598
291
289
562
1135
233
173
758
37
234
40
663
269
31
225
64
36
118
561
568
1314
200
359
2172
588