234
22
598
23
285
587
562
233
616
939
18
1144
359
911
36
173
269
559
2172
71
157
663
51
154
1949
234
22
598
23
285
587
562
233
616
939
18
1144
359
911
36
173
269
559
2172
71
157
663
51
154
1949
234
22
598
23
285
587
562
233
616
939
18
1144
359
911
36
173
269
559
2172
71
157
663
51
154
1949
234
22
598
23
285
587
562
233
616
939
18
1144
359
911
36
173
269
559
2172
71
157
663
51
154
1949
234
22
598
23
285
587
562
233
616
939
18
1144
359
911
36
173
269
559
2172
71
157
663
51
154
1949
234
22
598
23
285
587
562
233
616
939
18
1144
359
911
36
173
269
559
2172
71
157
663
51
154
1949
234
22
598
23
285
587
562
233
616
939
18
1144
359
911
36
173
269
559
2172
71
157
663
51
154
1949
234
22
598
23
285
587
562
233
616
939
18
1144
359
911
36
173
269
559
2172
71
157
663
51
154
1949
234
22
598
23
285
587
562
233
616
939
18
1144
359
911
36
173
269
559
2172
71
157
663
51
154
1949
234
22
598
23
285
587
562
233
616
939
18
1144
359
911
36
173
269
559
2172
71
157
663
51
154
1949
234
22
598
23
285
587
562
233
616
939
18
1144
359
911
36
173
269
559
2172
71
157
663
51
154
1949
234
22
598
23
285
587
562
233
616
939
18
1144
359
911
36
173
269
559
2172
71
157
663
51
154
1949
234
22
598
23
285
587
562
233
616
939
18
1144
359
911
36
173
269
559
2172
71
157
663
51
154
1949
234
22
598
23
285
587
562
233
616
939
18
1144
359
911
36
173
269
559
2172
71
157
663
51
154
1949
234
22
598
23
285
587
562
233
616
939
18
1144
359
911
36
173
269
559
2172
71
157
663
51
154
1949
234
22
598
23
285
587
562
233
616
939
18
1144
359
911
36
173
269
559
2172
71
157
663
51
154
1949
234
22
598
23
285
587
562
233
616
939
18
1144
359
911
36
173
269
559
2172
71
157
663
51
154
1949
234
22
598
23
285
587
562
233
616
939
18
1144
359
911
36
173
269
559
2172
71
157
663
51
154
1949
234
22
598
23
285
587
562
233
616
939
18
1144
359
911
36
173
269
559
2172
71
157
663
51
154
1949
234
22
598
23
285
587
562
233
616
939
18
1144
359
911
36
173
269
559
2172
71
157
663
51
154
1949
234
22
598
23
285
587
562
233
616
939
18
1144
359
911
36
173
269
559
2172
71
157
663
51
154
1949
234
22
598
23
285
587
562
233
616
939
18
1144
359
911
36
173
269
559
2172
71
157
663
51
154
1949
234
22
598
23
285
587
562
233
616
939
18
1144
359
911
36
173
269
559
2172
71
157
663
51
154
1949
234
22
598
23
285
587
562
233
616
939
18
1144
359
911
36
173
269
559
2172
71
157
663
51
154
1949
234
22
598
23
285
587
562
233
616
939
18
1144
359
911
36
173
269
559
2172
71
157
663
51
154
1949
234
22
598
23
285
587
562
233
616
939
18
1144
359
911
36
173
269
559
2172
71
157
663
51
154
1949
234
22
598
23
285
587
562
233
616
939
18
1144
359
911
36
173
269
559
2172
71
157
663
51
154
1949
234
22
598
23
285
587
562
233
616
939
18
1144
359
911
36
173
269
559
2172
71
157
663
51
154
1949
234
22
598
23
285
587
562
233
616
939
18
1144
359
911
36
173
269
559
2172
71
157
663
51
154
1949
234
22
598
23
285
587
562
233
616
939
18
1144
359
911
36
173
269
559
2172
71
157
663
51
154
1949
234
22
598
23
285
587
562
233
616
939
18
1144
359
911
36
173
269
559
2172
71
157
663
51
154
1949
234
22
598
23
285
587
562
233
616
939
18
1144
359
911
36
173
269
559
2172
71
157
663
51
154
1949
234
22
598
23
285
587
562
233
616
939
18
1144
359
911
36
173
269
559
2172
71
157
663
51
154
1949
234
22
598
23
285
587
562
233
616
939
18
1144
359
911
36
173
269
559
2172
71
157
663
51
154
1949
234
22
598
23
285
587
562
233
616
939
18
1144
359
911
36
173
269
559
2172
71
157
663
51
154
1949
234
22
598
23
285
587
562
233
616
939
18
1144
359
911
36
173
269
559
2172
71
157
663
51
154
1949
234
22
598
23
285
587
562
233
616
939
18
1144
359
911
36
173
269
559
2172
71
157
663
51
154
1949
234
22
598
23
285
587
562
233
616
939
18
1144
359
911
36
173
269
559
2172
71
157
663
51
154
1949
234
22
598
23
285
587
562
233
616
939
18
1144
359
911
36
173
269
559
2172
71
157
663
51
154
1949
234
22
598
23
285
587
562
233
616
939
18
1144
359
911
36
173
269
559
2172
71
157
663
51
154
1949
234
22
598
23
285
587
562
233
616
939
18
1144
359
911
36
173
269
559
2172
71
157
663
51
154
1949
234
22
598
23
285
587
562
233
616
939
18
1144
359
911
36
173
269
559
2172
71
157
663
51
154
1949
234
22
598
23
285
587
562
233
616
939
18
1144
359
911
36
173
269
559
2172
71
157
663
51
154
1949
234
22
598
23
285
587
562
233
616
939
18
1144
359
911
36
173
269
559
2172
71
157
663
51
154
1949
234
22
598
23
285
587
562
233
616
939
18
1144
359
911
36
173
269
559
2172
71
157
663
51
154
1949
234
22
598
23
285
587
562
233
616
939
18
1144
359
911
36
173
269
559
2172
71
157
663
51
154
1949
234
22
598
23
285
587
562
233
616
939
18
1144
359
911
36
173
269
559
2172
71
157
663
51
154
1949
234
22
598
23
285
587
562
233
616
939
18
1144
359
911
36
173
269
559
2172
71
157
663
51
154
1949
234
22
598
23
285
587
562
233
616
939
18
1144
359
911
36
173
269
559
2172
71
157
663
51
154
1949
234
22
598
23
285
587
562
233
616
939
18
1144
359
911
36
173
269
559
2172
71
157
663
51
154
1949