197
225
60
289
173
125
587
234
19
291
233
299
23
568
269
382
1135
562
18
1314
71
939
118
561
157
197
225
60
289
173
125
587
234
19
291
233
299
23
568
269
382
1135
562
18
1314
71
939
118
561
157
197
225
60
289
173
125
587
234
19
291
233
299
23
568
269
382
1135
562
18
1314
71
939
118
561
157
197
225
60
289
173
125
587
234
19
291
233
299
23
568
269
382
1135
562
18
1314
71
939
118
561
157
197
225
60
289
173
125
587
234
19
291
233
299
23
568
269
382
1135
562
18
1314
71
939
118
561
157
197
225
60
289
173
125
587
234
19
291
233
299
23
568
269
382
1135
562
18
1314
71
939
118
561
157
197
225
60
289
173
125
587
234
19
291
233
299
23
568
269
382
1135
562
18
1314
71
939
118
561
157
197
225
60
289
173
125
587
234
19
291
233
299
23
568
269
382
1135
562
18
1314
71
939
118
561
157
197
225
60
289
173
125
587
234
19
291
233
299
23
568
269
382
1135
562
18
1314
71
939
118
561
157
197
225
60
289
173
125
587
234
19
291
233
299
23
568
269
382
1135
562
18
1314
71
939
118
561
157
197
225
60
289
173
125
587
234
19
291
233
299
23
568
269
382
1135
562
18
1314
71
939
118
561
157
197
225
60
289
173
125
587
234
19
291
233
299
23
568
269
382
1135
562
18
1314
71
939
118
561
157
197
225
60
289
173
125
587
234
19
291
233
299
23
568
269
382
1135
562
18
1314
71
939
118
561
157
197
225
60
289
173
125
587
234
19
291
233
299
23
568
269
382
1135
562
18
1314
71
939
118
561
157
197
225
60
289
173
125
587
234
19
291
233
299
23
568
269
382
1135
562
18
1314
71
939
118
561
157
197
225
60
289
173
125
587
234
19
291
233
299
23
568
269
382
1135
562
18
1314
71
939
118
561
157
197
225
60
289
173
125
587
234
19
291
233
299
23
568
269
382
1135
562
18
1314
71
939
118
561
157
197
225
60
289
173
125
587
234
19
291
233
299
23
568
269
382
1135
562
18
1314
71
939
118
561
157
197
225
60
289
173
125
587
234
19
291
233
299
23
568
269
382
1135
562
18
1314
71
939
118
561
157
197
225
60
289
173
125
587
234
19
291
233
299
23
568
269
382
1135
562
18
1314
71
939
118
561
157
197
225
60
289
173
125
587
234
19
291
233
299
23
568
269
382
1135
562
18
1314
71
939
118
561
157
197
225
60
289
173
125
587
234
19
291
233
299
23
568
269
382
1135
562
18
1314
71
939
118
561
157
197
225
60
289
173
125
587
234
19
291
233
299
23
568
269
382
1135
562
18
1314
71
939
118
561
157
197
225
60
289
173
125
587
234
19
291
233
299
23
568
269
382
1135
562
18
1314
71
939
118
561
157
197
225
60
289
173
125
587
234
19
291
233
299
23
568
269
382
1135
562
18
1314
71
939
118
561
157
197
225
60
289
173
125
587
234
19
291
233
299
23
568
269
382
1135
562
18
1314
71
939
118
561
157
197
225
60
289
173
125
587
234
19
291
233
299
23
568
269
382
1135
562
18
1314
71
939
118
561
157
197
225
60
289
173
125
587
234
19
291
233
299
23
568
269
382
1135
562
18
1314
71
939
118
561
157
197
225
60
289
173
125
587
234
19
291
233
299
23
568
269
382
1135
562
18
1314
71
939
118
561
157
197
225
60
289
173
125
587
234
19
291
233
299
23
568
269
382
1135
562
18
1314
71
939
118
561
157
197
225
60
289
173
125
587
234
19
291
233
299
23
568
269
382
1135
562
18
1314
71
939
118
561
157
197
225
60
289
173
125
587
234
19
291
233
299
23
568
269
382
1135
562
18
1314
71
939
118
561
157
197
225
60
289
173
125
587
234
19
291
233
299
23
568
269
382
1135
562
18
1314
71
939
118
561
157
197
225
60
289
173
125
587
234
19
291
233
299
23
568
269
382
1135
562
18
1314
71
939
118
561
157
197
225
60
289
173
125
587
234
19
291
233
299
23
568
269
382
1135
562
18
1314
71
939
118
561
157
197
225
60
289
173
125
587
234
19
291
233
299
23
568
269
382
1135
562
18
1314
71
939
118
561
157
197
225
60
289
173
125
587
234
19
291
233
299
23
568
269
382
1135
562
18
1314
71
939
118
561
157
197
225
60
289
173
125
587
234
19
291
233
299
23
568
269
382
1135
562
18
1314
71
939
118
561
157
197
225
60
289
173
125
587
234
19
291
233
299
23
568
269
382
1135
562
18
1314
71
939
118
561
157
197
225
60
289
173
125
587
234
19
291
233
299
23
568
269
382
1135
562
18
1314
71
939
118
561
157
197
225
60
289
173
125
587
234
19
291
233
299
23
568
269
382
1135
562
18
1314
71
939
118
561
157
197
225
60
289
173
125
587
234
19
291
233
299
23
568
269
382
1135
562
18
1314
71
939
118
561
157
197
225
60
289
173
125
587
234
19
291
233
299
23
568
269
382
1135
562
18
1314
71
939
118
561
157
197
225
60
289
173
125
587
234
19
291
233
299
23
568
269
382
1135
562
18
1314
71
939
118
561
157
197
225
60
289
173
125
587
234
19
291
233
299
23
568
269
382
1135
562
18
1314
71
939
118
561
157
197
225
60
289
173
125
587
234
19
291
233
299
23
568
269
382
1135
562
18
1314
71
939
118
561
157
197
225
60
289
173
125
587
234
19
291
233
299
23
568
269
382
1135
562
18
1314
71
939
118
561
157
197
225
60
289
173
125
587
234
19
291
233
299
23
568
269
382
1135
562
18
1314
71
939
118
561
157
197
225
60
289
173
125
587
234
19
291
233
299
23
568
269
382
1135
562
18
1314
71
939
118
561
157
197
225
60
289
173
125
587
234
19
291
233
299
23
568
269
382
1135
562
18
1314
71
939
118
561
157