18
157
285
53
299
670
173
1107
125
1314
31
939
1135
382
51
60
1144
587
291
234
663
568
37
2172
758
18
157
285
53
299
670
173
1107
125
1314
31
939
1135
382
51
60
1144
587
291
234
663
568
37
2172
758
18
157
285
53
299
670
173
1107
125
1314
31
939
1135
382
51
60
1144
587
291
234
663
568
37
2172
758
18
157
285
53
299
670
173
1107
125
1314
31
939
1135
382
51
60
1144
587
291
234
663
568
37
2172
758
18
157
285
53
299
670
173
1107
125
1314
31
939
1135
382
51
60
1144
587
291
234
663
568
37
2172
758
18
157
285
53
299
670
173
1107
125
1314
31
939
1135
382
51
60
1144
587
291
234
663
568
37
2172
758
18
157
285
53
299
670
173
1107
125
1314
31
939
1135
382
51
60
1144
587
291
234
663
568
37
2172
758
18
157
285
53
299
670
173
1107
125
1314
31
939
1135
382
51
60
1144
587
291
234
663
568
37
2172
758
18
157
285
53
299
670
173
1107
125
1314
31
939
1135
382
51
60
1144
587
291
234
663
568
37
2172
758
18
157
285
53
299
670
173
1107
125
1314
31
939
1135
382
51
60
1144
587
291
234
663
568
37
2172
758
18
157
285
53
299
670
173
1107
125
1314
31
939
1135
382
51
60
1144
587
291
234
663
568
37
2172
758
18
157
285
53
299
670
173
1107
125
1314
31
939
1135
382
51
60
1144
587
291
234
663
568
37
2172
758
18
157
285
53
299
670
173
1107
125
1314
31
939
1135
382
51
60
1144
587
291
234
663
568
37
2172
758
18
157
285
53
299
670
173
1107
125
1314
31
939
1135
382
51
60
1144
587
291
234
663
568
37
2172
758
18
157
285
53
299
670
173
1107
125
1314
31
939
1135
382
51
60
1144
587
291
234
663
568
37
2172
758
18
157
285
53
299
670
173
1107
125
1314
31
939
1135
382
51
60
1144
587
291
234
663
568
37
2172
758
18
157
285
53
299
670
173
1107
125
1314
31
939
1135
382
51
60
1144
587
291
234
663
568
37
2172
758
18
157
285
53
299
670
173
1107
125
1314
31
939
1135
382
51
60
1144
587
291
234
663
568
37
2172
758
18
157
285
53
299
670
173
1107
125
1314
31
939
1135
382
51
60
1144
587
291
234
663
568
37
2172
758
18
157
285
53
299
670
173
1107
125
1314
31
939
1135
382
51
60
1144
587
291
234
663
568
37
2172
758
18
157
285
53
299
670
173
1107
125
1314
31
939
1135
382
51
60
1144
587
291
234
663
568
37
2172
758
18
157
285
53
299
670
173
1107
125
1314
31
939
1135
382
51
60
1144
587
291
234
663
568
37
2172
758
18
157
285
53
299
670
173
1107
125
1314
31
939
1135
382
51
60
1144
587
291
234
663
568
37
2172
758
18
157
285
53
299
670
173
1107
125
1314
31
939
1135
382
51
60
1144
587
291
234
663
568
37
2172
758
18
157
285
53
299
670
173
1107
125
1314
31
939
1135
382
51
60
1144
587
291
234
663
568
37
2172
758
18
157
285
53
299
670
173
1107
125
1314
31
939
1135
382
51
60
1144
587
291
234
663
568
37
2172
758
18
157
285
53
299
670
173
1107
125
1314
31
939
1135
382
51
60
1144
587
291
234
663
568
37
2172
758
18
157
285
53
299
670
173
1107
125
1314
31
939
1135
382
51
60
1144
587
291
234
663
568
37
2172
758
18
157
285
53
299
670
173
1107
125
1314
31
939
1135
382
51
60
1144
587
291
234
663
568
37
2172
758
18
157
285
53
299
670
173
1107
125
1314
31
939
1135
382
51
60
1144
587
291
234
663
568
37
2172
758
18
157
285
53
299
670
173
1107
125
1314
31
939
1135
382
51
60
1144
587
291
234
663
568
37
2172
758
18
157
285
53
299
670
173
1107
125
1314
31
939
1135
382
51
60
1144
587
291
234
663
568
37
2172
758
18
157
285
53
299
670
173
1107
125
1314
31
939
1135
382
51
60
1144
587
291
234
663
568
37
2172
758
18
157
285
53
299
670
173
1107
125
1314
31
939
1135
382
51
60
1144
587
291
234
663
568
37
2172
758
18
157
285
53
299
670
173
1107
125
1314
31
939
1135
382
51
60
1144
587
291
234
663
568
37
2172
758
18
157
285
53
299
670
173
1107
125
1314
31
939
1135
382
51
60
1144
587
291
234
663
568
37
2172
758
18
157
285
53
299
670
173
1107
125
1314
31
939
1135
382
51
60
1144
587
291
234
663
568
37
2172
758
18
157
285
53
299
670
173
1107
125
1314
31
939
1135
382
51
60
1144
587
291
234
663
568
37
2172
758
18
157
285
53
299
670
173
1107
125
1314
31
939
1135
382
51
60
1144
587
291
234
663
568
37
2172
758
18
157
285
53
299
670
173
1107
125
1314
31
939
1135
382
51
60
1144
587
291
234
663
568
37
2172
758
18
157
285
53
299
670
173
1107
125
1314
31
939
1135
382
51
60
1144
587
291
234
663
568
37
2172
758
18
157
285
53
299
670
173
1107
125
1314
31
939
1135
382
51
60
1144
587
291
234
663
568
37
2172
758
18
157
285
53
299
670
173
1107
125
1314
31
939
1135
382
51
60
1144
587
291
234
663
568
37
2172
758
18
157
285
53
299
670
173
1107
125
1314
31
939
1135
382
51
60
1144
587
291
234
663
568
37
2172
758
18
157
285
53
299
670
173
1107
125
1314
31
939
1135
382
51
60
1144
587
291
234
663
568
37
2172
758
18
157
285
53
299
670
173
1107
125
1314
31
939
1135
382
51
60
1144
587
291
234
663
568
37
2172
758
18
157
285
53
299
670
173
1107
125
1314
31
939
1135
382
51
60
1144
587
291
234
663
568
37
2172
758
18
157
285
53
299
670
173
1107
125
1314
31
939
1135
382
51
60
1144
587
291
234
663
568
37
2172
758
18
157
285
53
299
670
173
1107
125
1314
31
939
1135
382
51
60
1144
587
291
234
663
568
37
2172
758
18
157
285
53
299
670
173
1107
125
1314
31
939
1135
382
51
60
1144
587
291
234
663
568
37
2172
758