20
240
157
1672
269
758
299
670
118
60
1135
587
1144
559
911
382
1107
616
197
289
154
31
1314
285
225
20
240
157
1672
269
758
299
670
118
60
1135
587
1144
559
911
382
1107
616
197
289
154
31
1314
285
225
20
240
157
1672
269
758
299
670
118
60
1135
587
1144
559
911
382
1107
616
197
289
154
31
1314
285
225
20
240
157
1672
269
758
299
670
118
60
1135
587
1144
559
911
382
1107
616
197
289
154
31
1314
285
225
20
240
157
1672
269
758
299
670
118
60
1135
587
1144
559
911
382
1107
616
197
289
154
31
1314
285
225
20
240
157
1672
269
758
299
670
118
60
1135
587
1144
559
911
382
1107
616
197
289
154
31
1314
285
225
20
240
157
1672
269
758
299
670
118
60
1135
587
1144
559
911
382
1107
616
197
289
154
31
1314
285
225
20
240
157
1672
269
758
299
670
118
60
1135
587
1144
559
911
382
1107
616
197
289
154
31
1314
285
225
20
240
157
1672
269
758
299
670
118
60
1135
587
1144
559
911
382
1107
616
197
289
154
31
1314
285
225
20
240
157
1672
269
758
299
670
118
60
1135
587
1144
559
911
382
1107
616
197
289
154
31
1314
285
225
20
240
157
1672
269
758
299
670
118
60
1135
587
1144
559
911
382
1107
616
197
289
154
31
1314
285
225
20
240
157
1672
269
758
299
670
118
60
1135
587
1144
559
911
382
1107
616
197
289
154
31
1314
285
225
20
240
157
1672
269
758
299
670
118
60
1135
587
1144
559
911
382
1107
616
197
289
154
31
1314
285
225
20
240
157
1672
269
758
299
670
118
60
1135
587
1144
559
911
382
1107
616
197
289
154
31
1314
285
225
20
240
157
1672
269
758
299
670
118
60
1135
587
1144
559
911
382
1107
616
197
289
154
31
1314
285
225
20
240
157
1672
269
758
299
670
118
60
1135
587
1144
559
911
382
1107
616
197
289
154
31
1314
285
225
20
240
157
1672
269
758
299
670
118
60
1135
587
1144
559
911
382
1107
616
197
289
154
31
1314
285
225
20
240
157
1672
269
758
299
670
118
60
1135
587
1144
559
911
382
1107
616
197
289
154
31
1314
285
225
20
240
157
1672
269
758
299
670
118
60
1135
587
1144
559
911
382
1107
616
197
289
154
31
1314
285
225
20
240
157
1672
269
758
299
670
118
60
1135
587
1144
559
911
382
1107
616
197
289
154
31
1314
285
225
20
240
157
1672
269
758
299
670
118
60
1135
587
1144
559
911
382
1107
616
197
289
154
31
1314
285
225
20
240
157
1672
269
758
299
670
118
60
1135
587
1144
559
911
382
1107
616
197
289
154
31
1314
285
225
20
240
157
1672
269
758
299
670
118
60
1135
587
1144
559
911
382
1107
616
197
289
154
31
1314
285
225
20
240
157
1672
269
758
299
670
118
60
1135
587
1144
559
911
382
1107
616
197
289
154
31
1314
285
225
20
240
157
1672
269
758
299
670
118
60
1135
587
1144
559
911
382
1107
616
197
289
154
31
1314
285
225
20
240
157
1672
269
758
299
670
118
60
1135
587
1144
559
911
382
1107
616
197
289
154
31
1314
285
225
20
240
157
1672
269
758
299
670
118
60
1135
587
1144
559
911
382
1107
616
197
289
154
31
1314
285
225
20
240
157
1672
269
758
299
670
118
60
1135
587
1144
559
911
382
1107
616
197
289
154
31
1314
285
225
20
240
157
1672
269
758
299
670
118
60
1135
587
1144
559
911
382
1107
616
197
289
154
31
1314
285
225
20
240
157
1672
269
758
299
670
118
60
1135
587
1144
559
911
382
1107
616
197
289
154
31
1314
285
225
20
240
157
1672
269
758
299
670
118
60
1135
587
1144
559
911
382
1107
616
197
289
154
31
1314
285
225
20
240
157
1672
269
758
299
670
118
60
1135
587
1144
559
911
382
1107
616
197
289
154
31
1314
285
225
20
240
157
1672
269
758
299
670
118
60
1135
587
1144
559
911
382
1107
616
197
289
154
31
1314
285
225
20
240
157
1672
269
758
299
670
118
60
1135
587
1144
559
911
382
1107
616
197
289
154
31
1314
285
225
20
240
157
1672
269
758
299
670
118
60
1135
587
1144
559
911
382
1107
616
197
289
154
31
1314
285
225
20
240
157
1672
269
758
299
670
118
60
1135
587
1144
559
911
382
1107
616
197
289
154
31
1314
285
225
20
240
157
1672
269
758
299
670
118
60
1135
587
1144
559
911
382
1107
616
197
289
154
31
1314
285
225
20
240
157
1672
269
758
299
670
118
60
1135
587
1144
559
911
382
1107
616
197
289
154
31
1314
285
225
20
240
157
1672
269
758
299
670
118
60
1135
587
1144
559
911
382
1107
616
197
289
154
31
1314
285
225
20
240
157
1672
269
758
299
670
118
60
1135
587
1144
559
911
382
1107
616
197
289
154
31
1314
285
225
20
240
157
1672
269
758
299
670
118
60
1135
587
1144
559
911
382
1107
616
197
289
154
31
1314
285
225
20
240
157
1672
269
758
299
670
118
60
1135
587
1144
559
911
382
1107
616
197
289
154
31
1314
285
225
20
240
157
1672
269
758
299
670
118
60
1135
587
1144
559
911
382
1107
616
197
289
154
31
1314
285
225
20
240
157
1672
269
758
299
670
118
60
1135
587
1144
559
911
382
1107
616
197
289
154
31
1314
285
225
20
240
157
1672
269
758
299
670
118
60
1135
587
1144
559
911
382
1107
616
197
289
154
31
1314
285
225
20
240
157
1672
269
758
299
670
118
60
1135
587
1144
559
911
382
1107
616
197
289
154
31
1314
285
225
20
240
157
1672
269
758
299
670
118
60
1135
587
1144
559
911
382
1107
616
197
289
154
31
1314
285
225
20
240
157
1672
269
758
299
670
118
60
1135
587
1144
559
911
382
1107
616
197
289
154
31
1314
285
225
20
240
157
1672
269
758
299
670
118
60
1135
587
1144
559
911
382
1107
616
197
289
154
31
1314
285
225
20
240
157
1672
269
758
299
670
118
60
1135
587
1144
559
911
382
1107
616
197
289
154
31
1314
285
225