561
197
64
598
225
291
559
911
233
285
758
75
200
587
1949
20
154
1135
289
299
2172
616
1672
125
234
561
197
64
598
225
291
559
911
233
285
758
75
200
587
1949
20
154
1135
289
299
2172
616
1672
125
234
561
197
64
598
225
291
559
911
233
285
758
75
200
587
1949
20
154
1135
289
299
2172
616
1672
125
234
561
197
64
598
225
291
559
911
233
285
758
75
200
587
1949
20
154
1135
289
299
2172
616
1672
125
234
561
197
64
598
225
291
559
911
233
285
758
75
200
587
1949
20
154
1135
289
299
2172
616
1672
125
234
561
197
64
598
225
291
559
911
233
285
758
75
200
587
1949
20
154
1135
289
299
2172
616
1672
125
234
561
197
64
598
225
291
559
911
233
285
758
75
200
587
1949
20
154
1135
289
299
2172
616
1672
125
234
561
197
64
598
225
291
559
911
233
285
758
75
200
587
1949
20
154
1135
289
299
2172
616
1672
125
234
561
197
64
598
225
291
559
911
233
285
758
75
200
587
1949
20
154
1135
289
299
2172
616
1672
125
234
561
197
64
598
225
291
559
911
233
285
758
75
200
587
1949
20
154
1135
289
299
2172
616
1672
125
234
561
197
64
598
225
291
559
911
233
285
758
75
200
587
1949
20
154
1135
289
299
2172
616
1672
125
234
561
197
64
598
225
291
559
911
233
285
758
75
200
587
1949
20
154
1135
289
299
2172
616
1672
125
234
561
197
64
598
225
291
559
911
233
285
758
75
200
587
1949
20
154
1135
289
299
2172
616
1672
125
234
561
197
64
598
225
291
559
911
233
285
758
75
200
587
1949
20
154
1135
289
299
2172
616
1672
125
234
561
197
64
598
225
291
559
911
233
285
758
75
200
587
1949
20
154
1135
289
299
2172
616
1672
125
234
561
197
64
598
225
291
559
911
233
285
758
75
200
587
1949
20
154
1135
289
299
2172
616
1672
125
234
561
197
64
598
225
291
559
911
233
285
758
75
200
587
1949
20
154
1135
289
299
2172
616
1672
125
234
561
197
64
598
225
291
559
911
233
285
758
75
200
587
1949
20
154
1135
289
299
2172
616
1672
125
234
561
197
64
598
225
291
559
911
233
285
758
75
200
587
1949
20
154
1135
289
299
2172
616
1672
125
234
561
197
64
598
225
291
559
911
233
285
758
75
200
587
1949
20
154
1135
289
299
2172
616
1672
125
234
561
197
64
598
225
291
559
911
233
285
758
75
200
587
1949
20
154
1135
289
299
2172
616
1672
125
234
561
197
64
598
225
291
559
911
233
285
758
75
200
587
1949
20
154
1135
289
299
2172
616
1672
125
234
561
197
64
598
225
291
559
911
233
285
758
75
200
587
1949
20
154
1135
289
299
2172
616
1672
125
234
561
197
64
598
225
291
559
911
233
285
758
75
200
587
1949
20
154
1135
289
299
2172
616
1672
125
234
561
197
64
598
225
291
559
911
233
285
758
75
200
587
1949
20
154
1135
289
299
2172
616
1672
125
234
561
197
64
598
225
291
559
911
233
285
758
75
200
587
1949
20
154
1135
289
299
2172
616
1672
125
234
561
197
64
598
225
291
559
911
233
285
758
75
200
587
1949
20
154
1135
289
299
2172
616
1672
125
234
561
197
64
598
225
291
559
911
233
285
758
75
200
587
1949
20
154
1135
289
299
2172
616
1672
125
234
561
197
64
598
225
291
559
911
233
285
758
75
200
587
1949
20
154
1135
289
299
2172
616
1672
125
234
561
197
64
598
225
291
559
911
233
285
758
75
200
587
1949
20
154
1135
289
299
2172
616
1672
125
234
561
197
64
598
225
291
559
911
233
285
758
75
200
587
1949
20
154
1135
289
299
2172
616
1672
125
234
561
197
64
598
225
291
559
911
233
285
758
75
200
587
1949
20
154
1135
289
299
2172
616
1672
125
234
561
197
64
598
225
291
559
911
233
285
758
75
200
587
1949
20
154
1135
289
299
2172
616
1672
125
234
561
197
64
598
225
291
559
911
233
285
758
75
200
587
1949
20
154
1135
289
299
2172
616
1672
125
234
561
197
64
598
225
291
559
911
233
285
758
75
200
587
1949
20
154
1135
289
299
2172
616
1672
125
234
561
197
64
598
225
291
559
911
233
285
758
75
200
587
1949
20
154
1135
289
299
2172
616
1672
125
234
561
197
64
598
225
291
559
911
233
285
758
75
200
587
1949
20
154
1135
289
299
2172
616
1672
125
234
561
197
64
598
225
291
559
911
233
285
758
75
200
587
1949
20
154
1135
289
299
2172
616
1672
125
234
561
197
64
598
225
291
559
911
233
285
758
75
200
587
1949
20
154
1135
289
299
2172
616
1672
125
234
561
197
64
598
225
291
559
911
233
285
758
75
200
587
1949
20
154
1135
289
299
2172
616
1672
125
234
561
197
64
598
225
291
559
911
233
285
758
75
200
587
1949
20
154
1135
289
299
2172
616
1672
125
234
561
197
64
598
225
291
559
911
233
285
758
75
200
587
1949
20
154
1135
289
299
2172
616
1672
125
234
561
197
64
598
225
291
559
911
233
285
758
75
200
587
1949
20
154
1135
289
299
2172
616
1672
125
234
561
197
64
598
225
291
559
911
233
285
758
75
200
587
1949
20
154
1135
289
299
2172
616
1672
125
234
561
197
64
598
225
291
559
911
233
285
758
75
200
587
1949
20
154
1135
289
299
2172
616
1672
125
234
561
197
64
598
225
291
559
911
233
285
758
75
200
587
1949
20
154
1135
289
299
2172
616
1672
125
234
561
197
64
598
225
291
559
911
233
285
758
75
200
587
1949
20
154
1135
289
299
2172
616
1672
125
234
561
197
64
598
225
291
559
911
233
285
758
75
200
587
1949
20
154
1135
289
299
2172
616
1672
125
234
561
197
64
598
225
291
559
911
233
285
758
75
200
587
1949
20
154
1135
289
299
2172
616
1672
125
234
561
197
64
598
225
291
559
911
233
285
758
75
200
587
1949
20
154
1135
289
299
2172
616
1672
125
234