663
154
299
359
289
240
233
53
40
269
1135
1144
1107
18
568
1314
118
587
1672
197
1949
225
670
71
60
663
154
299
359
289
240
233
53
40
269
1135
1144
1107
18
568
1314
118
587
1672
197
1949
225
670
71
60
663
154
299
359
289
240
233
53
40
269
1135
1144
1107
18
568
1314
118
587
1672
197
1949
225
670
71
60
663
154
299
359
289
240
233
53
40
269
1135
1144
1107
18
568
1314
118
587
1672
197
1949
225
670
71
60
663
154
299
359
289
240
233
53
40
269
1135
1144
1107
18
568
1314
118
587
1672
197
1949
225
670
71
60
663
154
299
359
289
240
233
53
40
269
1135
1144
1107
18
568
1314
118
587
1672
197
1949
225
670
71
60
663
154
299
359
289
240
233
53
40
269
1135
1144
1107
18
568
1314
118
587
1672
197
1949
225
670
71
60
663
154
299
359
289
240
233
53
40
269
1135
1144
1107
18
568
1314
118
587
1672
197
1949
225
670
71
60
663
154
299
359
289
240
233
53
40
269
1135
1144
1107
18
568
1314
118
587
1672
197
1949
225
670
71
60
663
154
299
359
289
240
233
53
40
269
1135
1144
1107
18
568
1314
118
587
1672
197
1949
225
670
71
60
663
154
299
359
289
240
233
53
40
269
1135
1144
1107
18
568
1314
118
587
1672
197
1949
225
670
71
60
663
154
299
359
289
240
233
53
40
269
1135
1144
1107
18
568
1314
118
587
1672
197
1949
225
670
71
60
663
154
299
359
289
240
233
53
40
269
1135
1144
1107
18
568
1314
118
587
1672
197
1949
225
670
71
60
663
154
299
359
289
240
233
53
40
269
1135
1144
1107
18
568
1314
118
587
1672
197
1949
225
670
71
60
663
154
299
359
289
240
233
53
40
269
1135
1144
1107
18
568
1314
118
587
1672
197
1949
225
670
71
60
663
154
299
359
289
240
233
53
40
269
1135
1144
1107
18
568
1314
118
587
1672
197
1949
225
670
71
60
663
154
299
359
289
240
233
53
40
269
1135
1144
1107
18
568
1314
118
587
1672
197
1949
225
670
71
60
663
154
299
359
289
240
233
53
40
269
1135
1144
1107
18
568
1314
118
587
1672
197
1949
225
670
71
60
663
154
299
359
289
240
233
53
40
269
1135
1144
1107
18
568
1314
118
587
1672
197
1949
225
670
71
60
663
154
299
359
289
240
233
53
40
269
1135
1144
1107
18
568
1314
118
587
1672
197
1949
225
670
71
60
663
154
299
359
289
240
233
53
40
269
1135
1144
1107
18
568
1314
118
587
1672
197
1949
225
670
71
60
663
154
299
359
289
240
233
53
40
269
1135
1144
1107
18
568
1314
118
587
1672
197
1949
225
670
71
60
663
154
299
359
289
240
233
53
40
269
1135
1144
1107
18
568
1314
118
587
1672
197
1949
225
670
71
60
663
154
299
359
289
240
233
53
40
269
1135
1144
1107
18
568
1314
118
587
1672
197
1949
225
670
71
60
663
154
299
359
289
240
233
53
40
269
1135
1144
1107
18
568
1314
118
587
1672
197
1949
225
670
71
60
663
154
299
359
289
240
233
53
40
269
1135
1144
1107
18
568
1314
118
587
1672
197
1949
225
670
71
60
663
154
299
359
289
240
233
53
40
269
1135
1144
1107
18
568
1314
118
587
1672
197
1949
225
670
71
60
663
154
299
359
289
240
233
53
40
269
1135
1144
1107
18
568
1314
118
587
1672
197
1949
225
670
71
60
663
154
299
359
289
240
233
53
40
269
1135
1144
1107
18
568
1314
118
587
1672
197
1949
225
670
71
60
663
154
299
359
289
240
233
53
40
269
1135
1144
1107
18
568
1314
118
587
1672
197
1949
225
670
71
60
663
154
299
359
289
240
233
53
40
269
1135
1144
1107
18
568
1314
118
587
1672
197
1949
225
670
71
60
663
154
299
359
289
240
233
53
40
269
1135
1144
1107
18
568
1314
118
587
1672
197
1949
225
670
71
60
663
154
299
359
289
240
233
53
40
269
1135
1144
1107
18
568
1314
118
587
1672
197
1949
225
670
71
60
663
154
299
359
289
240
233
53
40
269
1135
1144
1107
18
568
1314
118
587
1672
197
1949
225
670
71
60
663
154
299
359
289
240
233
53
40
269
1135
1144
1107
18
568
1314
118
587
1672
197
1949
225
670
71
60
663
154
299
359
289
240
233
53
40
269
1135
1144
1107
18
568
1314
118
587
1672
197
1949
225
670
71
60
663
154
299
359
289
240
233
53
40
269
1135
1144
1107
18
568
1314
118
587
1672
197
1949
225
670
71
60
663
154
299
359
289
240
233
53
40
269
1135
1144
1107
18
568
1314
118
587
1672
197
1949
225
670
71
60
663
154
299
359
289
240
233
53
40
269
1135
1144
1107
18
568
1314
118
587
1672
197
1949
225
670
71
60
663
154
299
359
289
240
233
53
40
269
1135
1144
1107
18
568
1314
118
587
1672
197
1949
225
670
71
60
663
154
299
359
289
240
233
53
40
269
1135
1144
1107
18
568
1314
118
587
1672
197
1949
225
670
71
60
663
154
299
359
289
240
233
53
40
269
1135
1144
1107
18
568
1314
118
587
1672
197
1949
225
670
71
60
663
154
299
359
289
240
233
53
40
269
1135
1144
1107
18
568
1314
118
587
1672
197
1949
225
670
71
60
663
154
299
359
289
240
233
53
40
269
1135
1144
1107
18
568
1314
118
587
1672
197
1949
225
670
71
60
663
154
299
359
289
240
233
53
40
269
1135
1144
1107
18
568
1314
118
587
1672
197
1949
225
670
71
60
663
154
299
359
289
240
233
53
40
269
1135
1144
1107
18
568
1314
118
587
1672
197
1949
225
670
71
60
663
154
299
359
289
240
233
53
40
269
1135
1144
1107
18
568
1314
118
587
1672
197
1949
225
670
71
60
663
154
299
359
289
240
233
53
40
269
1135
1144
1107
18
568
1314
118
587
1672
197
1949
225
670
71
60
663
154
299
359
289
240
233
53
40
269
1135
1144
1107
18
568
1314
118
587
1672
197
1949
225
670
71
60
663
154
299
359
289
240
233
53
40
269
1135
1144
1107
18
568
1314
118
587
1672
197
1949
225
670
71
60