200
1314
587
1949
568
269
64
1135
758
233
562
75
559
1144
234
598
291
71
60
616
225
663
22
285
20
200
1314
587
1949
568
269
64
1135
758
233
562
75
559
1144
234
598
291
71
60
616
225
663
22
285
20
200
1314
587
1949
568
269
64
1135
758
233
562
75
559
1144
234
598
291
71
60
616
225
663
22
285
20
200
1314
587
1949
568
269
64
1135
758
233
562
75
559
1144
234
598
291
71
60
616
225
663
22
285
20
200
1314
587
1949
568
269
64
1135
758
233
562
75
559
1144
234
598
291
71
60
616
225
663
22
285
20
200
1314
587
1949
568
269
64
1135
758
233
562
75
559
1144
234
598
291
71
60
616
225
663
22
285
20
200
1314
587
1949
568
269
64
1135
758
233
562
75
559
1144
234
598
291
71
60
616
225
663
22
285
20
200
1314
587
1949
568
269
64
1135
758
233
562
75
559
1144
234
598
291
71
60
616
225
663
22
285
20
200
1314
587
1949
568
269
64
1135
758
233
562
75
559
1144
234
598
291
71
60
616
225
663
22
285
20
200
1314
587
1949
568
269
64
1135
758
233
562
75
559
1144
234
598
291
71
60
616
225
663
22
285
20
200
1314
587
1949
568
269
64
1135
758
233
562
75
559
1144
234
598
291
71
60
616
225
663
22
285
20
200
1314
587
1949
568
269
64
1135
758
233
562
75
559
1144
234
598
291
71
60
616
225
663
22
285
20
200
1314
587
1949
568
269
64
1135
758
233
562
75
559
1144
234
598
291
71
60
616
225
663
22
285
20
200
1314
587
1949
568
269
64
1135
758
233
562
75
559
1144
234
598
291
71
60
616
225
663
22
285
20
200
1314
587
1949
568
269
64
1135
758
233
562
75
559
1144
234
598
291
71
60
616
225
663
22
285
20
200
1314
587
1949
568
269
64
1135
758
233
562
75
559
1144
234
598
291
71
60
616
225
663
22
285
20
200
1314
587
1949
568
269
64
1135
758
233
562
75
559
1144
234
598
291
71
60
616
225
663
22
285
20
200
1314
587
1949
568
269
64
1135
758
233
562
75
559
1144
234
598
291
71
60
616
225
663
22
285
20
200
1314
587
1949
568
269
64
1135
758
233
562
75
559
1144
234
598
291
71
60
616
225
663
22
285
20
200
1314
587
1949
568
269
64
1135
758
233
562
75
559
1144
234
598
291
71
60
616
225
663
22
285
20
200
1314
587
1949
568
269
64
1135
758
233
562
75
559
1144
234
598
291
71
60
616
225
663
22
285
20
200
1314
587
1949
568
269
64
1135
758
233
562
75
559
1144
234
598
291
71
60
616
225
663
22
285
20
200
1314
587
1949
568
269
64
1135
758
233
562
75
559
1144
234
598
291
71
60
616
225
663
22
285
20
200
1314
587
1949
568
269
64
1135
758
233
562
75
559
1144
234
598
291
71
60
616
225
663
22
285
20
200
1314
587
1949
568
269
64
1135
758
233
562
75
559
1144
234
598
291
71
60
616
225
663
22
285
20
200
1314
587
1949
568
269
64
1135
758
233
562
75
559
1144
234
598
291
71
60
616
225
663
22
285
20
200
1314
587
1949
568
269
64
1135
758
233
562
75
559
1144
234
598
291
71
60
616
225
663
22
285
20
200
1314
587
1949
568
269
64
1135
758
233
562
75
559
1144
234
598
291
71
60
616
225
663
22
285
20
200
1314
587
1949
568
269
64
1135
758
233
562
75
559
1144
234
598
291
71
60
616
225
663
22
285
20
200
1314
587
1949
568
269
64
1135
758
233
562
75
559
1144
234
598
291
71
60
616
225
663
22
285
20
200
1314
587
1949
568
269
64
1135
758
233
562
75
559
1144
234
598
291
71
60
616
225
663
22
285
20
200
1314
587
1949
568
269
64
1135
758
233
562
75
559
1144
234
598
291
71
60
616
225
663
22
285
20
200
1314
587
1949
568
269
64
1135
758
233
562
75
559
1144
234
598
291
71
60
616
225
663
22
285
20
200
1314
587
1949
568
269
64
1135
758
233
562
75
559
1144
234
598
291
71
60
616
225
663
22
285
20
200
1314
587
1949
568
269
64
1135
758
233
562
75
559
1144
234
598
291
71
60
616
225
663
22
285
20
200
1314
587
1949
568
269
64
1135
758
233
562
75
559
1144
234
598
291
71
60
616
225
663
22
285
20
200
1314
587
1949
568
269
64
1135
758
233
562
75
559
1144
234
598
291
71
60
616
225
663
22
285
20
200
1314
587
1949
568
269
64
1135
758
233
562
75
559
1144
234
598
291
71
60
616
225
663
22
285
20
200
1314
587
1949
568
269
64
1135
758
233
562
75
559
1144
234
598
291
71
60
616
225
663
22
285
20
200
1314
587
1949
568
269
64
1135
758
233
562
75
559
1144
234
598
291
71
60
616
225
663
22
285
20
200
1314
587
1949
568
269
64
1135
758
233
562
75
559
1144
234
598
291
71
60
616
225
663
22
285
20
200
1314
587
1949
568
269
64
1135
758
233
562
75
559
1144
234
598
291
71
60
616
225
663
22
285
20
200
1314
587
1949
568
269
64
1135
758
233
562
75
559
1144
234
598
291
71
60
616
225
663
22
285
20
200
1314
587
1949
568
269
64
1135
758
233
562
75
559
1144
234
598
291
71
60
616
225
663
22
285
20
200
1314
587
1949
568
269
64
1135
758
233
562
75
559
1144
234
598
291
71
60
616
225
663
22
285
20
200
1314
587
1949
568
269
64
1135
758
233
562
75
559
1144
234
598
291
71
60
616
225
663
22
285
20
200
1314
587
1949
568
269
64
1135
758
233
562
75
559
1144
234
598
291
71
60
616
225
663
22
285
20
200
1314
587
1949
568
269
64
1135
758
233
562
75
559
1144
234
598
291
71
60
616
225
663
22
285
20
200
1314
587
1949
568
269
64
1135
758
233
562
75
559
1144
234
598
291
71
60
616
225
663
22
285
20
200
1314
587
1949
568
269
64
1135
758
233
562
75
559
1144
234
598
291
71
60
616
225
663
22
285
20