1949
125
285
562
663
36
60
1107
289
23
53
18
2172
71
269
75
598
197
1314
118
559
939
911
587
670
1949
125
285
562
663
36
60
1107
289
23
53
18
2172
71
269
75
598
197
1314
118
559
939
911
587
670
1949
125
285
562
663
36
60
1107
289
23
53
18
2172
71
269
75
598
197
1314
118
559
939
911
587
670
1949
125
285
562
663
36
60
1107
289
23
53
18
2172
71
269
75
598
197
1314
118
559
939
911
587
670
1949
125
285
562
663
36
60
1107
289
23
53
18
2172
71
269
75
598
197
1314
118
559
939
911
587
670
1949
125
285
562
663
36
60
1107
289
23
53
18
2172
71
269
75
598
197
1314
118
559
939
911
587
670
1949
125
285
562
663
36
60
1107
289
23
53
18
2172
71
269
75
598
197
1314
118
559
939
911
587
670
1949
125
285
562
663
36
60
1107
289
23
53
18
2172
71
269
75
598
197
1314
118
559
939
911
587
670
1949
125
285
562
663
36
60
1107
289
23
53
18
2172
71
269
75
598
197
1314
118
559
939
911
587
670
1949
125
285
562
663
36
60
1107
289
23
53
18
2172
71
269
75
598
197
1314
118
559
939
911
587
670
1949
125
285
562
663
36
60
1107
289
23
53
18
2172
71
269
75
598
197
1314
118
559
939
911
587
670
1949
125
285
562
663
36
60
1107
289
23
53
18
2172
71
269
75
598
197
1314
118
559
939
911
587
670
1949
125
285
562
663
36
60
1107
289
23
53
18
2172
71
269
75
598
197
1314
118
559
939
911
587
670
1949
125
285
562
663
36
60
1107
289
23
53
18
2172
71
269
75
598
197
1314
118
559
939
911
587
670
1949
125
285
562
663
36
60
1107
289
23
53
18
2172
71
269
75
598
197
1314
118
559
939
911
587
670
1949
125
285
562
663
36
60
1107
289
23
53
18
2172
71
269
75
598
197
1314
118
559
939
911
587
670
1949
125
285
562
663
36
60
1107
289
23
53
18
2172
71
269
75
598
197
1314
118
559
939
911
587
670
1949
125
285
562
663
36
60
1107
289
23
53
18
2172
71
269
75
598
197
1314
118
559
939
911
587
670
1949
125
285
562
663
36
60
1107
289
23
53
18
2172
71
269
75
598
197
1314
118
559
939
911
587
670
1949
125
285
562
663
36
60
1107
289
23
53
18
2172
71
269
75
598
197
1314
118
559
939
911
587
670
1949
125
285
562
663
36
60
1107
289
23
53
18
2172
71
269
75
598
197
1314
118
559
939
911
587
670
1949
125
285
562
663
36
60
1107
289
23
53
18
2172
71
269
75
598
197
1314
118
559
939
911
587
670
1949
125
285
562
663
36
60
1107
289
23
53
18
2172
71
269
75
598
197
1314
118
559
939
911
587
670
1949
125
285
562
663
36
60
1107
289
23
53
18
2172
71
269
75
598
197
1314
118
559
939
911
587
670
1949
125
285
562
663
36
60
1107
289
23
53
18
2172
71
269
75
598
197
1314
118
559
939
911
587
670
1949
125
285
562
663
36
60
1107
289
23
53
18
2172
71
269
75
598
197
1314
118
559
939
911
587
670
1949
125
285
562
663
36
60
1107
289
23
53
18
2172
71
269
75
598
197
1314
118
559
939
911
587
670
1949
125
285
562
663
36
60
1107
289
23
53
18
2172
71
269
75
598
197
1314
118
559
939
911
587
670
1949
125
285
562
663
36
60
1107
289
23
53
18
2172
71
269
75
598
197
1314
118
559
939
911
587
670
1949
125
285
562
663
36
60
1107
289
23
53
18
2172
71
269
75
598
197
1314
118
559
939
911
587
670
1949
125
285
562
663
36
60
1107
289
23
53
18
2172
71
269
75
598
197
1314
118
559
939
911
587
670
1949
125
285
562
663
36
60
1107
289
23
53
18
2172
71
269
75
598
197
1314
118
559
939
911
587
670
1949
125
285
562
663
36
60
1107
289
23
53
18
2172
71
269
75
598
197
1314
118
559
939
911
587
670
1949
125
285
562
663
36
60
1107
289
23
53
18
2172
71
269
75
598
197
1314
118
559
939
911
587
670
1949
125
285
562
663
36
60
1107
289
23
53
18
2172
71
269
75
598
197
1314
118
559
939
911
587
670
1949
125
285
562
663
36
60
1107
289
23
53
18
2172
71
269
75
598
197
1314
118
559
939
911
587
670
1949
125
285
562
663
36
60
1107
289
23
53
18
2172
71
269
75
598
197
1314
118
559
939
911
587
670
1949
125
285
562
663
36
60
1107
289
23
53
18
2172
71
269
75
598
197
1314
118
559
939
911
587
670
1949
125
285
562
663
36
60
1107
289
23
53
18
2172
71
269
75
598
197
1314
118
559
939
911
587
670
1949
125
285
562
663
36
60
1107
289
23
53
18
2172
71
269
75
598
197
1314
118
559
939
911
587
670
1949
125
285
562
663
36
60
1107
289
23
53
18
2172
71
269
75
598
197
1314
118
559
939
911
587
670
1949
125
285
562
663
36
60
1107
289
23
53
18
2172
71
269
75
598
197
1314
118
559
939
911
587
670
1949
125
285
562
663
36
60
1107
289
23
53
18
2172
71
269
75
598
197
1314
118
559
939
911
587
670
1949
125
285
562
663
36
60
1107
289
23
53
18
2172
71
269
75
598
197
1314
118
559
939
911
587
670
1949
125
285
562
663
36
60
1107
289
23
53
18
2172
71
269
75
598
197
1314
118
559
939
911
587
670
1949
125
285
562
663
36
60
1107
289
23
53
18
2172
71
269
75
598
197
1314
118
559
939
911
587
670
1949
125
285
562
663
36
60
1107
289
23
53
18
2172
71
269
75
598
197
1314
118
559
939
911
587
670
1949
125
285
562
663
36
60
1107
289
23
53
18
2172
71
269
75
598
197
1314
118
559
939
911
587
670
1949
125
285
562
663
36
60
1107
289
23
53
18
2172
71
269
75
598
197
1314
118
559
939
911
587
670
1949
125
285
562
663
36
60
1107
289
23
53
18
2172
71
269
75
598
197
1314
118
559
939
911
587
670