568
616
1135
51
663
1672
562
20
269
382
36
1314
559
157
37
1107
154
299
911
173
75
60
125
118
233
568
616
1135
51
663
1672
562
20
269
382
36
1314
559
157
37
1107
154
299
911
173
75
60
125
118
233
568
616
1135
51
663
1672
562
20
269
382
36
1314
559
157
37
1107
154
299
911
173
75
60
125
118
233
568
616
1135
51
663
1672
562
20
269
382
36
1314
559
157
37
1107
154
299
911
173
75
60
125
118
233
568
616
1135
51
663
1672
562
20
269
382
36
1314
559
157
37
1107
154
299
911
173
75
60
125
118
233
568
616
1135
51
663
1672
562
20
269
382
36
1314
559
157
37
1107
154
299
911
173
75
60
125
118
233
568
616
1135
51
663
1672
562
20
269
382
36
1314
559
157
37
1107
154
299
911
173
75
60
125
118
233
568
616
1135
51
663
1672
562
20
269
382
36
1314
559
157
37
1107
154
299
911
173
75
60
125
118
233
568
616
1135
51
663
1672
562
20
269
382
36
1314
559
157
37
1107
154
299
911
173
75
60
125
118
233
568
616
1135
51
663
1672
562
20
269
382
36
1314
559
157
37
1107
154
299
911
173
75
60
125
118
233
568
616
1135
51
663
1672
562
20
269
382
36
1314
559
157
37
1107
154
299
911
173
75
60
125
118
233
568
616
1135
51
663
1672
562
20
269
382
36
1314
559
157
37
1107
154
299
911
173
75
60
125
118
233
568
616
1135
51
663
1672
562
20
269
382
36
1314
559
157
37
1107
154
299
911
173
75
60
125
118
233
568
616
1135
51
663
1672
562
20
269
382
36
1314
559
157
37
1107
154
299
911
173
75
60
125
118
233
568
616
1135
51
663
1672
562
20
269
382
36
1314
559
157
37
1107
154
299
911
173
75
60
125
118
233
568
616
1135
51
663
1672
562
20
269
382
36
1314
559
157
37
1107
154
299
911
173
75
60
125
118
233
568
616
1135
51
663
1672
562
20
269
382
36
1314
559
157
37
1107
154
299
911
173
75
60
125
118
233
568
616
1135
51
663
1672
562
20
269
382
36
1314
559
157
37
1107
154
299
911
173
75
60
125
118
233
568
616
1135
51
663
1672
562
20
269
382
36
1314
559
157
37
1107
154
299
911
173
75
60
125
118
233
568
616
1135
51
663
1672
562
20
269
382
36
1314
559
157
37
1107
154
299
911
173
75
60
125
118
233
568
616
1135
51
663
1672
562
20
269
382
36
1314
559
157
37
1107
154
299
911
173
75
60
125
118
233
568
616
1135
51
663
1672
562
20
269
382
36
1314
559
157
37
1107
154
299
911
173
75
60
125
118
233
568
616
1135
51
663
1672
562
20
269
382
36
1314
559
157
37
1107
154
299
911
173
75
60
125
118
233
568
616
1135
51
663
1672
562
20
269
382
36
1314
559
157
37
1107
154
299
911
173
75
60
125
118
233
568
616
1135
51
663
1672
562
20
269
382
36
1314
559
157
37
1107
154
299
911
173
75
60
125
118
233
568
616
1135
51
663
1672
562
20
269
382
36
1314
559
157
37
1107
154
299
911
173
75
60
125
118
233
568
616
1135
51
663
1672
562
20
269
382
36
1314
559
157
37
1107
154
299
911
173
75
60
125
118
233
568
616
1135
51
663
1672
562
20
269
382
36
1314
559
157
37
1107
154
299
911
173
75
60
125
118
233
568
616
1135
51
663
1672
562
20
269
382
36
1314
559
157
37
1107
154
299
911
173
75
60
125
118
233
568
616
1135
51
663
1672
562
20
269
382
36
1314
559
157
37
1107
154
299
911
173
75
60
125
118
233
568
616
1135
51
663
1672
562
20
269
382
36
1314
559
157
37
1107
154
299
911
173
75
60
125
118
233
568
616
1135
51
663
1672
562
20
269
382
36
1314
559
157
37
1107
154
299
911
173
75
60
125
118
233
568
616
1135
51
663
1672
562
20
269
382
36
1314
559
157
37
1107
154
299
911
173
75
60
125
118
233
568
616
1135
51
663
1672
562
20
269
382
36
1314
559
157
37
1107
154
299
911
173
75
60
125
118
233
568
616
1135
51
663
1672
562
20
269
382
36
1314
559
157
37
1107
154
299
911
173
75
60
125
118
233
568
616
1135
51
663
1672
562
20
269
382
36
1314
559
157
37
1107
154
299
911
173
75
60
125
118
233
568
616
1135
51
663
1672
562
20
269
382
36
1314
559
157
37
1107
154
299
911
173
75
60
125
118
233
568
616
1135
51
663
1672
562
20
269
382
36
1314
559
157
37
1107
154
299
911
173
75
60
125
118
233
568
616
1135
51
663
1672
562
20
269
382
36
1314
559
157
37
1107
154
299
911
173
75
60
125
118
233
568
616
1135
51
663
1672
562
20
269
382
36
1314
559
157
37
1107
154
299
911
173
75
60
125
118
233
568
616
1135
51
663
1672
562
20
269
382
36
1314
559
157
37
1107
154
299
911
173
75
60
125
118
233
568
616
1135
51
663
1672
562
20
269
382
36
1314
559
157
37
1107
154
299
911
173
75
60
125
118
233
568
616
1135
51
663
1672
562
20
269
382
36
1314
559
157
37
1107
154
299
911
173
75
60
125
118
233
568
616
1135
51
663
1672
562
20
269
382
36
1314
559
157
37
1107
154
299
911
173
75
60
125
118
233
568
616
1135
51
663
1672
562
20
269
382
36
1314
559
157
37
1107
154
299
911
173
75
60
125
118
233
568
616
1135
51
663
1672
562
20
269
382
36
1314
559
157
37
1107
154
299
911
173
75
60
125
118
233
568
616
1135
51
663
1672
562
20
269
382
36
1314
559
157
37
1107
154
299
911
173
75
60
125
118
233
568
616
1135
51
663
1672
562
20
269
382
36
1314
559
157
37
1107
154
299
911
173
75
60
125
118
233
568
616
1135
51
663
1672
562
20
269
382
36
1314
559
157
37
1107
154
299
911
173
75
60
125
118
233
568
616
1135
51
663
1672
562
20
269
382
36
1314
559
157
37
1107
154
299
911
173
75
60
125
118
233