37
154
663
197
561
200
758
40
71
299
289
22
2172
23
240
587
36
588
382
670
1107
157
1314
911
562
37
154
663
197
561
200
758
40
71
299
289
22
2172
23
240
587
36
588
382
670
1107
157
1314
911
562
37
154
663
197
561
200
758
40
71
299
289
22
2172
23
240
587
36
588
382
670
1107
157
1314
911
562
37
154
663
197
561
200
758
40
71
299
289
22
2172
23
240
587
36
588
382
670
1107
157
1314
911
562
37
154
663
197
561
200
758
40
71
299
289
22
2172
23
240
587
36
588
382
670
1107
157
1314
911
562
37
154
663
197
561
200
758
40
71
299
289
22
2172
23
240
587
36
588
382
670
1107
157
1314
911
562
37
154
663
197
561
200
758
40
71
299
289
22
2172
23
240
587
36
588
382
670
1107
157
1314
911
562
37
154
663
197
561
200
758
40
71
299
289
22
2172
23
240
587
36
588
382
670
1107
157
1314
911
562
37
154
663
197
561
200
758
40
71
299
289
22
2172
23
240
587
36
588
382
670
1107
157
1314
911
562
37
154
663
197
561
200
758
40
71
299
289
22
2172
23
240
587
36
588
382
670
1107
157
1314
911
562
37
154
663
197
561
200
758
40
71
299
289
22
2172
23
240
587
36
588
382
670
1107
157
1314
911
562
37
154
663
197
561
200
758
40
71
299
289
22
2172
23
240
587
36
588
382
670
1107
157
1314
911
562
37
154
663
197
561
200
758
40
71
299
289
22
2172
23
240
587
36
588
382
670
1107
157
1314
911
562
37
154
663
197
561
200
758
40
71
299
289
22
2172
23
240
587
36
588
382
670
1107
157
1314
911
562
37
154
663
197
561
200
758
40
71
299
289
22
2172
23
240
587
36
588
382
670
1107
157
1314
911
562
37
154
663
197
561
200
758
40
71
299
289
22
2172
23
240
587
36
588
382
670
1107
157
1314
911
562
37
154
663
197
561
200
758
40
71
299
289
22
2172
23
240
587
36
588
382
670
1107
157
1314
911
562
37
154
663
197
561
200
758
40
71
299
289
22
2172
23
240
587
36
588
382
670
1107
157
1314
911
562
37
154
663
197
561
200
758
40
71
299
289
22
2172
23
240
587
36
588
382
670
1107
157
1314
911
562
37
154
663
197
561
200
758
40
71
299
289
22
2172
23
240
587
36
588
382
670
1107
157
1314
911
562
37
154
663
197
561
200
758
40
71
299
289
22
2172
23
240
587
36
588
382
670
1107
157
1314
911
562
37
154
663
197
561
200
758
40
71
299
289
22
2172
23
240
587
36
588
382
670
1107
157
1314
911
562
37
154
663
197
561
200
758
40
71
299
289
22
2172
23
240
587
36
588
382
670
1107
157
1314
911
562
37
154
663
197
561
200
758
40
71
299
289
22
2172
23
240
587
36
588
382
670
1107
157
1314
911
562
37
154
663
197
561
200
758
40
71
299
289
22
2172
23
240
587
36
588
382
670
1107
157
1314
911
562
37
154
663
197
561
200
758
40
71
299
289
22
2172
23
240
587
36
588
382
670
1107
157
1314
911
562
37
154
663
197
561
200
758
40
71
299
289
22
2172
23
240
587
36
588
382
670
1107
157
1314
911
562
37
154
663
197
561
200
758
40
71
299
289
22
2172
23
240
587
36
588
382
670
1107
157
1314
911
562
37
154
663
197
561
200
758
40
71
299
289
22
2172
23
240
587
36
588
382
670
1107
157
1314
911
562
37
154
663
197
561
200
758
40
71
299
289
22
2172
23
240
587
36
588
382
670
1107
157
1314
911
562
37
154
663
197
561
200
758
40
71
299
289
22
2172
23
240
587
36
588
382
670
1107
157
1314
911
562
37
154
663
197
561
200
758
40
71
299
289
22
2172
23
240
587
36
588
382
670
1107
157
1314
911
562
37
154
663
197
561
200
758
40
71
299
289
22
2172
23
240
587
36
588
382
670
1107
157
1314
911
562
37
154
663
197
561
200
758
40
71
299
289
22
2172
23
240
587
36
588
382
670
1107
157
1314
911
562
37
154
663
197
561
200
758
40
71
299
289
22
2172
23
240
587
36
588
382
670
1107
157
1314
911
562
37
154
663
197
561
200
758
40
71
299
289
22
2172
23
240
587
36
588
382
670
1107
157
1314
911
562
37
154
663
197
561
200
758
40
71
299
289
22
2172
23
240
587
36
588
382
670
1107
157
1314
911
562
37
154
663
197
561
200
758
40
71
299
289
22
2172
23
240
587
36
588
382
670
1107
157
1314
911
562
37
154
663
197
561
200
758
40
71
299
289
22
2172
23
240
587
36
588
382
670
1107
157
1314
911
562
37
154
663
197
561
200
758
40
71
299
289
22
2172
23
240
587
36
588
382
670
1107
157
1314
911
562
37
154
663
197
561
200
758
40
71
299
289
22
2172
23
240
587
36
588
382
670
1107
157
1314
911
562
37
154
663
197
561
200
758
40
71
299
289
22
2172
23
240
587
36
588
382
670
1107
157
1314
911
562
37
154
663
197
561
200
758
40
71
299
289
22
2172
23
240
587
36
588
382
670
1107
157
1314
911
562
37
154
663
197
561
200
758
40
71
299
289
22
2172
23
240
587
36
588
382
670
1107
157
1314
911
562
37
154
663
197
561
200
758
40
71
299
289
22
2172
23
240
587
36
588
382
670
1107
157
1314
911
562
37
154
663
197
561
200
758
40
71
299
289
22
2172
23
240
587
36
588
382
670
1107
157
1314
911
562
37
154
663
197
561
200
758
40
71
299
289
22
2172
23
240
587
36
588
382
670
1107
157
1314
911
562
37
154
663
197
561
200
758
40
71
299
289
22
2172
23
240
587
36
588
382
670
1107
157
1314
911
562
37
154
663
197
561
200
758
40
71
299
289
22
2172
23
240
587
36
588
382
670
1107
157
1314
911
562
37
154
663
197
561
200
758
40
71
299
289
22
2172
23
240
587
36
588
382
670
1107
157
1314
911
562