911
382
36
587
616
31
75
359
20
285
118
154
2172
60
562
269
559
1107
299
758
1314
670
234
588
64
911
382
36
587
616
31
75
359
20
285
118
154
2172
60
562
269
559
1107
299
758
1314
670
234
588
64
911
382
36
587
616
31
75
359
20
285
118
154
2172
60
562
269
559
1107
299
758
1314
670
234
588
64
911
382
36
587
616
31
75
359
20
285
118
154
2172
60
562
269
559
1107
299
758
1314
670
234
588
64
911
382
36
587
616
31
75
359
20
285
118
154
2172
60
562
269
559
1107
299
758
1314
670
234
588
64
911
382
36
587
616
31
75
359
20
285
118
154
2172
60
562
269
559
1107
299
758
1314
670
234
588
64
911
382
36
587
616
31
75
359
20
285
118
154
2172
60
562
269
559
1107
299
758
1314
670
234
588
64
911
382
36
587
616
31
75
359
20
285
118
154
2172
60
562
269
559
1107
299
758
1314
670
234
588
64
911
382
36
587
616
31
75
359
20
285
118
154
2172
60
562
269
559
1107
299
758
1314
670
234
588
64
911
382
36
587
616
31
75
359
20
285
118
154
2172
60
562
269
559
1107
299
758
1314
670
234
588
64
911
382
36
587
616
31
75
359
20
285
118
154
2172
60
562
269
559
1107
299
758
1314
670
234
588
64
911
382
36
587
616
31
75
359
20
285
118
154
2172
60
562
269
559
1107
299
758
1314
670
234
588
64
911
382
36
587
616
31
75
359
20
285
118
154
2172
60
562
269
559
1107
299
758
1314
670
234
588
64
911
382
36
587
616
31
75
359
20
285
118
154
2172
60
562
269
559
1107
299
758
1314
670
234
588
64
911
382
36
587
616
31
75
359
20
285
118
154
2172
60
562
269
559
1107
299
758
1314
670
234
588
64
911
382
36
587
616
31
75
359
20
285
118
154
2172
60
562
269
559
1107
299
758
1314
670
234
588
64
911
382
36
587
616
31
75
359
20
285
118
154
2172
60
562
269
559
1107
299
758
1314
670
234
588
64
911
382
36
587
616
31
75
359
20
285
118
154
2172
60
562
269
559
1107
299
758
1314
670
234
588
64
911
382
36
587
616
31
75
359
20
285
118
154
2172
60
562
269
559
1107
299
758
1314
670
234
588
64
911
382
36
587
616
31
75
359
20
285
118
154
2172
60
562
269
559
1107
299
758
1314
670
234
588
64
911
382
36
587
616
31
75
359
20
285
118
154
2172
60
562
269
559
1107
299
758
1314
670
234
588
64
911
382
36
587
616
31
75
359
20
285
118
154
2172
60
562
269
559
1107
299
758
1314
670
234
588
64
911
382
36
587
616
31
75
359
20
285
118
154
2172
60
562
269
559
1107
299
758
1314
670
234
588
64
911
382
36
587
616
31
75
359
20
285
118
154
2172
60
562
269
559
1107
299
758
1314
670
234
588
64
911
382
36
587
616
31
75
359
20
285
118
154
2172
60
562
269
559
1107
299
758
1314
670
234
588
64
911
382
36
587
616
31
75
359
20
285
118
154
2172
60
562
269
559
1107
299
758
1314
670
234
588
64
911
382
36
587
616
31
75
359
20
285
118
154
2172
60
562
269
559
1107
299
758
1314
670
234
588
64
911
382
36
587
616
31
75
359
20
285
118
154
2172
60
562
269
559
1107
299
758
1314
670
234
588
64
911
382
36
587
616
31
75
359
20
285
118
154
2172
60
562
269
559
1107
299
758
1314
670
234
588
64
911
382
36
587
616
31
75
359
20
285
118
154
2172
60
562
269
559
1107
299
758
1314
670
234
588
64
911
382
36
587
616
31
75
359
20
285
118
154
2172
60
562
269
559
1107
299
758
1314
670
234
588
64
911
382
36
587
616
31
75
359
20
285
118
154
2172
60
562
269
559
1107
299
758
1314
670
234
588
64
911
382
36
587
616
31
75
359
20
285
118
154
2172
60
562
269
559
1107
299
758
1314
670
234
588
64
911
382
36
587
616
31
75
359
20
285
118
154
2172
60
562
269
559
1107
299
758
1314
670
234
588
64
911
382
36
587
616
31
75
359
20
285
118
154
2172
60
562
269
559
1107
299
758
1314
670
234
588
64
911
382
36
587
616
31
75
359
20
285
118
154
2172
60
562
269
559
1107
299
758
1314
670
234
588
64
911
382
36
587
616
31
75
359
20
285
118
154
2172
60
562
269
559
1107
299
758
1314
670
234
588
64
911
382
36
587
616
31
75
359
20
285
118
154
2172
60
562
269
559
1107
299
758
1314
670
234
588
64
911
382
36
587
616
31
75
359
20
285
118
154
2172
60
562
269
559
1107
299
758
1314
670
234
588
64
911
382
36
587
616
31
75
359
20
285
118
154
2172
60
562
269
559
1107
299
758
1314
670
234
588
64
911
382
36
587
616
31
75
359
20
285
118
154
2172
60
562
269
559
1107
299
758
1314
670
234
588
64
911
382
36
587
616
31
75
359
20
285
118
154
2172
60
562
269
559
1107
299
758
1314
670
234
588
64
911
382
36
587
616
31
75
359
20
285
118
154
2172
60
562
269
559
1107
299
758
1314
670
234
588
64
911
382
36
587
616
31
75
359
20
285
118
154
2172
60
562
269
559
1107
299
758
1314
670
234
588
64
911
382
36
587
616
31
75
359
20
285
118
154
2172
60
562
269
559
1107
299
758
1314
670
234
588
64
911
382
36
587
616
31
75
359
20
285
118
154
2172
60
562
269
559
1107
299
758
1314
670
234
588
64
911
382
36
587
616
31
75
359
20
285
118
154
2172
60
562
269
559
1107
299
758
1314
670
234
588
64
911
382
36
587
616
31
75
359
20
285
118
154
2172
60
562
269
559
1107
299
758
1314
670
234
588
64
911
382
36
587
616
31
75
359
20
285
118
154
2172
60
562
269
559
1107
299
758
1314
670
234
588
64
911
382
36
587
616
31
75
359
20
285
118
154
2172
60
562
269
559
1107
299
758
1314
670
234
588
64