75
382
36
1144
234
157
562
125
670
1672
289
616
587
18
71
22
240
200
299
31
2172
561
225
23
559
75
382
36
1144
234
157
562
125
670
1672
289
616
587
18
71
22
240
200
299
31
2172
561
225
23
559
75
382
36
1144
234
157
562
125
670
1672
289
616
587
18
71
22
240
200
299
31
2172
561
225
23
559
75
382
36
1144
234
157
562
125
670
1672
289
616
587
18
71
22
240
200
299
31
2172
561
225
23
559
75
382
36
1144
234
157
562
125
670
1672
289
616
587
18
71
22
240
200
299
31
2172
561
225
23
559
75
382
36
1144
234
157
562
125
670
1672
289
616
587
18
71
22
240
200
299
31
2172
561
225
23
559
75
382
36
1144
234
157
562
125
670
1672
289
616
587
18
71
22
240
200
299
31
2172
561
225
23
559
75
382
36
1144
234
157
562
125
670
1672
289
616
587
18
71
22
240
200
299
31
2172
561
225
23
559
75
382
36
1144
234
157
562
125
670
1672
289
616
587
18
71
22
240
200
299
31
2172
561
225
23
559
75
382
36
1144
234
157
562
125
670
1672
289
616
587
18
71
22
240
200
299
31
2172
561
225
23
559
75
382
36
1144
234
157
562
125
670
1672
289
616
587
18
71
22
240
200
299
31
2172
561
225
23
559
75
382
36
1144
234
157
562
125
670
1672
289
616
587
18
71
22
240
200
299
31
2172
561
225
23
559
75
382
36
1144
234
157
562
125
670
1672
289
616
587
18
71
22
240
200
299
31
2172
561
225
23
559
75
382
36
1144
234
157
562
125
670
1672
289
616
587
18
71
22
240
200
299
31
2172
561
225
23
559
75
382
36
1144
234
157
562
125
670
1672
289
616
587
18
71
22
240
200
299
31
2172
561
225
23
559
75
382
36
1144
234
157
562
125
670
1672
289
616
587
18
71
22
240
200
299
31
2172
561
225
23
559
75
382
36
1144
234
157
562
125
670
1672
289
616
587
18
71
22
240
200
299
31
2172
561
225
23
559
75
382
36
1144
234
157
562
125
670
1672
289
616
587
18
71
22
240
200
299
31
2172
561
225
23
559
75
382
36
1144
234
157
562
125
670
1672
289
616
587
18
71
22
240
200
299
31
2172
561
225
23
559
75
382
36
1144
234
157
562
125
670
1672
289
616
587
18
71
22
240
200
299
31
2172
561
225
23
559
75
382
36
1144
234
157
562
125
670
1672
289
616
587
18
71
22
240
200
299
31
2172
561
225
23
559
75
382
36
1144
234
157
562
125
670
1672
289
616
587
18
71
22
240
200
299
31
2172
561
225
23
559
75
382
36
1144
234
157
562
125
670
1672
289
616
587
18
71
22
240
200
299
31
2172
561
225
23
559
75
382
36
1144
234
157
562
125
670
1672
289
616
587
18
71
22
240
200
299
31
2172
561
225
23
559
75
382
36
1144
234
157
562
125
670
1672
289
616
587
18
71
22
240
200
299
31
2172
561
225
23
559
75
382
36
1144
234
157
562
125
670
1672
289
616
587
18
71
22
240
200
299
31
2172
561
225
23
559
75
382
36
1144
234
157
562
125
670
1672
289
616
587
18
71
22
240
200
299
31
2172
561
225
23
559
75
382
36
1144
234
157
562
125
670
1672
289
616
587
18
71
22
240
200
299
31
2172
561
225
23
559
75
382
36
1144
234
157
562
125
670
1672
289
616
587
18
71
22
240
200
299
31
2172
561
225
23
559
75
382
36
1144
234
157
562
125
670
1672
289
616
587
18
71
22
240
200
299
31
2172
561
225
23
559
75
382
36
1144
234
157
562
125
670
1672
289
616
587
18
71
22
240
200
299
31
2172
561
225
23
559
75
382
36
1144
234
157
562
125
670
1672
289
616
587
18
71
22
240
200
299
31
2172
561
225
23
559
75
382
36
1144
234
157
562
125
670
1672
289
616
587
18
71
22
240
200
299
31
2172
561
225
23
559
75
382
36
1144
234
157
562
125
670
1672
289
616
587
18
71
22
240
200
299
31
2172
561
225
23
559
75
382
36
1144
234
157
562
125
670
1672
289
616
587
18
71
22
240
200
299
31
2172
561
225
23
559
75
382
36
1144
234
157
562
125
670
1672
289
616
587
18
71
22
240
200
299
31
2172
561
225
23
559
75
382
36
1144
234
157
562
125
670
1672
289
616
587
18
71
22
240
200
299
31
2172
561
225
23
559
75
382
36
1144
234
157
562
125
670
1672
289
616
587
18
71
22
240
200
299
31
2172
561
225
23
559
75
382
36
1144
234
157
562
125
670
1672
289
616
587
18
71
22
240
200
299
31
2172
561
225
23
559
75
382
36
1144
234
157
562
125
670
1672
289
616
587
18
71
22
240
200
299
31
2172
561
225
23
559
75
382
36
1144
234
157
562
125
670
1672
289
616
587
18
71
22
240
200
299
31
2172
561
225
23
559
75
382
36
1144
234
157
562
125
670
1672
289
616
587
18
71
22
240
200
299
31
2172
561
225
23
559
75
382
36
1144
234
157
562
125
670
1672
289
616
587
18
71
22
240
200
299
31
2172
561
225
23
559
75
382
36
1144
234
157
562
125
670
1672
289
616
587
18
71
22
240
200
299
31
2172
561
225
23
559
75
382
36
1144
234
157
562
125
670
1672
289
616
587
18
71
22
240
200
299
31
2172
561
225
23
559
75
382
36
1144
234
157
562
125
670
1672
289
616
587
18
71
22
240
200
299
31
2172
561
225
23
559
75
382
36
1144
234
157
562
125
670
1672
289
616
587
18
71
22
240
200
299
31
2172
561
225
23
559
75
382
36
1144
234
157
562
125
670
1672
289
616
587
18
71
22
240
200
299
31
2172
561
225
23
559
75
382
36
1144
234
157
562
125
670
1672
289
616
587
18
71
22
240
200
299
31
2172
561
225
23
559
75
382
36
1144
234
157
562
125
670
1672
289
616
587
18
71
22
240
200
299
31
2172
561
225
23
559