291
53
911
71
19
1672
40
173
758
289
663
225
587
200
22
118
598
568
359
233
1949
18
37
670
588
291
53
911
71
19
1672
40
173
758
289
663
225
587
200
22
118
598
568
359
233
1949
18
37
670
588
291
53
911
71
19
1672
40
173
758
289
663
225
587
200
22
118
598
568
359
233
1949
18
37
670
588
291
53
911
71
19
1672
40
173
758
289
663
225
587
200
22
118
598
568
359
233
1949
18
37
670
588
291
53
911
71
19
1672
40
173
758
289
663
225
587
200
22
118
598
568
359
233
1949
18
37
670
588
291
53
911
71
19
1672
40
173
758
289
663
225
587
200
22
118
598
568
359
233
1949
18
37
670
588
291
53
911
71
19
1672
40
173
758
289
663
225
587
200
22
118
598
568
359
233
1949
18
37
670
588
291
53
911
71
19
1672
40
173
758
289
663
225
587
200
22
118
598
568
359
233
1949
18
37
670
588
291
53
911
71
19
1672
40
173
758
289
663
225
587
200
22
118
598
568
359
233
1949
18
37
670
588
291
53
911
71
19
1672
40
173
758
289
663
225
587
200
22
118
598
568
359
233
1949
18
37
670
588
291
53
911
71
19
1672
40
173
758
289
663
225
587
200
22
118
598
568
359
233
1949
18
37
670
588
291
53
911
71
19
1672
40
173
758
289
663
225
587
200
22
118
598
568
359
233
1949
18
37
670
588
291
53
911
71
19
1672
40
173
758
289
663
225
587
200
22
118
598
568
359
233
1949
18
37
670
588
291
53
911
71
19
1672
40
173
758
289
663
225
587
200
22
118
598
568
359
233
1949
18
37
670
588
291
53
911
71
19
1672
40
173
758
289
663
225
587
200
22
118
598
568
359
233
1949
18
37
670
588
291
53
911
71
19
1672
40
173
758
289
663
225
587
200
22
118
598
568
359
233
1949
18
37
670
588
291
53
911
71
19
1672
40
173
758
289
663
225
587
200
22
118
598
568
359
233
1949
18
37
670
588
291
53
911
71
19
1672
40
173
758
289
663
225
587
200
22
118
598
568
359
233
1949
18
37
670
588
291
53
911
71
19
1672
40
173
758
289
663
225
587
200
22
118
598
568
359
233
1949
18
37
670
588
291
53
911
71
19
1672
40
173
758
289
663
225
587
200
22
118
598
568
359
233
1949
18
37
670
588
291
53
911
71
19
1672
40
173
758
289
663
225
587
200
22
118
598
568
359
233
1949
18
37
670
588
291
53
911
71
19
1672
40
173
758
289
663
225
587
200
22
118
598
568
359
233
1949
18
37
670
588
291
53
911
71
19
1672
40
173
758
289
663
225
587
200
22
118
598
568
359
233
1949
18
37
670
588
291
53
911
71
19
1672
40
173
758
289
663
225
587
200
22
118
598
568
359
233
1949
18
37
670
588
291
53
911
71
19
1672
40
173
758
289
663
225
587
200
22
118
598
568
359
233
1949
18
37
670
588
291
53
911
71
19
1672
40
173
758
289
663
225
587
200
22
118
598
568
359
233
1949
18
37
670
588
291
53
911
71
19
1672
40
173
758
289
663
225
587
200
22
118
598
568
359
233
1949
18
37
670
588
291
53
911
71
19
1672
40
173
758
289
663
225
587
200
22
118
598
568
359
233
1949
18
37
670
588
291
53
911
71
19
1672
40
173
758
289
663
225
587
200
22
118
598
568
359
233
1949
18
37
670
588
291
53
911
71
19
1672
40
173
758
289
663
225
587
200
22
118
598
568
359
233
1949
18
37
670
588
291
53
911
71
19
1672
40
173
758
289
663
225
587
200
22
118
598
568
359
233
1949
18
37
670
588
291
53
911
71
19
1672
40
173
758
289
663
225
587
200
22
118
598
568
359
233
1949
18
37
670
588
291
53
911
71
19
1672
40
173
758
289
663
225
587
200
22
118
598
568
359
233
1949
18
37
670
588
291
53
911
71
19
1672
40
173
758
289
663
225
587
200
22
118
598
568
359
233
1949
18
37
670
588
291
53
911
71
19
1672
40
173
758
289
663
225
587
200
22
118
598
568
359
233
1949
18
37
670
588
291
53
911
71
19
1672
40
173
758
289
663
225
587
200
22
118
598
568
359
233
1949
18
37
670
588
291
53
911
71
19
1672
40
173
758
289
663
225
587
200
22
118
598
568
359
233
1949
18
37
670
588
291
53
911
71
19
1672
40
173
758
289
663
225
587
200
22
118
598
568
359
233
1949
18
37
670
588
291
53
911
71
19
1672
40
173
758
289
663
225
587
200
22
118
598
568
359
233
1949
18
37
670
588
291
53
911
71
19
1672
40
173
758
289
663
225
587
200
22
118
598
568
359
233
1949
18
37
670
588
291
53
911
71
19
1672
40
173
758
289
663
225
587
200
22
118
598
568
359
233
1949
18
37
670
588
291
53
911
71
19
1672
40
173
758
289
663
225
587
200
22
118
598
568
359
233
1949
18
37
670
588
291
53
911
71
19
1672
40
173
758
289
663
225
587
200
22
118
598
568
359
233
1949
18
37
670
588
291
53
911
71
19
1672
40
173
758
289
663
225
587
200
22
118
598
568
359
233
1949
18
37
670
588
291
53
911
71
19
1672
40
173
758
289
663
225
587
200
22
118
598
568
359
233
1949
18
37
670
588
291
53
911
71
19
1672
40
173
758
289
663
225
587
200
22
118
598
568
359
233
1949
18
37
670
588
291
53
911
71
19
1672
40
173
758
289
663
225
587
200
22
118
598
568
359
233
1949
18
37
670
588
291
53
911
71
19
1672
40
173
758
289
663
225
587
200
22
118
598
568
359
233
1949
18
37
670
588
291
53
911
71
19
1672
40
173
758
289
663
225
587
200
22
118
598
568
359
233
1949
18
37
670
588
291
53
911
71
19
1672
40
173
758
289
663
225
587
200
22
118
598
568
359
233
1949
18
37
670
588