299
598
23
20
118
197
1107
568
125
359
588
36
60
663
19
289
616
64
1135
37
1949
53
240
1144
157
299
598
23
20
118
197
1107
568
125
359
588
36
60
663
19
289
616
64
1135
37
1949
53
240
1144
157
299
598
23
20
118
197
1107
568
125
359
588
36
60
663
19
289
616
64
1135
37
1949
53
240
1144
157
299
598
23
20
118
197
1107
568
125
359
588
36
60
663
19
289
616
64
1135
37
1949
53
240
1144
157
299
598
23
20
118
197
1107
568
125
359
588
36
60
663
19
289
616
64
1135
37
1949
53
240
1144
157
299
598
23
20
118
197
1107
568
125
359
588
36
60
663
19
289
616
64
1135
37
1949
53
240
1144
157
299
598
23
20
118
197
1107
568
125
359
588
36
60
663
19
289
616
64
1135
37
1949
53
240
1144
157
299
598
23
20
118
197
1107
568
125
359
588
36
60
663
19
289
616
64
1135
37
1949
53
240
1144
157
299
598
23
20
118
197
1107
568
125
359
588
36
60
663
19
289
616
64
1135
37
1949
53
240
1144
157
299
598
23
20
118
197
1107
568
125
359
588
36
60
663
19
289
616
64
1135
37
1949
53
240
1144
157
299
598
23
20
118
197
1107
568
125
359
588
36
60
663
19
289
616
64
1135
37
1949
53
240
1144
157
299
598
23
20
118
197
1107
568
125
359
588
36
60
663
19
289
616
64
1135
37
1949
53
240
1144
157
299
598
23
20
118
197
1107
568
125
359
588
36
60
663
19
289
616
64
1135
37
1949
53
240
1144
157
299
598
23
20
118
197
1107
568
125
359
588
36
60
663
19
289
616
64
1135
37
1949
53
240
1144
157
299
598
23
20
118
197
1107
568
125
359
588
36
60
663
19
289
616
64
1135
37
1949
53
240
1144
157
299
598
23
20
118
197
1107
568
125
359
588
36
60
663
19
289
616
64
1135
37
1949
53
240
1144
157
299
598
23
20
118
197
1107
568
125
359
588
36
60
663
19
289
616
64
1135
37
1949
53
240
1144
157
299
598
23
20
118
197
1107
568
125
359
588
36
60
663
19
289
616
64
1135
37
1949
53
240
1144
157
299
598
23
20
118
197
1107
568
125
359
588
36
60
663
19
289
616
64
1135
37
1949
53
240
1144
157
299
598
23
20
118
197
1107
568
125
359
588
36
60
663
19
289
616
64
1135
37
1949
53
240
1144
157
299
598
23
20
118
197
1107
568
125
359
588
36
60
663
19
289
616
64
1135
37
1949
53
240
1144
157
299
598
23
20
118
197
1107
568
125
359
588
36
60
663
19
289
616
64
1135
37
1949
53
240
1144
157
299
598
23
20
118
197
1107
568
125
359
588
36
60
663
19
289
616
64
1135
37
1949
53
240
1144
157
299
598
23
20
118
197
1107
568
125
359
588
36
60
663
19
289
616
64
1135
37
1949
53
240
1144
157
299
598
23
20
118
197
1107
568
125
359
588
36
60
663
19
289
616
64
1135
37
1949
53
240
1144
157
299
598
23
20
118
197
1107
568
125
359
588
36
60
663
19
289
616
64
1135
37
1949
53
240
1144
157
299
598
23
20
118
197
1107
568
125
359
588
36
60
663
19
289
616
64
1135
37
1949
53
240
1144
157
299
598
23
20
118
197
1107
568
125
359
588
36
60
663
19
289
616
64
1135
37
1949
53
240
1144
157
299
598
23
20
118
197
1107
568
125
359
588
36
60
663
19
289
616
64
1135
37
1949
53
240
1144
157
299
598
23
20
118
197
1107
568
125
359
588
36
60
663
19
289
616
64
1135
37
1949
53
240
1144
157
299
598
23
20
118
197
1107
568
125
359
588
36
60
663
19
289
616
64
1135
37
1949
53
240
1144
157
299
598
23
20
118
197
1107
568
125
359
588
36
60
663
19
289
616
64
1135
37
1949
53
240
1144
157
299
598
23
20
118
197
1107
568
125
359
588
36
60
663
19
289
616
64
1135
37
1949
53
240
1144
157
299
598
23
20
118
197
1107
568
125
359
588
36
60
663
19
289
616
64
1135
37
1949
53
240
1144
157
299
598
23
20
118
197
1107
568
125
359
588
36
60
663
19
289
616
64
1135
37
1949
53
240
1144
157
299
598
23
20
118
197
1107
568
125
359
588
36
60
663
19
289
616
64
1135
37
1949
53
240
1144
157
299
598
23
20
118
197
1107
568
125
359
588
36
60
663
19
289
616
64
1135
37
1949
53
240
1144
157
299
598
23
20
118
197
1107
568
125
359
588
36
60
663
19
289
616
64
1135
37
1949
53
240
1144
157
299
598
23
20
118
197
1107
568
125
359
588
36
60
663
19
289
616
64
1135
37
1949
53
240
1144
157
299
598
23
20
118
197
1107
568
125
359
588
36
60
663
19
289
616
64
1135
37
1949
53
240
1144
157
299
598
23
20
118
197
1107
568
125
359
588
36
60
663
19
289
616
64
1135
37
1949
53
240
1144
157
299
598
23
20
118
197
1107
568
125
359
588
36
60
663
19
289
616
64
1135
37
1949
53
240
1144
157
299
598
23
20
118
197
1107
568
125
359
588
36
60
663
19
289
616
64
1135
37
1949
53
240
1144
157
299
598
23
20
118
197
1107
568
125
359
588
36
60
663
19
289
616
64
1135
37
1949
53
240
1144
157
299
598
23
20
118
197
1107
568
125
359
588
36
60
663
19
289
616
64
1135
37
1949
53
240
1144
157
299
598
23
20
118
197
1107
568
125
359
588
36
60
663
19
289
616
64
1135
37
1949
53
240
1144
157
299
598
23
20
118
197
1107
568
125
359
588
36
60
663
19
289
616
64
1135
37
1949
53
240
1144
157
299
598
23
20
118
197
1107
568
125
359
588
36
60
663
19
289
616
64
1135
37
1949
53
240
1144
157
299
598
23
20
118
197
1107
568
125
359
588
36
60
663
19
289
616
64
1135
37
1949
53
240
1144
157
299
598
23
20
118
197
1107
568
125
359
588
36
60
663
19
289
616
64
1135
37
1949
53
240
1144
157