60
23
382
285
75
71
559
64
1144
31
269
758
19
40
568
299
939
197
289
173
1107
225
154
2172
125
60
23
382
285
75
71
559
64
1144
31
269
758
19
40
568
299
939
197
289
173
1107
225
154
2172
125
60
23
382
285
75
71
559
64
1144
31
269
758
19
40
568
299
939
197
289
173
1107
225
154
2172
125
60
23
382
285
75
71
559
64
1144
31
269
758
19
40
568
299
939
197
289
173
1107
225
154
2172
125
60
23
382
285
75
71
559
64
1144
31
269
758
19
40
568
299
939
197
289
173
1107
225
154
2172
125
60
23
382
285
75
71
559
64
1144
31
269
758
19
40
568
299
939
197
289
173
1107
225
154
2172
125
60
23
382
285
75
71
559
64
1144
31
269
758
19
40
568
299
939
197
289
173
1107
225
154
2172
125
60
23
382
285
75
71
559
64
1144
31
269
758
19
40
568
299
939
197
289
173
1107
225
154
2172
125
60
23
382
285
75
71
559
64
1144
31
269
758
19
40
568
299
939
197
289
173
1107
225
154
2172
125
60
23
382
285
75
71
559
64
1144
31
269
758
19
40
568
299
939
197
289
173
1107
225
154
2172
125
60
23
382
285
75
71
559
64
1144
31
269
758
19
40
568
299
939
197
289
173
1107
225
154
2172
125
60
23
382
285
75
71
559
64
1144
31
269
758
19
40
568
299
939
197
289
173
1107
225
154
2172
125
60
23
382
285
75
71
559
64
1144
31
269
758
19
40
568
299
939
197
289
173
1107
225
154
2172
125
60
23
382
285
75
71
559
64
1144
31
269
758
19
40
568
299
939
197
289
173
1107
225
154
2172
125
60
23
382
285
75
71
559
64
1144
31
269
758
19
40
568
299
939
197
289
173
1107
225
154
2172
125
60
23
382
285
75
71
559
64
1144
31
269
758
19
40
568
299
939
197
289
173
1107
225
154
2172
125
60
23
382
285
75
71
559
64
1144
31
269
758
19
40
568
299
939
197
289
173
1107
225
154
2172
125
60
23
382
285
75
71
559
64
1144
31
269
758
19
40
568
299
939
197
289
173
1107
225
154
2172
125
60
23
382
285
75
71
559
64
1144
31
269
758
19
40
568
299
939
197
289
173
1107
225
154
2172
125
60
23
382
285
75
71
559
64
1144
31
269
758
19
40
568
299
939
197
289
173
1107
225
154
2172
125
60
23
382
285
75
71
559
64
1144
31
269
758
19
40
568
299
939
197
289
173
1107
225
154
2172
125
60
23
382
285
75
71
559
64
1144
31
269
758
19
40
568
299
939
197
289
173
1107
225
154
2172
125
60
23
382
285
75
71
559
64
1144
31
269
758
19
40
568
299
939
197
289
173
1107
225
154
2172
125
60
23
382
285
75
71
559
64
1144
31
269
758
19
40
568
299
939
197
289
173
1107
225
154
2172
125
60
23
382
285
75
71
559
64
1144
31
269
758
19
40
568
299
939
197
289
173
1107
225
154
2172
125
60
23
382
285
75
71
559
64
1144
31
269
758
19
40
568
299
939
197
289
173
1107
225
154
2172
125
60
23
382
285
75
71
559
64
1144
31
269
758
19
40
568
299
939
197
289
173
1107
225
154
2172
125
60
23
382
285
75
71
559
64
1144
31
269
758
19
40
568
299
939
197
289
173
1107
225
154
2172
125
60
23
382
285
75
71
559
64
1144
31
269
758
19
40
568
299
939
197
289
173
1107
225
154
2172
125
60
23
382
285
75
71
559
64
1144
31
269
758
19
40
568
299
939
197
289
173
1107
225
154
2172
125
60
23
382
285
75
71
559
64
1144
31
269
758
19
40
568
299
939
197
289
173
1107
225
154
2172
125
60
23
382
285
75
71
559
64
1144
31
269
758
19
40
568
299
939
197
289
173
1107
225
154
2172
125
60
23
382
285
75
71
559
64
1144
31
269
758
19
40
568
299
939
197
289
173
1107
225
154
2172
125
60
23
382
285
75
71
559
64
1144
31
269
758
19
40
568
299
939
197
289
173
1107
225
154
2172
125
60
23
382
285
75
71
559
64
1144
31
269
758
19
40
568
299
939
197
289
173
1107
225
154
2172
125
60
23
382
285
75
71
559
64
1144
31
269
758
19
40
568
299
939
197
289
173
1107
225
154
2172
125
60
23
382
285
75
71
559
64
1144
31
269
758
19
40
568
299
939
197
289
173
1107
225
154
2172
125
60
23
382
285
75
71
559
64
1144
31
269
758
19
40
568
299
939
197
289
173
1107
225
154
2172
125
60
23
382
285
75
71
559
64
1144
31
269
758
19
40
568
299
939
197
289
173
1107
225
154
2172
125
60
23
382
285
75
71
559
64
1144
31
269
758
19
40
568
299
939
197
289
173
1107
225
154
2172
125
60
23
382
285
75
71
559
64
1144
31
269
758
19
40
568
299
939
197
289
173
1107
225
154
2172
125
60
23
382
285
75
71
559
64
1144
31
269
758
19
40
568
299
939
197
289
173
1107
225
154
2172
125
60
23
382
285
75
71
559
64
1144
31
269
758
19
40
568
299
939
197
289
173
1107
225
154
2172
125
60
23
382
285
75
71
559
64
1144
31
269
758
19
40
568
299
939
197
289
173
1107
225
154
2172
125
60
23
382
285
75
71
559
64
1144
31
269
758
19
40
568
299
939
197
289
173
1107
225
154
2172
125
60
23
382
285
75
71
559
64
1144
31
269
758
19
40
568
299
939
197
289
173
1107
225
154
2172
125
60
23
382
285
75
71
559
64
1144
31
269
758
19
40
568
299
939
197
289
173
1107
225
154
2172
125
60
23
382
285
75
71
559
64
1144
31
269
758
19
40
568
299
939
197
289
173
1107
225
154
2172
125
60
23
382
285
75
71
559
64
1144
31
269
758
19
40
568
299
939
197
289
173
1107
225
154
2172
125
60
23
382
285
75
71
559
64
1144
31
269
758
19
40
568
299
939
197
289
173
1107
225
154
2172
125