154
234
562
588
598
1144
568
382
285
200
118
60
559
911
197
64
359
125
561
299
1107
51
23
75
289
154
234
562
588
598
1144
568
382
285
200
118
60
559
911
197
64
359
125
561
299
1107
51
23
75
289
154
234
562
588
598
1144
568
382
285
200
118
60
559
911
197
64
359
125
561
299
1107
51
23
75
289
154
234
562
588
598
1144
568
382
285
200
118
60
559
911
197
64
359
125
561
299
1107
51
23
75
289
154
234
562
588
598
1144
568
382
285
200
118
60
559
911
197
64
359
125
561
299
1107
51
23
75
289
154
234
562
588
598
1144
568
382
285
200
118
60
559
911
197
64
359
125
561
299
1107
51
23
75
289
154
234
562
588
598
1144
568
382
285
200
118
60
559
911
197
64
359
125
561
299
1107
51
23
75
289
154
234
562
588
598
1144
568
382
285
200
118
60
559
911
197
64
359
125
561
299
1107
51
23
75
289
154
234
562
588
598
1144
568
382
285
200
118
60
559
911
197
64
359
125
561
299
1107
51
23
75
289
154
234
562
588
598
1144
568
382
285
200
118
60
559
911
197
64
359
125
561
299
1107
51
23
75
289
154
234
562
588
598
1144
568
382
285
200
118
60
559
911
197
64
359
125
561
299
1107
51
23
75
289
154
234
562
588
598
1144
568
382
285
200
118
60
559
911
197
64
359
125
561
299
1107
51
23
75
289
154
234
562
588
598
1144
568
382
285
200
118
60
559
911
197
64
359
125
561
299
1107
51
23
75
289
154
234
562
588
598
1144
568
382
285
200
118
60
559
911
197
64
359
125
561
299
1107
51
23
75
289
154
234
562
588
598
1144
568
382
285
200
118
60
559
911
197
64
359
125
561
299
1107
51
23
75
289
154
234
562
588
598
1144
568
382
285
200
118
60
559
911
197
64
359
125
561
299
1107
51
23
75
289
154
234
562
588
598
1144
568
382
285
200
118
60
559
911
197
64
359
125
561
299
1107
51
23
75
289
154
234
562
588
598
1144
568
382
285
200
118
60
559
911
197
64
359
125
561
299
1107
51
23
75
289
154
234
562
588
598
1144
568
382
285
200
118
60
559
911
197
64
359
125
561
299
1107
51
23
75
289
154
234
562
588
598
1144
568
382
285
200
118
60
559
911
197
64
359
125
561
299
1107
51
23
75
289
154
234
562
588
598
1144
568
382
285
200
118
60
559
911
197
64
359
125
561
299
1107
51
23
75
289
154
234
562
588
598
1144
568
382
285
200
118
60
559
911
197
64
359
125
561
299
1107
51
23
75
289
154
234
562
588
598
1144
568
382
285
200
118
60
559
911
197
64
359
125
561
299
1107
51
23
75
289
154
234
562
588
598
1144
568
382
285
200
118
60
559
911
197
64
359
125
561
299
1107
51
23
75
289
154
234
562
588
598
1144
568
382
285
200
118
60
559
911
197
64
359
125
561
299
1107
51
23
75
289
154
234
562
588
598
1144
568
382
285
200
118
60
559
911
197
64
359
125
561
299
1107
51
23
75
289
154
234
562
588
598
1144
568
382
285
200
118
60
559
911
197
64
359
125
561
299
1107
51
23
75
289
154
234
562
588
598
1144
568
382
285
200
118
60
559
911
197
64
359
125
561
299
1107
51
23
75
289
154
234
562
588
598
1144
568
382
285
200
118
60
559
911
197
64
359
125
561
299
1107
51
23
75
289
154
234
562
588
598
1144
568
382
285
200
118
60
559
911
197
64
359
125
561
299
1107
51
23
75
289
154
234
562
588
598
1144
568
382
285
200
118
60
559
911
197
64
359
125
561
299
1107
51
23
75
289
154
234
562
588
598
1144
568
382
285
200
118
60
559
911
197
64
359
125
561
299
1107
51
23
75
289
154
234
562
588
598
1144
568
382
285
200
118
60
559
911
197
64
359
125
561
299
1107
51
23
75
289
154
234
562
588
598
1144
568
382
285
200
118
60
559
911
197
64
359
125
561
299
1107
51
23
75
289
154
234
562
588
598
1144
568
382
285
200
118
60
559
911
197
64
359
125
561
299
1107
51
23
75
289
154
234
562
588
598
1144
568
382
285
200
118
60
559
911
197
64
359
125
561
299
1107
51
23
75
289
154
234
562
588
598
1144
568
382
285
200
118
60
559
911
197
64
359
125
561
299
1107
51
23
75
289
154
234
562
588
598
1144
568
382
285
200
118
60
559
911
197
64
359
125
561
299
1107
51
23
75
289
154
234
562
588
598
1144
568
382
285
200
118
60
559
911
197
64
359
125
561
299
1107
51
23
75
289
154
234
562
588
598
1144
568
382
285
200
118
60
559
911
197
64
359
125
561
299
1107
51
23
75
289
154
234
562
588
598
1144
568
382
285
200
118
60
559
911
197
64
359
125
561
299
1107
51
23
75
289
154
234
562
588
598
1144
568
382
285
200
118
60
559
911
197
64
359
125
561
299
1107
51
23
75
289
154
234
562
588
598
1144
568
382
285
200
118
60
559
911
197
64
359
125
561
299
1107
51
23
75
289
154
234
562
588
598
1144
568
382
285
200
118
60
559
911
197
64
359
125
561
299
1107
51
23
75
289
154
234
562
588
598
1144
568
382
285
200
118
60
559
911
197
64
359
125
561
299
1107
51
23
75
289
154
234
562
588
598
1144
568
382
285
200
118
60
559
911
197
64
359
125
561
299
1107
51
23
75
289
154
234
562
588
598
1144
568
382
285
200
118
60
559
911
197
64
359
125
561
299
1107
51
23
75
289
154
234
562
588
598
1144
568
382
285
200
118
60
559
911
197
64
359
125
561
299
1107
51
23
75
289
154
234
562
588
598
1144
568
382
285
200
118
60
559
911
197
64
359
125
561
299
1107
51
23
75
289
154
234
562
588
598
1144
568
382
285
200
118
60
559
911
197
64
359
125
561
299
1107
51
23
75
289