64
2172
200
1144
118
382
225
616
561
36
233
568
234
1672
598
173
1135
51
285
154
240
19
1314
559
71
64
2172
200
1144
118
382
225
616
561
36
233
568
234
1672
598
173
1135
51
285
154
240
19
1314
559
71
64
2172
200
1144
118
382
225
616
561
36
233
568
234
1672
598
173
1135
51
285
154
240
19
1314
559
71
64
2172
200
1144
118
382
225
616
561
36
233
568
234
1672
598
173
1135
51
285
154
240
19
1314
559
71
64
2172
200
1144
118
382
225
616
561
36
233
568
234
1672
598
173
1135
51
285
154
240
19
1314
559
71
64
2172
200
1144
118
382
225
616
561
36
233
568
234
1672
598
173
1135
51
285
154
240
19
1314
559
71
64
2172
200
1144
118
382
225
616
561
36
233
568
234
1672
598
173
1135
51
285
154
240
19
1314
559
71
64
2172
200
1144
118
382
225
616
561
36
233
568
234
1672
598
173
1135
51
285
154
240
19
1314
559
71
64
2172
200
1144
118
382
225
616
561
36
233
568
234
1672
598
173
1135
51
285
154
240
19
1314
559
71
64
2172
200
1144
118
382
225
616
561
36
233
568
234
1672
598
173
1135
51
285
154
240
19
1314
559
71
64
2172
200
1144
118
382
225
616
561
36
233
568
234
1672
598
173
1135
51
285
154
240
19
1314
559
71
64
2172
200
1144
118
382
225
616
561
36
233
568
234
1672
598
173
1135
51
285
154
240
19
1314
559
71
64
2172
200
1144
118
382
225
616
561
36
233
568
234
1672
598
173
1135
51
285
154
240
19
1314
559
71
64
2172
200
1144
118
382
225
616
561
36
233
568
234
1672
598
173
1135
51
285
154
240
19
1314
559
71
64
2172
200
1144
118
382
225
616
561
36
233
568
234
1672
598
173
1135
51
285
154
240
19
1314
559
71
64
2172
200
1144
118
382
225
616
561
36
233
568
234
1672
598
173
1135
51
285
154
240
19
1314
559
71
64
2172
200
1144
118
382
225
616
561
36
233
568
234
1672
598
173
1135
51
285
154
240
19
1314
559
71
64
2172
200
1144
118
382
225
616
561
36
233
568
234
1672
598
173
1135
51
285
154
240
19
1314
559
71
64
2172
200
1144
118
382
225
616
561
36
233
568
234
1672
598
173
1135
51
285
154
240
19
1314
559
71
64
2172
200
1144
118
382
225
616
561
36
233
568
234
1672
598
173
1135
51
285
154
240
19
1314
559
71
64
2172
200
1144
118
382
225
616
561
36
233
568
234
1672
598
173
1135
51
285
154
240
19
1314
559
71
64
2172
200
1144
118
382
225
616
561
36
233
568
234
1672
598
173
1135
51
285
154
240
19
1314
559
71
64
2172
200
1144
118
382
225
616
561
36
233
568
234
1672
598
173
1135
51
285
154
240
19
1314
559
71
64
2172
200
1144
118
382
225
616
561
36
233
568
234
1672
598
173
1135
51
285
154
240
19
1314
559
71
64
2172
200
1144
118
382
225
616
561
36
233
568
234
1672
598
173
1135
51
285
154
240
19
1314
559
71
64
2172
200
1144
118
382
225
616
561
36
233
568
234
1672
598
173
1135
51
285
154
240
19
1314
559
71
64
2172
200
1144
118
382
225
616
561
36
233
568
234
1672
598
173
1135
51
285
154
240
19
1314
559
71
64
2172
200
1144
118
382
225
616
561
36
233
568
234
1672
598
173
1135
51
285
154
240
19
1314
559
71
64
2172
200
1144
118
382
225
616
561
36
233
568
234
1672
598
173
1135
51
285
154
240
19
1314
559
71
64
2172
200
1144
118
382
225
616
561
36
233
568
234
1672
598
173
1135
51
285
154
240
19
1314
559
71
64
2172
200
1144
118
382
225
616
561
36
233
568
234
1672
598
173
1135
51
285
154
240
19
1314
559
71
64
2172
200
1144
118
382
225
616
561
36
233
568
234
1672
598
173
1135
51
285
154
240
19
1314
559
71
64
2172
200
1144
118
382
225
616
561
36
233
568
234
1672
598
173
1135
51
285
154
240
19
1314
559
71
64
2172
200
1144
118
382
225
616
561
36
233
568
234
1672
598
173
1135
51
285
154
240
19
1314
559
71
64
2172
200
1144
118
382
225
616
561
36
233
568
234
1672
598
173
1135
51
285
154
240
19
1314
559
71
64
2172
200
1144
118
382
225
616
561
36
233
568
234
1672
598
173
1135
51
285
154
240
19
1314
559
71
64
2172
200
1144
118
382
225
616
561
36
233
568
234
1672
598
173
1135
51
285
154
240
19
1314
559
71
64
2172
200
1144
118
382
225
616
561
36
233
568
234
1672
598
173
1135
51
285
154
240
19
1314
559
71
64
2172
200
1144
118
382
225
616
561
36
233
568
234
1672
598
173
1135
51
285
154
240
19
1314
559
71
64
2172
200
1144
118
382
225
616
561
36
233
568
234
1672
598
173
1135
51
285
154
240
19
1314
559
71
64
2172
200
1144
118
382
225
616
561
36
233
568
234
1672
598
173
1135
51
285
154
240
19
1314
559
71
64
2172
200
1144
118
382
225
616
561
36
233
568
234
1672
598
173
1135
51
285
154
240
19
1314
559
71
64
2172
200
1144
118
382
225
616
561
36
233
568
234
1672
598
173
1135
51
285
154
240
19
1314
559
71
64
2172
200
1144
118
382
225
616
561
36
233
568
234
1672
598
173
1135
51
285
154
240
19
1314
559
71
64
2172
200
1144
118
382
225
616
561
36
233
568
234
1672
598
173
1135
51
285
154
240
19
1314
559
71
64
2172
200
1144
118
382
225
616
561
36
233
568
234
1672
598
173
1135
51
285
154
240
19
1314
559
71
64
2172
200
1144
118
382
225
616
561
36
233
568
234
1672
598
173
1135
51
285
154
240
19
1314
559
71
64
2172
200
1144
118
382
225
616
561
36
233
568
234
1672
598
173
1135
51
285
154
240
19
1314
559
71
64
2172
200
1144
118
382
225
616
561
36
233
568
234
1672
598
173
1135
51
285
154
240
19
1314
559
71
64
2172
200
1144
118
382
225
616
561
36
233
568
234
1672
598
173
1135
51
285
154
240
19
1314
559
71