1314
1949
588
125
40
587
18
233
939
269
31
1144
291
1135
758
663
197
382
2172
118
64
285
200
911
23
1314
1949
588
125
40
587
18
233
939
269
31
1144
291
1135
758
663
197
382
2172
118
64
285
200
911
23
1314
1949
588
125
40
587
18
233
939
269
31
1144
291
1135
758
663
197
382
2172
118
64
285
200
911
23
1314
1949
588
125
40
587
18
233
939
269
31
1144
291
1135
758
663
197
382
2172
118
64
285
200
911
23
1314
1949
588
125
40
587
18
233
939
269
31
1144
291
1135
758
663
197
382
2172
118
64
285
200
911
23
1314
1949
588
125
40
587
18
233
939
269
31
1144
291
1135
758
663
197
382
2172
118
64
285
200
911
23
1314
1949
588
125
40
587
18
233
939
269
31
1144
291
1135
758
663
197
382
2172
118
64
285
200
911
23
1314
1949
588
125
40
587
18
233
939
269
31
1144
291
1135
758
663
197
382
2172
118
64
285
200
911
23
1314
1949
588
125
40
587
18
233
939
269
31
1144
291
1135
758
663
197
382
2172
118
64
285
200
911
23
1314
1949
588
125
40
587
18
233
939
269
31
1144
291
1135
758
663
197
382
2172
118
64
285
200
911
23
1314
1949
588
125
40
587
18
233
939
269
31
1144
291
1135
758
663
197
382
2172
118
64
285
200
911
23
1314
1949
588
125
40
587
18
233
939
269
31
1144
291
1135
758
663
197
382
2172
118
64
285
200
911
23
1314
1949
588
125
40
587
18
233
939
269
31
1144
291
1135
758
663
197
382
2172
118
64
285
200
911
23
1314
1949
588
125
40
587
18
233
939
269
31
1144
291
1135
758
663
197
382
2172
118
64
285
200
911
23
1314
1949
588
125
40
587
18
233
939
269
31
1144
291
1135
758
663
197
382
2172
118
64
285
200
911
23
1314
1949
588
125
40
587
18
233
939
269
31
1144
291
1135
758
663
197
382
2172
118
64
285
200
911
23
1314
1949
588
125
40
587
18
233
939
269
31
1144
291
1135
758
663
197
382
2172
118
64
285
200
911
23
1314
1949
588
125
40
587
18
233
939
269
31
1144
291
1135
758
663
197
382
2172
118
64
285
200
911
23
1314
1949
588
125
40
587
18
233
939
269
31
1144
291
1135
758
663
197
382
2172
118
64
285
200
911
23
1314
1949
588
125
40
587
18
233
939
269
31
1144
291
1135
758
663
197
382
2172
118
64
285
200
911
23
1314
1949
588
125
40
587
18
233
939
269
31
1144
291
1135
758
663
197
382
2172
118
64
285
200
911
23
1314
1949
588
125
40
587
18
233
939
269
31
1144
291
1135
758
663
197
382
2172
118
64
285
200
911
23
1314
1949
588
125
40
587
18
233
939
269
31
1144
291
1135
758
663
197
382
2172
118
64
285
200
911
23
1314
1949
588
125
40
587
18
233
939
269
31
1144
291
1135
758
663
197
382
2172
118
64
285
200
911
23
1314
1949
588
125
40
587
18
233
939
269
31
1144
291
1135
758
663
197
382
2172
118
64
285
200
911
23
1314
1949
588
125
40
587
18
233
939
269
31
1144
291
1135
758
663
197
382
2172
118
64
285
200
911
23
1314
1949
588
125
40
587
18
233
939
269
31
1144
291
1135
758
663
197
382
2172
118
64
285
200
911
23
1314
1949
588
125
40
587
18
233
939
269
31
1144
291
1135
758
663
197
382
2172
118
64
285
200
911
23
1314
1949
588
125
40
587
18
233
939
269
31
1144
291
1135
758
663
197
382
2172
118
64
285
200
911
23
1314
1949
588
125
40
587
18
233
939
269
31
1144
291
1135
758
663
197
382
2172
118
64
285
200
911
23
1314
1949
588
125
40
587
18
233
939
269
31
1144
291
1135
758
663
197
382
2172
118
64
285
200
911
23
1314
1949
588
125
40
587
18
233
939
269
31
1144
291
1135
758
663
197
382
2172
118
64
285
200
911
23
1314
1949
588
125
40
587
18
233
939
269
31
1144
291
1135
758
663
197
382
2172
118
64
285
200
911
23
1314
1949
588
125
40
587
18
233
939
269
31
1144
291
1135
758
663
197
382
2172
118
64
285
200
911
23
1314
1949
588
125
40
587
18
233
939
269
31
1144
291
1135
758
663
197
382
2172
118
64
285
200
911
23
1314
1949
588
125
40
587
18
233
939
269
31
1144
291
1135
758
663
197
382
2172
118
64
285
200
911
23
1314
1949
588
125
40
587
18
233
939
269
31
1144
291
1135
758
663
197
382
2172
118
64
285
200
911
23
1314
1949
588
125
40
587
18
233
939
269
31
1144
291
1135
758
663
197
382
2172
118
64
285
200
911
23
1314
1949
588
125
40
587
18
233
939
269
31
1144
291
1135
758
663
197
382
2172
118
64
285
200
911
23
1314
1949
588
125
40
587
18
233
939
269
31
1144
291
1135
758
663
197
382
2172
118
64
285
200
911
23
1314
1949
588
125
40
587
18
233
939
269
31
1144
291
1135
758
663
197
382
2172
118
64
285
200
911
23
1314
1949
588
125
40
587
18
233
939
269
31
1144
291
1135
758
663
197
382
2172
118
64
285
200
911
23
1314
1949
588
125
40
587
18
233
939
269
31
1144
291
1135
758
663
197
382
2172
118
64
285
200
911
23
1314
1949
588
125
40
587
18
233
939
269
31
1144
291
1135
758
663
197
382
2172
118
64
285
200
911
23
1314
1949
588
125
40
587
18
233
939
269
31
1144
291
1135
758
663
197
382
2172
118
64
285
200
911
23
1314
1949
588
125
40
587
18
233
939
269
31
1144
291
1135
758
663
197
382
2172
118
64
285
200
911
23
1314
1949
588
125
40
587
18
233
939
269
31
1144
291
1135
758
663
197
382
2172
118
64
285
200
911
23
1314
1949
588
125
40
587
18
233
939
269
31
1144
291
1135
758
663
197
382
2172
118
64
285
200
911
23
1314
1949
588
125
40
587
18
233
939
269
31
1144
291
1135
758
663
197
382
2172
118
64
285
200
911
23
1314
1949
588
125
40
587
18
233
939
269
31
1144
291
1135
758
663
197
382
2172
118
64
285
200
911
23