233
561
20
173
663
19
125
598
18
939
911
758
1314
285
559
225
51
568
75
234
299
1144
22
291
71
233
561
20
173
663
19
125
598
18
939
911
758
1314
285
559
225
51
568
75
234
299
1144
22
291
71
233
561
20
173
663
19
125
598
18
939
911
758
1314
285
559
225
51
568
75
234
299
1144
22
291
71
233
561
20
173
663
19
125
598
18
939
911
758
1314
285
559
225
51
568
75
234
299
1144
22
291
71
233
561
20
173
663
19
125
598
18
939
911
758
1314
285
559
225
51
568
75
234
299
1144
22
291
71
233
561
20
173
663
19
125
598
18
939
911
758
1314
285
559
225
51
568
75
234
299
1144
22
291
71
233
561
20
173
663
19
125
598
18
939
911
758
1314
285
559
225
51
568
75
234
299
1144
22
291
71
233
561
20
173
663
19
125
598
18
939
911
758
1314
285
559
225
51
568
75
234
299
1144
22
291
71
233
561
20
173
663
19
125
598
18
939
911
758
1314
285
559
225
51
568
75
234
299
1144
22
291
71
233
561
20
173
663
19
125
598
18
939
911
758
1314
285
559
225
51
568
75
234
299
1144
22
291
71
233
561
20
173
663
19
125
598
18
939
911
758
1314
285
559
225
51
568
75
234
299
1144
22
291
71
233
561
20
173
663
19
125
598
18
939
911
758
1314
285
559
225
51
568
75
234
299
1144
22
291
71
233
561
20
173
663
19
125
598
18
939
911
758
1314
285
559
225
51
568
75
234
299
1144
22
291
71
233
561
20
173
663
19
125
598
18
939
911
758
1314
285
559
225
51
568
75
234
299
1144
22
291
71
233
561
20
173
663
19
125
598
18
939
911
758
1314
285
559
225
51
568
75
234
299
1144
22
291
71
233
561
20
173
663
19
125
598
18
939
911
758
1314
285
559
225
51
568
75
234
299
1144
22
291
71
233
561
20
173
663
19
125
598
18
939
911
758
1314
285
559
225
51
568
75
234
299
1144
22
291
71
233
561
20
173
663
19
125
598
18
939
911
758
1314
285
559
225
51
568
75
234
299
1144
22
291
71
233
561
20
173
663
19
125
598
18
939
911
758
1314
285
559
225
51
568
75
234
299
1144
22
291
71
233
561
20
173
663
19
125
598
18
939
911
758
1314
285
559
225
51
568
75
234
299
1144
22
291
71
233
561
20
173
663
19
125
598
18
939
911
758
1314
285
559
225
51
568
75
234
299
1144
22
291
71
233
561
20
173
663
19
125
598
18
939
911
758
1314
285
559
225
51
568
75
234
299
1144
22
291
71
233
561
20
173
663
19
125
598
18
939
911
758
1314
285
559
225
51
568
75
234
299
1144
22
291
71
233
561
20
173
663
19
125
598
18
939
911
758
1314
285
559
225
51
568
75
234
299
1144
22
291
71
233
561
20
173
663
19
125
598
18
939
911
758
1314
285
559
225
51
568
75
234
299
1144
22
291
71
233
561
20
173
663
19
125
598
18
939
911
758
1314
285
559
225
51
568
75
234
299
1144
22
291
71
233
561
20
173
663
19
125
598
18
939
911
758
1314
285
559
225
51
568
75
234
299
1144
22
291
71
233
561
20
173
663
19
125
598
18
939
911
758
1314
285
559
225
51
568
75
234
299
1144
22
291
71
233
561
20
173
663
19
125
598
18
939
911
758
1314
285
559
225
51
568
75
234
299
1144
22
291
71
233
561
20
173
663
19
125
598
18
939
911
758
1314
285
559
225
51
568
75
234
299
1144
22
291
71
233
561
20
173
663
19
125
598
18
939
911
758
1314
285
559
225
51
568
75
234
299
1144
22
291
71
233
561
20
173
663
19
125
598
18
939
911
758
1314
285
559
225
51
568
75
234
299
1144
22
291
71
233
561
20
173
663
19
125
598
18
939
911
758
1314
285
559
225
51
568
75
234
299
1144
22
291
71
233
561
20
173
663
19
125
598
18
939
911
758
1314
285
559
225
51
568
75
234
299
1144
22
291
71
233
561
20
173
663
19
125
598
18
939
911
758
1314
285
559
225
51
568
75
234
299
1144
22
291
71
233
561
20
173
663
19
125
598
18
939
911
758
1314
285
559
225
51
568
75
234
299
1144
22
291
71
233
561
20
173
663
19
125
598
18
939
911
758
1314
285
559
225
51
568
75
234
299
1144
22
291
71
233
561
20
173
663
19
125
598
18
939
911
758
1314
285
559
225
51
568
75
234
299
1144
22
291
71
233
561
20
173
663
19
125
598
18
939
911
758
1314
285
559
225
51
568
75
234
299
1144
22
291
71
233
561
20
173
663
19
125
598
18
939
911
758
1314
285
559
225
51
568
75
234
299
1144
22
291
71
233
561
20
173
663
19
125
598
18
939
911
758
1314
285
559
225
51
568
75
234
299
1144
22
291
71
233
561
20
173
663
19
125
598
18
939
911
758
1314
285
559
225
51
568
75
234
299
1144
22
291
71
233
561
20
173
663
19
125
598
18
939
911
758
1314
285
559
225
51
568
75
234
299
1144
22
291
71
233
561
20
173
663
19
125
598
18
939
911
758
1314
285
559
225
51
568
75
234
299
1144
22
291
71
233
561
20
173
663
19
125
598
18
939
911
758
1314
285
559
225
51
568
75
234
299
1144
22
291
71
233
561
20
173
663
19
125
598
18
939
911
758
1314
285
559
225
51
568
75
234
299
1144
22
291
71
233
561
20
173
663
19
125
598
18
939
911
758
1314
285
559
225
51
568
75
234
299
1144
22
291
71
233
561
20
173
663
19
125
598
18
939
911
758
1314
285
559
225
51
568
75
234
299
1144
22
291
71
233
561
20
173
663
19
125
598
18
939
911
758
1314
285
559
225
51
568
75
234
299
1144
22
291
71
233
561
20
173
663
19
125
598
18
939
911
758
1314
285
559
225
51
568
75
234
299
1144
22
291
71