663
1949
18
37
200
291
2172
31
562
64
1672
285
598
23
269
670
561
758
939
234
157
75
1144
1314
118
663
1949
18
37
200
291
2172
31
562
64
1672
285
598
23
269
670
561
758
939
234
157
75
1144
1314
118
663
1949
18
37
200
291
2172
31
562
64
1672
285
598
23
269
670
561
758
939
234
157
75
1144
1314
118
663
1949
18
37
200
291
2172
31
562
64
1672
285
598
23
269
670
561
758
939
234
157
75
1144
1314
118
663
1949
18
37
200
291
2172
31
562
64
1672
285
598
23
269
670
561
758
939
234
157
75
1144
1314
118
663
1949
18
37
200
291
2172
31
562
64
1672
285
598
23
269
670
561
758
939
234
157
75
1144
1314
118
663
1949
18
37
200
291
2172
31
562
64
1672
285
598
23
269
670
561
758
939
234
157
75
1144
1314
118
663
1949
18
37
200
291
2172
31
562
64
1672
285
598
23
269
670
561
758
939
234
157
75
1144
1314
118
663
1949
18
37
200
291
2172
31
562
64
1672
285
598
23
269
670
561
758
939
234
157
75
1144
1314
118
663
1949
18
37
200
291
2172
31
562
64
1672
285
598
23
269
670
561
758
939
234
157
75
1144
1314
118
663
1949
18
37
200
291
2172
31
562
64
1672
285
598
23
269
670
561
758
939
234
157
75
1144
1314
118
663
1949
18
37
200
291
2172
31
562
64
1672
285
598
23
269
670
561
758
939
234
157
75
1144
1314
118
663
1949
18
37
200
291
2172
31
562
64
1672
285
598
23
269
670
561
758
939
234
157
75
1144
1314
118
663
1949
18
37
200
291
2172
31
562
64
1672
285
598
23
269
670
561
758
939
234
157
75
1144
1314
118
663
1949
18
37
200
291
2172
31
562
64
1672
285
598
23
269
670
561
758
939
234
157
75
1144
1314
118
663
1949
18
37
200
291
2172
31
562
64
1672
285
598
23
269
670
561
758
939
234
157
75
1144
1314
118
663
1949
18
37
200
291
2172
31
562
64
1672
285
598
23
269
670
561
758
939
234
157
75
1144
1314
118
663
1949
18
37
200
291
2172
31
562
64
1672
285
598
23
269
670
561
758
939
234
157
75
1144
1314
118
663
1949
18
37
200
291
2172
31
562
64
1672
285
598
23
269
670
561
758
939
234
157
75
1144
1314
118
663
1949
18
37
200
291
2172
31
562
64
1672
285
598
23
269
670
561
758
939
234
157
75
1144
1314
118
663
1949
18
37
200
291
2172
31
562
64
1672
285
598
23
269
670
561
758
939
234
157
75
1144
1314
118
663
1949
18
37
200
291
2172
31
562
64
1672
285
598
23
269
670
561
758
939
234
157
75
1144
1314
118
663
1949
18
37
200
291
2172
31
562
64
1672
285
598
23
269
670
561
758
939
234
157
75
1144
1314
118
663
1949
18
37
200
291
2172
31
562
64
1672
285
598
23
269
670
561
758
939
234
157
75
1144
1314
118
663
1949
18
37
200
291
2172
31
562
64
1672
285
598
23
269
670
561
758
939
234
157
75
1144
1314
118
663
1949
18
37
200
291
2172
31
562
64
1672
285
598
23
269
670
561
758
939
234
157
75
1144
1314
118
663
1949
18
37
200
291
2172
31
562
64
1672
285
598
23
269
670
561
758
939
234
157
75
1144
1314
118
663
1949
18
37
200
291
2172
31
562
64
1672
285
598
23
269
670
561
758
939
234
157
75
1144
1314
118
663
1949
18
37
200
291
2172
31
562
64
1672
285
598
23
269
670
561
758
939
234
157
75
1144
1314
118
663
1949
18
37
200
291
2172
31
562
64
1672
285
598
23
269
670
561
758
939
234
157
75
1144
1314
118
663
1949
18
37
200
291
2172
31
562
64
1672
285
598
23
269
670
561
758
939
234
157
75
1144
1314
118
663
1949
18
37
200
291
2172
31
562
64
1672
285
598
23
269
670
561
758
939
234
157
75
1144
1314
118
663
1949
18
37
200
291
2172
31
562
64
1672
285
598
23
269
670
561
758
939
234
157
75
1144
1314
118
663
1949
18
37
200
291
2172
31
562
64
1672
285
598
23
269
670
561
758
939
234
157
75
1144
1314
118
663
1949
18
37
200
291
2172
31
562
64
1672
285
598
23
269
670
561
758
939
234
157
75
1144
1314
118
663
1949
18
37
200
291
2172
31
562
64
1672
285
598
23
269
670
561
758
939
234
157
75
1144
1314
118
663
1949
18
37
200
291
2172
31
562
64
1672
285
598
23
269
670
561
758
939
234
157
75
1144
1314
118
663
1949
18
37
200
291
2172
31
562
64
1672
285
598
23
269
670
561
758
939
234
157
75
1144
1314
118
663
1949
18
37
200
291
2172
31
562
64
1672
285
598
23
269
670
561
758
939
234
157
75
1144
1314
118
663
1949
18
37
200
291
2172
31
562
64
1672
285
598
23
269
670
561
758
939
234
157
75
1144
1314
118
663
1949
18
37
200
291
2172
31
562
64
1672
285
598
23
269
670
561
758
939
234
157
75
1144
1314
118
663
1949
18
37
200
291
2172
31
562
64
1672
285
598
23
269
670
561
758
939
234
157
75
1144
1314
118
663
1949
18
37
200
291
2172
31
562
64
1672
285
598
23
269
670
561
758
939
234
157
75
1144
1314
118
663
1949
18
37
200
291
2172
31
562
64
1672
285
598
23
269
670
561
758
939
234
157
75
1144
1314
118
663
1949
18
37
200
291
2172
31
562
64
1672
285
598
23
269
670
561
758
939
234
157
75
1144
1314
118
663
1949
18
37
200
291
2172
31
562
64
1672
285
598
23
269
670
561
758
939
234
157
75
1144
1314
118
663
1949
18
37
200
291
2172
31
562
64
1672
285
598
23
269
670
561
758
939
234
157
75
1144
1314
118
663
1949
18
37
200
291
2172
31
562
64
1672
285
598
23
269
670
561
758
939
234
157
75
1144
1314
118
663
1949
18
37
200
291
2172
31
562
64
1672
285
598
23
269
670
561
758
939
234
157
75
1144
1314
118
663
1949
18
37
200
291
2172
31
562
64
1672
285
598
23
269
670
561
758
939
234
157
75
1144
1314
118