51
157
19
233
1314
22
299
285
663
269
559
2172
561
20
588
240
382
118
225
568
36
75
1949
289
60
51
157
19
233
1314
22
299
285
663
269
559
2172
561
20
588
240
382
118
225
568
36
75
1949
289
60
51
157
19
233
1314
22
299
285
663
269
559
2172
561
20
588
240
382
118
225
568
36
75
1949
289
60
51
157
19
233
1314
22
299
285
663
269
559
2172
561
20
588
240
382
118
225
568
36
75
1949
289
60
51
157
19
233
1314
22
299
285
663
269
559
2172
561
20
588
240
382
118
225
568
36
75
1949
289
60
51
157
19
233
1314
22
299
285
663
269
559
2172
561
20
588
240
382
118
225
568
36
75
1949
289
60
51
157
19
233
1314
22
299
285
663
269
559
2172
561
20
588
240
382
118
225
568
36
75
1949
289
60
51
157
19
233
1314
22
299
285
663
269
559
2172
561
20
588
240
382
118
225
568
36
75
1949
289
60
51
157
19
233
1314
22
299
285
663
269
559
2172
561
20
588
240
382
118
225
568
36
75
1949
289
60
51
157
19
233
1314
22
299
285
663
269
559
2172
561
20
588
240
382
118
225
568
36
75
1949
289
60
51
157
19
233
1314
22
299
285
663
269
559
2172
561
20
588
240
382
118
225
568
36
75
1949
289
60
51
157
19
233
1314
22
299
285
663
269
559
2172
561
20
588
240
382
118
225
568
36
75
1949
289
60
51
157
19
233
1314
22
299
285
663
269
559
2172
561
20
588
240
382
118
225
568
36
75
1949
289
60
51
157
19
233
1314
22
299
285
663
269
559
2172
561
20
588
240
382
118
225
568
36
75
1949
289
60
51
157
19
233
1314
22
299
285
663
269
559
2172
561
20
588
240
382
118
225
568
36
75
1949
289
60
51
157
19
233
1314
22
299
285
663
269
559
2172
561
20
588
240
382
118
225
568
36
75
1949
289
60
51
157
19
233
1314
22
299
285
663
269
559
2172
561
20
588
240
382
118
225
568
36
75
1949
289
60
51
157
19
233
1314
22
299
285
663
269
559
2172
561
20
588
240
382
118
225
568
36
75
1949
289
60
51
157
19
233
1314
22
299
285
663
269
559
2172
561
20
588
240
382
118
225
568
36
75
1949
289
60
51
157
19
233
1314
22
299
285
663
269
559
2172
561
20
588
240
382
118
225
568
36
75
1949
289
60
51
157
19
233
1314
22
299
285
663
269
559
2172
561
20
588
240
382
118
225
568
36
75
1949
289
60
51
157
19
233
1314
22
299
285
663
269
559
2172
561
20
588
240
382
118
225
568
36
75
1949
289
60
51
157
19
233
1314
22
299
285
663
269
559
2172
561
20
588
240
382
118
225
568
36
75
1949
289
60
51
157
19
233
1314
22
299
285
663
269
559
2172
561
20
588
240
382
118
225
568
36
75
1949
289
60
51
157
19
233
1314
22
299
285
663
269
559
2172
561
20
588
240
382
118
225
568
36
75
1949
289
60
51
157
19
233
1314
22
299
285
663
269
559
2172
561
20
588
240
382
118
225
568
36
75
1949
289
60
51
157
19
233
1314
22
299
285
663
269
559
2172
561
20
588
240
382
118
225
568
36
75
1949
289
60
51
157
19
233
1314
22
299
285
663
269
559
2172
561
20
588
240
382
118
225
568
36
75
1949
289
60
51
157
19
233
1314
22
299
285
663
269
559
2172
561
20
588
240
382
118
225
568
36
75
1949
289
60
51
157
19
233
1314
22
299
285
663
269
559
2172
561
20
588
240
382
118
225
568
36
75
1949
289
60
51
157
19
233
1314
22
299
285
663
269
559
2172
561
20
588
240
382
118
225
568
36
75
1949
289
60
51
157
19
233
1314
22
299
285
663
269
559
2172
561
20
588
240
382
118
225
568
36
75
1949
289
60
51
157
19
233
1314
22
299
285
663
269
559
2172
561
20
588
240
382
118
225
568
36
75
1949
289
60
51
157
19
233
1314
22
299
285
663
269
559
2172
561
20
588
240
382
118
225
568
36
75
1949
289
60
51
157
19
233
1314
22
299
285
663
269
559
2172
561
20
588
240
382
118
225
568
36
75
1949
289
60
51
157
19
233
1314
22
299
285
663
269
559
2172
561
20
588
240
382
118
225
568
36
75
1949
289
60
51
157
19
233
1314
22
299
285
663
269
559
2172
561
20
588
240
382
118
225
568
36
75
1949
289
60
51
157
19
233
1314
22
299
285
663
269
559
2172
561
20
588
240
382
118
225
568
36
75
1949
289
60
51
157
19
233
1314
22
299
285
663
269
559
2172
561
20
588
240
382
118
225
568
36
75
1949
289
60
51
157
19
233
1314
22
299
285
663
269
559
2172
561
20
588
240
382
118
225
568
36
75
1949
289
60
51
157
19
233
1314
22
299
285
663
269
559
2172
561
20
588
240
382
118
225
568
36
75
1949
289
60
51
157
19
233
1314
22
299
285
663
269
559
2172
561
20
588
240
382
118
225
568
36
75
1949
289
60
51
157
19
233
1314
22
299
285
663
269
559
2172
561
20
588
240
382
118
225
568
36
75
1949
289
60
51
157
19
233
1314
22
299
285
663
269
559
2172
561
20
588
240
382
118
225
568
36
75
1949
289
60
51
157
19
233
1314
22
299
285
663
269
559
2172
561
20
588
240
382
118
225
568
36
75
1949
289
60
51
157
19
233
1314
22
299
285
663
269
559
2172
561
20
588
240
382
118
225
568
36
75
1949
289
60
51
157
19
233
1314
22
299
285
663
269
559
2172
561
20
588
240
382
118
225
568
36
75
1949
289
60
51
157
19
233
1314
22
299
285
663
269
559
2172
561
20
588
240
382
118
225
568
36
75
1949
289
60
51
157
19
233
1314
22
299
285
663
269
559
2172
561
20
588
240
382
118
225
568
36
75
1949
289
60
51
157
19
233
1314
22
299
285
663
269
559
2172
561
20
588
240
382
118
225
568
36
75
1949
289
60