1314
269
125
1135
1107
118
40
598
23
2172
233
18
19
559
234
1144
225
197
51
173
588
359
31
53
154
1314
269
125
1135
1107
118
40
598
23
2172
233
18
19
559
234
1144
225
197
51
173
588
359
31
53
154
1314
269
125
1135
1107
118
40
598
23
2172
233
18
19
559
234
1144
225
197
51
173
588
359
31
53
154
1314
269
125
1135
1107
118
40
598
23
2172
233
18
19
559
234
1144
225
197
51
173
588
359
31
53
154
1314
269
125
1135
1107
118
40
598
23
2172
233
18
19
559
234
1144
225
197
51
173
588
359
31
53
154
1314
269
125
1135
1107
118
40
598
23
2172
233
18
19
559
234
1144
225
197
51
173
588
359
31
53
154
1314
269
125
1135
1107
118
40
598
23
2172
233
18
19
559
234
1144
225
197
51
173
588
359
31
53
154
1314
269
125
1135
1107
118
40
598
23
2172
233
18
19
559
234
1144
225
197
51
173
588
359
31
53
154
1314
269
125
1135
1107
118
40
598
23
2172
233
18
19
559
234
1144
225
197
51
173
588
359
31
53
154
1314
269
125
1135
1107
118
40
598
23
2172
233
18
19
559
234
1144
225
197
51
173
588
359
31
53
154
1314
269
125
1135
1107
118
40
598
23
2172
233
18
19
559
234
1144
225
197
51
173
588
359
31
53
154
1314
269
125
1135
1107
118
40
598
23
2172
233
18
19
559
234
1144
225
197
51
173
588
359
31
53
154
1314
269
125
1135
1107
118
40
598
23
2172
233
18
19
559
234
1144
225
197
51
173
588
359
31
53
154
1314
269
125
1135
1107
118
40
598
23
2172
233
18
19
559
234
1144
225
197
51
173
588
359
31
53
154
1314
269
125
1135
1107
118
40
598
23
2172
233
18
19
559
234
1144
225
197
51
173
588
359
31
53
154
1314
269
125
1135
1107
118
40
598
23
2172
233
18
19
559
234
1144
225
197
51
173
588
359
31
53
154
1314
269
125
1135
1107
118
40
598
23
2172
233
18
19
559
234
1144
225
197
51
173
588
359
31
53
154
1314
269
125
1135
1107
118
40
598
23
2172
233
18
19
559
234
1144
225
197
51
173
588
359
31
53
154
1314
269
125
1135
1107
118
40
598
23
2172
233
18
19
559
234
1144
225
197
51
173
588
359
31
53
154
1314
269
125
1135
1107
118
40
598
23
2172
233
18
19
559
234
1144
225
197
51
173
588
359
31
53
154
1314
269
125
1135
1107
118
40
598
23
2172
233
18
19
559
234
1144
225
197
51
173
588
359
31
53
154
1314
269
125
1135
1107
118
40
598
23
2172
233
18
19
559
234
1144
225
197
51
173
588
359
31
53
154
1314
269
125
1135
1107
118
40
598
23
2172
233
18
19
559
234
1144
225
197
51
173
588
359
31
53
154
1314
269
125
1135
1107
118
40
598
23
2172
233
18
19
559
234
1144
225
197
51
173
588
359
31
53
154
1314
269
125
1135
1107
118
40
598
23
2172
233
18
19
559
234
1144
225
197
51
173
588
359
31
53
154
1314
269
125
1135
1107
118
40
598
23
2172
233
18
19
559
234
1144
225
197
51
173
588
359
31
53
154
1314
269
125
1135
1107
118
40
598
23
2172
233
18
19
559
234
1144
225
197
51
173
588
359
31
53
154
1314
269
125
1135
1107
118
40
598
23
2172
233
18
19
559
234
1144
225
197
51
173
588
359
31
53
154
1314
269
125
1135
1107
118
40
598
23
2172
233
18
19
559
234
1144
225
197
51
173
588
359
31
53
154
1314
269
125
1135
1107
118
40
598
23
2172
233
18
19
559
234
1144
225
197
51
173
588
359
31
53
154
1314
269
125
1135
1107
118
40
598
23
2172
233
18
19
559
234
1144
225
197
51
173
588
359
31
53
154
1314
269
125
1135
1107
118
40
598
23
2172
233
18
19
559
234
1144
225
197
51
173
588
359
31
53
154
1314
269
125
1135
1107
118
40
598
23
2172
233
18
19
559
234
1144
225
197
51
173
588
359
31
53
154
1314
269
125
1135
1107
118
40
598
23
2172
233
18
19
559
234
1144
225
197
51
173
588
359
31
53
154
1314
269
125
1135
1107
118
40
598
23
2172
233
18
19
559
234
1144
225
197
51
173
588
359
31
53
154
1314
269
125
1135
1107
118
40
598
23
2172
233
18
19
559
234
1144
225
197
51
173
588
359
31
53
154
1314
269
125
1135
1107
118
40
598
23
2172
233
18
19
559
234
1144
225
197
51
173
588
359
31
53
154
1314
269
125
1135
1107
118
40
598
23
2172
233
18
19
559
234
1144
225
197
51
173
588
359
31
53
154
1314
269
125
1135
1107
118
40
598
23
2172
233
18
19
559
234
1144
225
197
51
173
588
359
31
53
154
1314
269
125
1135
1107
118
40
598
23
2172
233
18
19
559
234
1144
225
197
51
173
588
359
31
53
154
1314
269
125
1135
1107
118
40
598
23
2172
233
18
19
559
234
1144
225
197
51
173
588
359
31
53
154
1314
269
125
1135
1107
118
40
598
23
2172
233
18
19
559
234
1144
225
197
51
173
588
359
31
53
154
1314
269
125
1135
1107
118
40
598
23
2172
233
18
19
559
234
1144
225
197
51
173
588
359
31
53
154
1314
269
125
1135
1107
118
40
598
23
2172
233
18
19
559
234
1144
225
197
51
173
588
359
31
53
154
1314
269
125
1135
1107
118
40
598
23
2172
233
18
19
559
234
1144
225
197
51
173
588
359
31
53
154
1314
269
125
1135
1107
118
40
598
23
2172
233
18
19
559
234
1144
225
197
51
173
588
359
31
53
154
1314
269
125
1135
1107
118
40
598
23
2172
233
18
19
559
234
1144
225
197
51
173
588
359
31
53
154
1314
269
125
1135
1107
118
40
598
23
2172
233
18
19
559
234
1144
225
197
51
173
588
359
31
53
154
1314
269
125
1135
1107
118
40
598
23
2172
233
18
19
559
234
1144
225
197
51
173
588
359
31
53
154
1314
269
125
1135
1107
118
40
598
23
2172
233
18
19
559
234
1144
225
197
51
173
588
359
31
53
154