1135
19
1314
1107
561
598
37
291
240
1949
157
587
359
31
562
269
53
1144
60
22
911
939
118
663
588
1135
19
1314
1107
561
598
37
291
240
1949
157
587
359
31
562
269
53
1144
60
22
911
939
118
663
588
1135
19
1314
1107
561
598
37
291
240
1949
157
587
359
31
562
269
53
1144
60
22
911
939
118
663
588
1135
19
1314
1107
561
598
37
291
240
1949
157
587
359
31
562
269
53
1144
60
22
911
939
118
663
588
1135
19
1314
1107
561
598
37
291
240
1949
157
587
359
31
562
269
53
1144
60
22
911
939
118
663
588
1135
19
1314
1107
561
598
37
291
240
1949
157
587
359
31
562
269
53
1144
60
22
911
939
118
663
588
1135
19
1314
1107
561
598
37
291
240
1949
157
587
359
31
562
269
53
1144
60
22
911
939
118
663
588
1135
19
1314
1107
561
598
37
291
240
1949
157
587
359
31
562
269
53
1144
60
22
911
939
118
663
588
1135
19
1314
1107
561
598
37
291
240
1949
157
587
359
31
562
269
53
1144
60
22
911
939
118
663
588
1135
19
1314
1107
561
598
37
291
240
1949
157
587
359
31
562
269
53
1144
60
22
911
939
118
663
588
1135
19
1314
1107
561
598
37
291
240
1949
157
587
359
31
562
269
53
1144
60
22
911
939
118
663
588
1135
19
1314
1107
561
598
37
291
240
1949
157
587
359
31
562
269
53
1144
60
22
911
939
118
663
588
1135
19
1314
1107
561
598
37
291
240
1949
157
587
359
31
562
269
53
1144
60
22
911
939
118
663
588
1135
19
1314
1107
561
598
37
291
240
1949
157
587
359
31
562
269
53
1144
60
22
911
939
118
663
588
1135
19
1314
1107
561
598
37
291
240
1949
157
587
359
31
562
269
53
1144
60
22
911
939
118
663
588
1135
19
1314
1107
561
598
37
291
240
1949
157
587
359
31
562
269
53
1144
60
22
911
939
118
663
588
1135
19
1314
1107
561
598
37
291
240
1949
157
587
359
31
562
269
53
1144
60
22
911
939
118
663
588
1135
19
1314
1107
561
598
37
291
240
1949
157
587
359
31
562
269
53
1144
60
22
911
939
118
663
588
1135
19
1314
1107
561
598
37
291
240
1949
157
587
359
31
562
269
53
1144
60
22
911
939
118
663
588
1135
19
1314
1107
561
598
37
291
240
1949
157
587
359
31
562
269
53
1144
60
22
911
939
118
663
588
1135
19
1314
1107
561
598
37
291
240
1949
157
587
359
31
562
269
53
1144
60
22
911
939
118
663
588
1135
19
1314
1107
561
598
37
291
240
1949
157
587
359
31
562
269
53
1144
60
22
911
939
118
663
588
1135
19
1314
1107
561
598
37
291
240
1949
157
587
359
31
562
269
53
1144
60
22
911
939
118
663
588
1135
19
1314
1107
561
598
37
291
240
1949
157
587
359
31
562
269
53
1144
60
22
911
939
118
663
588
1135
19
1314
1107
561
598
37
291
240
1949
157
587
359
31
562
269
53
1144
60
22
911
939
118
663
588
1135
19
1314
1107
561
598
37
291
240
1949
157
587
359
31
562
269
53
1144
60
22
911
939
118
663
588
1135
19
1314
1107
561
598
37
291
240
1949
157
587
359
31
562
269
53
1144
60
22
911
939
118
663
588
1135
19
1314
1107
561
598
37
291
240
1949
157
587
359
31
562
269
53
1144
60
22
911
939
118
663
588
1135
19
1314
1107
561
598
37
291
240
1949
157
587
359
31
562
269
53
1144
60
22
911
939
118
663
588
1135
19
1314
1107
561
598
37
291
240
1949
157
587
359
31
562
269
53
1144
60
22
911
939
118
663
588
1135
19
1314
1107
561
598
37
291
240
1949
157
587
359
31
562
269
53
1144
60
22
911
939
118
663
588
1135
19
1314
1107
561
598
37
291
240
1949
157
587
359
31
562
269
53
1144
60
22
911
939
118
663
588
1135
19
1314
1107
561
598
37
291
240
1949
157
587
359
31
562
269
53
1144
60
22
911
939
118
663
588
1135
19
1314
1107
561
598
37
291
240
1949
157
587
359
31
562
269
53
1144
60
22
911
939
118
663
588
1135
19
1314
1107
561
598
37
291
240
1949
157
587
359
31
562
269
53
1144
60
22
911
939
118
663
588
1135
19
1314
1107
561
598
37
291
240
1949
157
587
359
31
562
269
53
1144
60
22
911
939
118
663
588
1135
19
1314
1107
561
598
37
291
240
1949
157
587
359
31
562
269
53
1144
60
22
911
939
118
663
588
1135
19
1314
1107
561
598
37
291
240
1949
157
587
359
31
562
269
53
1144
60
22
911
939
118
663
588
1135
19
1314
1107
561
598
37
291
240
1949
157
587
359
31
562
269
53
1144
60
22
911
939
118
663
588
1135
19
1314
1107
561
598
37
291
240
1949
157
587
359
31
562
269
53
1144
60
22
911
939
118
663
588
1135
19
1314
1107
561
598
37
291
240
1949
157
587
359
31
562
269
53
1144
60
22
911
939
118
663
588
1135
19
1314
1107
561
598
37
291
240
1949
157
587
359
31
562
269
53
1144
60
22
911
939
118
663
588
1135
19
1314
1107
561
598
37
291
240
1949
157
587
359
31
562
269
53
1144
60
22
911
939
118
663
588
1135
19
1314
1107
561
598
37
291
240
1949
157
587
359
31
562
269
53
1144
60
22
911
939
118
663
588
1135
19
1314
1107
561
598
37
291
240
1949
157
587
359
31
562
269
53
1144
60
22
911
939
118
663
588
1135
19
1314
1107
561
598
37
291
240
1949
157
587
359
31
562
269
53
1144
60
22
911
939
118
663
588
1135
19
1314
1107
561
598
37
291
240
1949
157
587
359
31
562
269
53
1144
60
22
911
939
118
663
588
1135
19
1314
1107
561
598
37
291
240
1949
157
587
359
31
562
269
53
1144
60
22
911
939
118
663
588
1135
19
1314
1107
561
598
37
291
240
1949
157
587
359
31
562
269
53
1144
60
22
911
939
118
663
588
1135
19
1314
1107
561
598
37
291
240
1949
157
587
359
31
562
269
53
1144
60
22
911
939
118
663
588