71
75
568
64
51
911
40
240
53
118
36
31
561
154
19
22
1144
23
559
663
758
1109
20
1108
587
71
75
568
64
51
911
40
240
53
118
36
31
561
154
19
22
1144
23
559
663
758
1109
20
1108
587
71
75
568
64
51
911
40
240
53
118
36
31
561
154
19
22
1144
23
559
663
758
1109
20
1108
587
71
75
568
64
51
911
40
240
53
118
36
31
561
154
19
22
1144
23
559
663
758
1109
20
1108
587
71
75
568
64
51
911
40
240
53
118
36
31
561
154
19
22
1144
23
559
663
758
1109
20
1108
587
71
75
568
64
51
911
40
240
53
118
36
31
561
154
19
22
1144
23
559
663
758
1109
20
1108
587
71
75
568
64
51
911
40
240
53
118
36
31
561
154
19
22
1144
23
559
663
758
1109
20
1108
587
71
75
568
64
51
911
40
240
53
118
36
31
561
154
19
22
1144
23
559
663
758
1109
20
1108
587
71
75
568
64
51
911
40
240
53
118
36
31
561
154
19
22
1144
23
559
663
758
1109
20
1108
587
71
75
568
64
51
911
40
240
53
118
36
31
561
154
19
22
1144
23
559
663
758
1109
20
1108
587
71
75
568
64
51
911
40
240
53
118
36
31
561
154
19
22
1144
23
559
663
758
1109
20
1108
587
71
75
568
64
51
911
40
240
53
118
36
31
561
154
19
22
1144
23
559
663
758
1109
20
1108
587
71
75
568
64
51
911
40
240
53
118
36
31
561
154
19
22
1144
23
559
663
758
1109
20
1108
587
71
75
568
64
51
911
40
240
53
118
36
31
561
154
19
22
1144
23
559
663
758
1109
20
1108
587
71
75
568
64
51
911
40
240
53
118
36
31
561
154
19
22
1144
23
559
663
758
1109
20
1108
587
71
75
568
64
51
911
40
240
53
118
36
31
561
154
19
22
1144
23
559
663
758
1109
20
1108
587
71
75
568
64
51
911
40
240
53
118
36
31
561
154
19
22
1144
23
559
663
758
1109
20
1108
587
71
75
568
64
51
911
40
240
53
118
36
31
561
154
19
22
1144
23
559
663
758
1109
20
1108
587
71
75
568
64
51
911
40
240
53
118
36
31
561
154
19
22
1144
23
559
663
758
1109
20
1108
587
71
75
568
64
51
911
40
240
53
118
36
31
561
154
19
22
1144
23
559
663
758
1109
20
1108
587
71
75
568
64
51
911
40
240
53
118
36
31
561
154
19
22
1144
23
559
663
758
1109
20
1108
587
71
75
568
64
51
911
40
240
53
118
36
31
561
154
19
22
1144
23
559
663
758
1109
20
1108
587
71
75
568
64
51
911
40
240
53
118
36
31
561
154
19
22
1144
23
559
663
758
1109
20
1108
587
71
75
568
64
51
911
40
240
53
118
36
31
561
154
19
22
1144
23
559
663
758
1109
20
1108
587
71
75
568
64
51
911
40
240
53
118
36
31
561
154
19
22
1144
23
559
663
758
1109
20
1108
587
71
75
568
64
51
911
40
240
53
118
36
31
561
154
19
22
1144
23
559
663
758
1109
20
1108
587
71
75
568
64
51
911
40
240
53
118
36
31
561
154
19
22
1144
23
559
663
758
1109
20
1108
587
71
75
568
64
51
911
40
240
53
118
36
31
561
154
19
22
1144
23
559
663
758
1109
20
1108
587
71
75
568
64
51
911
40
240
53
118
36
31
561
154
19
22
1144
23
559
663
758
1109
20
1108
587
71
75
568
64
51
911
40
240
53
118
36
31
561
154
19
22
1144
23
559
663
758
1109
20
1108
587
71
75
568
64
51
911
40
240
53
118
36
31
561
154
19
22
1144
23
559
663
758
1109
20
1108
587
71
75
568
64
51
911
40
240
53
118
36
31
561
154
19
22
1144
23
559
663
758
1109
20
1108
587
71
75
568
64
51
911
40
240
53
118
36
31
561
154
19
22
1144
23
559
663
758
1109
20
1108
587
71
75
568
64
51
911
40
240
53
118
36
31
561
154
19
22
1144
23
559
663
758
1109
20
1108
587
71
75
568
64
51
911
40
240
53
118
36
31
561
154
19
22
1144
23
559
663
758
1109
20
1108
587
71
75
568
64
51
911
40
240
53
118
36
31
561
154
19
22
1144
23
559
663
758
1109
20
1108
587
71
75
568
64
51
911
40
240
53
118
36
31
561
154
19
22
1144
23
559
663
758
1109
20
1108
587
71
75
568
64
51
911
40
240
53
118
36
31
561
154
19
22
1144
23
559
663
758
1109
20
1108
587
71
75
568
64
51
911
40
240
53
118
36
31
561
154
19
22
1144
23
559
663
758
1109
20
1108
587
71
75
568
64
51
911
40
240
53
118
36
31
561
154
19
22
1144
23
559
663
758
1109
20
1108
587
71
75
568
64
51
911
40
240
53
118
36
31
561
154
19
22
1144
23
559
663
758
1109
20
1108
587
71
75
568
64
51
911
40
240
53
118
36
31
561
154
19
22
1144
23
559
663
758
1109
20
1108
587
71
75
568
64
51
911
40
240
53
118
36
31
561
154
19
22
1144
23
559
663
758
1109
20
1108
587
71
75
568
64
51
911
40
240
53
118
36
31
561
154
19
22
1144
23
559
663
758
1109
20
1108
587
71
75
568
64
51
911
40
240
53
118
36
31
561
154
19
22
1144
23
559
663
758
1109
20
1108
587
71
75
568
64
51
911
40
240
53
118
36
31
561
154
19
22
1144
23
559
663
758
1109
20
1108
587
71
75
568
64
51
911
40
240
53
118
36
31
561
154
19
22
1144
23
559
663
758
1109
20
1108
587
71
75
568
64
51
911
40
240
53
118
36
31
561
154
19
22
1144
23
559
663
758
1109
20
1108
587
71
75
568
64
51
911
40
240
53
118
36
31
561
154
19
22
1144
23
559
663
758
1109
20
1108
587
71
75
568
64
51
911
40
240
53
118
36
31
561
154
19
22
1144
23
559
663
758
1109
20
1108
587