3
13
170
8
39
4
222
61
40
223
12
7
19
10
106
14
144
42
63
255
3
13
170
8
39
4
222
61
40
223
12
7
19
10
106
14
144
42
63
255
3
13
170
8
39
4
222
61
40
223
12
7
19
10
106
14
144
42
63
255
3
13
170
8
39
4
222
61
40
223
12
7
19
10
106
14
144
42
63
255
3
13
170
8
39
4
222
61
40
223
12
7
19
10
106
14
144
42
63
255
3
13
170
8
39
4
222
61
40
223
12
7
19
10
106
14
144
42
63
255
3
13
170
8
39
4
222
61
40
223
12
7
19
10
106
14
144
42
63
255
3
13
170
8
39
4
222
61
40
223
12
7
19
10
106
14
144
42
63
255
3
13
170
8
39
4
222
61
40
223
12
7
19
10
106
14
144
42
63
255
3
13
170
8
39
4
222
61
40
223
12
7
19
10
106
14
144
42
63
255
3
13
170
8
39
4
222
61
40
223
12
7
19
10
106
14
144
42
63
255
3
13
170
8
39
4
222
61
40
223
12
7
19
10
106
14
144
42
63
255
3
13
170
8
39
4
222
61
40
223
12
7
19
10
106
14
144
42
63
255
3
13
170
8
39
4
222
61
40
223
12
7
19
10
106
14
144
42
63
255
3
13
170
8
39
4
222
61
40
223
12
7
19
10
106
14
144
42
63
255
3
13
170
8
39
4
222
61
40
223
12
7
19
10
106
14
144
42
63
255
3
13
170
8
39
4
222
61
40
223
12
7
19
10
106
14
144
42
63
255
3
13
170
8
39
4
222
61
40
223
12
7
19
10
106
14
144
42
63
255
3
13
170
8
39
4
222
61
40
223
12
7
19
10
106
14
144
42
63
255
3
13
170
8
39
4
222
61
40
223
12
7
19
10
106
14
144
42
63
255
3
13
170
8
39
4
222
61
40
223
12
7
19
10
106
14
144
42
63
255
3
13
170
8
39
4
222
61
40
223
12
7
19
10
106
14
144
42
63
255
3
13
170
8
39
4
222
61
40
223
12
7
19
10
106
14
144
42
63
255
3
13
170
8
39
4
222
61
40
223
12
7
19
10
106
14
144
42
63
255
3
13
170
8
39
4
222
61
40
223
12
7
19
10
106
14
144
42
63
255
3
13
170
8
39
4
222
61
40
223
12
7
19
10
106
14
144
42
63
255
3
13
170
8
39
4
222
61
40
223
12
7
19
10
106
14
144
42
63
255
3
13
170
8
39
4
222
61
40
223
12
7
19
10
106
14
144
42
63
255
3
13
170
8
39
4
222
61
40
223
12
7
19
10
106
14
144
42
63
255
3
13
170
8
39
4
222
61
40
223
12
7
19
10
106
14
144
42
63
255
3
13
170
8
39
4
222
61
40
223
12
7
19
10
106
14
144
42
63
255
3
13
170
8
39
4
222
61
40
223
12
7
19
10
106
14
144
42
63
255
3
13
170
8
39
4
222
61
40
223
12
7
19
10
106
14
144
42
63
255
3
13
170
8
39
4
222
61
40
223
12
7
19
10
106
14
144
42
63
255
3
13
170
8
39
4
222
61
40
223
12
7
19
10
106
14
144
42
63
255
3
13
170
8
39
4
222
61
40
223
12
7
19
10
106
14
144
42
63
255
3
13
170
8
39
4
222
61
40
223
12
7
19
10
106
14
144
42
63
255
3
13
170
8
39
4
222
61
40
223
12
7
19
10
106
14
144
42
63
255
3
13
170
8
39
4
222
61
40
223
12
7
19
10
106
14
144
42
63
255
3
13
170
8
39
4
222
61
40
223
12
7
19
10
106
14
144
42
63
255
3
13
170
8
39
4
222
61
40
223
12
7
19
10
106
14
144
42
63
255
3
13
170
8
39
4
222
61
40
223
12
7
19
10
106
14
144
42
63
255
3
13
170
8
39
4
222
61
40
223
12
7
19
10
106
14
144
42
63
255
3
13
170
8
39
4
222
61
40
223
12
7
19
10
106
14
144
42
63
255
3
13
170
8
39
4
222
61
40
223
12
7
19
10
106
14
144
42
63
255
3
13
170
8
39
4
222
61
40
223
12
7
19
10
106
14
144
42
63
255
3
13
170
8
39
4
222
61
40
223
12
7
19
10
106
14
144
42
63
255
3
13
170
8
39
4
222
61
40
223
12
7
19
10
106
14
144
42
63
255
3
13
170
8
39
4
222
61
40
223
12
7
19
10
106
14
144
42
63
255
3
13
170
8
39
4
222
61
40
223
12
7
19
10
106
14
144
42
63
255