3
170
39
13
4
40
61
222
46
144
3
170
39
13
4
40
61
222
46
144
3
170
39
13
4
40
61
222
46
144
3
170
39
13
4
40
61
222
46
144
3
170
39
13
4
40
61
222
46
144
3
170
39
13
4
40
61
222
46
144
3
170
39
13
4
40
61
222
46
144
3
170
39
13
4
40
61
222
46
144
3
170
39
13
4
40
61
222
46
144
3
170
39
13
4
40
61
222
46
144
3
170
39
13
4
40
61
222
46
144
3
170
39
13
4
40
61
222
46
144
3
170
39
13
4
40
61
222
46
144
3
170
39
13
4
40
61
222
46
144
3
170
39
13
4
40
61
222
46
144
3
170
39
13
4
40
61
222
46
144
3
170
39
13
4
40
61
222
46
144
3
170
39
13
4
40
61
222
46
144
3
170
39
13
4
40
61
222
46
144
3
170
39
13
4
40
61
222
46
144
3
170
39
13
4
40
61
222
46
144
3
170
39
13
4
40
61
222
46
144
3
170
39
13
4
40
61
222
46
144
3
170
39
13
4
40
61
222
46
144
3
170
39
13
4
40
61
222
46
144
3
170
39
13
4
40
61
222
46
144
3
170
39
13
4
40
61
222
46
144
3
170
39
13
4
40
61
222
46
144
3
170
39
13
4
40
61
222
46
144
3
170
39
13
4
40
61
222
46
144
3
170
39
13
4
40
61
222
46
144
3
170
39
13
4
40
61
222
46
144
3
170
39
13
4
40
61
222
46
144
3
170
39
13
4
40
61
222
46
144
3
170
39
13
4
40
61
222
46
144
3
170
39
13
4
40
61
222
46
144
3
170
39
13
4
40
61
222
46
144
3
170
39
13
4
40
61
222
46
144
3
170
39
13
4
40
61
222
46
144
3
170
39
13
4
40
61
222
46
144
3
170
39
13
4
40
61
222
46
144
3
170
39
13
4
40
61
222
46
144
3
170
39
13
4
40
61
222
46
144
3
170
39
13
4
40
61
222
46
144
3
170
39
13
4
40
61
222
46
144
3
170
39
13
4
40
61
222
46
144
3
170
39
13
4
40
61
222
46
144
3
170
39
13
4
40
61
222
46
144
3
170
39
13
4
40
61
222
46
144
3
170
39
13
4
40
61
222
46
144