3
170
39
13
4
106
61
42
222
46
3
170
39
13
4
106
61
42
222
46
3
170
39
13
4
106
61
42
222
46
3
170
39
13
4
106
61
42
222
46
3
170
39
13
4
106
61
42
222
46
3
170
39
13
4
106
61
42
222
46
3
170
39
13
4
106
61
42
222
46
3
170
39
13
4
106
61
42
222
46
3
170
39
13
4
106
61
42
222
46
3
170
39
13
4
106
61
42
222
46
3
170
39
13
4
106
61
42
222
46
3
170
39
13
4
106
61
42
222
46
3
170
39
13
4
106
61
42
222
46
3
170
39
13
4
106
61
42
222
46
3
170
39
13
4
106
61
42
222
46
3
170
39
13
4
106
61
42
222
46
3
170
39
13
4
106
61
42
222
46
3
170
39
13
4
106
61
42
222
46
3
170
39
13
4
106
61
42
222
46
3
170
39
13
4
106
61
42
222
46
3
170
39
13
4
106
61
42
222
46
3
170
39
13
4
106
61
42
222
46
3
170
39
13
4
106
61
42
222
46
3
170
39
13
4
106
61
42
222
46
3
170
39
13
4
106
61
42
222
46
3
170
39
13
4
106
61
42
222
46
3
170
39
13
4
106
61
42
222
46
3
170
39
13
4
106
61
42
222
46
3
170
39
13
4
106
61
42
222
46
3
170
39
13
4
106
61
42
222
46
3
170
39
13
4
106
61
42
222
46
3
170
39
13
4
106
61
42
222
46
3
170
39
13
4
106
61
42
222
46
3
170
39
13
4
106
61
42
222
46
3
170
39
13
4
106
61
42
222
46
3
170
39
13
4
106
61
42
222
46
3
170
39
13
4
106
61
42
222
46
3
170
39
13
4
106
61
42
222
46
3
170
39
13
4
106
61
42
222
46
3
170
39
13
4
106
61
42
222
46
3
170
39
13
4
106
61
42
222
46
3
170
39
13
4
106
61
42
222
46
3
170
39
13
4
106
61
42
222
46
3
170
39
13
4
106
61
42
222
46
3
170
39
13
4
106
61
42
222
46
3
170
39
13
4
106
61
42
222
46
3
170
39
13
4
106
61
42
222
46
3
170
39
13
4
106
61
42
222
46
3
170
39
13
4
106
61
42
222
46
3
170
39
13
4
106
61
42
222
46