3
170
13
8
4
106
42
222
46
144
3
170
13
8
4
106
42
222
46
144
3
170
13
8
4
106
42
222
46
144
3
170
13
8
4
106
42
222
46
144
3
170
13
8
4
106
42
222
46
144
3
170
13
8
4
106
42
222
46
144
3
170
13
8
4
106
42
222
46
144
3
170
13
8
4
106
42
222
46
144
3
170
13
8
4
106
42
222
46
144
3
170
13
8
4
106
42
222
46
144
3
170
13
8
4
106
42
222
46
144
3
170
13
8
4
106
42
222
46
144
3
170
13
8
4
106
42
222
46
144
3
170
13
8
4
106
42
222
46
144
3
170
13
8
4
106
42
222
46
144
3
170
13
8
4
106
42
222
46
144
3
170
13
8
4
106
42
222
46
144
3
170
13
8
4
106
42
222
46
144
3
170
13
8
4
106
42
222
46
144
3
170
13
8
4
106
42
222
46
144
3
170
13
8
4
106
42
222
46
144
3
170
13
8
4
106
42
222
46
144
3
170
13
8
4
106
42
222
46
144
3
170
13
8
4
106
42
222
46
144
3
170
13
8
4
106
42
222
46
144
3
170
13
8
4
106
42
222
46
144
3
170
13
8
4
106
42
222
46
144
3
170
13
8
4
106
42
222
46
144
3
170
13
8
4
106
42
222
46
144
3
170
13
8
4
106
42
222
46
144
3
170
13
8
4
106
42
222
46
144
3
170
13
8
4
106
42
222
46
144
3
170
13
8
4
106
42
222
46
144
3
170
13
8
4
106
42
222
46
144
3
170
13
8
4
106
42
222
46
144
3
170
13
8
4
106
42
222
46
144
3
170
13
8
4
106
42
222
46
144
3
170
13
8
4
106
42
222
46
144
3
170
13
8
4
106
42
222
46
144
3
170
13
8
4
106
42
222
46
144
3
170
13
8
4
106
42
222
46
144
3
170
13
8
4
106
42
222
46
144
3
170
13
8
4
106
42
222
46
144
3
170
13
8
4
106
42
222
46
144
3
170
13
8
4
106
42
222
46
144
3
170
13
8
4
106
42
222
46
144
3
170
13
8
4
106
42
222
46
144
3
170
13
8
4
106
42
222
46
144
3
170
13
8
4
106
42
222
46
144
3
170
13
8
4
106
42
222
46
144