3
170
8
4
40
61
42
222
46
144
3
170
8
4
40
61
42
222
46
144
3
170
8
4
40
61
42
222
46
144
3
170
8
4
40
61
42
222
46
144
3
170
8
4
40
61
42
222
46
144
3
170
8
4
40
61
42
222
46
144
3
170
8
4
40
61
42
222
46
144
3
170
8
4
40
61
42
222
46
144
3
170
8
4
40
61
42
222
46
144
3
170
8
4
40
61
42
222
46
144
3
170
8
4
40
61
42
222
46
144
3
170
8
4
40
61
42
222
46
144
3
170
8
4
40
61
42
222
46
144
3
170
8
4
40
61
42
222
46
144
3
170
8
4
40
61
42
222
46
144
3
170
8
4
40
61
42
222
46
144
3
170
8
4
40
61
42
222
46
144
3
170
8
4
40
61
42
222
46
144
3
170
8
4
40
61
42
222
46
144
3
170
8
4
40
61
42
222
46
144
3
170
8
4
40
61
42
222
46
144
3
170
8
4
40
61
42
222
46
144
3
170
8
4
40
61
42
222
46
144
3
170
8
4
40
61
42
222
46
144
3
170
8
4
40
61
42
222
46
144
3
170
8
4
40
61
42
222
46
144
3
170
8
4
40
61
42
222
46
144
3
170
8
4
40
61
42
222
46
144
3
170
8
4
40
61
42
222
46
144
3
170
8
4
40
61
42
222
46
144
3
170
8
4
40
61
42
222
46
144
3
170
8
4
40
61
42
222
46
144
3
170
8
4
40
61
42
222
46
144
3
170
8
4
40
61
42
222
46
144
3
170
8
4
40
61
42
222
46
144
3
170
8
4
40
61
42
222
46
144
3
170
8
4
40
61
42
222
46
144
3
170
8
4
40
61
42
222
46
144
3
170
8
4
40
61
42
222
46
144
3
170
8
4
40
61
42
222
46
144
3
170
8
4
40
61
42
222
46
144
3
170
8
4
40
61
42
222
46
144
3
170
8
4
40
61
42
222
46
144
3
170
8
4
40
61
42
222
46
144
3
170
8
4
40
61
42
222
46
144
3
170
8
4
40
61
42
222
46
144
3
170
8
4
40
61
42
222
46
144
3
170
8
4
40
61
42
222
46
144
3
170
8
4
40
61
42
222
46
144
3
170
8
4
40
61
42
222
46
144