3
170
39
13
8
4
61
40
106
144
3
170
39
13
8
4
61
40
106
144
3
170
39
13
8
4
61
40
106
144
3
170
39
13
8
4
61
40
106
144
3
170
39
13
8
4
61
40
106
144
3
170
39
13
8
4
61
40
106
144
3
170
39
13
8
4
61
40
106
144
3
170
39
13
8
4
61
40
106
144
3
170
39
13
8
4
61
40
106
144
3
170
39
13
8
4
61
40
106
144
3
170
39
13
8
4
61
40
106
144
3
170
39
13
8
4
61
40
106
144
3
170
39
13
8
4
61
40
106
144
3
170
39
13
8
4
61
40
106
144
3
170
39
13
8
4
61
40
106
144
3
170
39
13
8
4
61
40
106
144
3
170
39
13
8
4
61
40
106
144
3
170
39
13
8
4
61
40
106
144
3
170
39
13
8
4
61
40
106
144
3
170
39
13
8
4
61
40
106
144
3
170
39
13
8
4
61
40
106
144
3
170
39
13
8
4
61
40
106
144
3
170
39
13
8
4
61
40
106
144
3
170
39
13
8
4
61
40
106
144
3
170
39
13
8
4
61
40
106
144
3
170
39
13
8
4
61
40
106
144
3
170
39
13
8
4
61
40
106
144
3
170
39
13
8
4
61
40
106
144
3
170
39
13
8
4
61
40
106
144
3
170
39
13
8
4
61
40
106
144
3
170
39
13
8
4
61
40
106
144
3
170
39
13
8
4
61
40
106
144
3
170
39
13
8
4
61
40
106
144
3
170
39
13
8
4
61
40
106
144
3
170
39
13
8
4
61
40
106
144
3
170
39
13
8
4
61
40
106
144
3
170
39
13
8
4
61
40
106
144
3
170
39
13
8
4
61
40
106
144
3
170
39
13
8
4
61
40
106
144
3
170
39
13
8
4
61
40
106
144
3
170
39
13
8
4
61
40
106
144
3
170
39
13
8
4
61
40
106
144
3
170
39
13
8
4
61
40
106
144
3
170
39
13
8
4
61
40
106
144
3
170
39
13
8
4
61
40
106
144
3
170
39
13
8
4
61
40
106
144
3
170
39
13
8
4
61
40
106
144
3
170
39
13
8
4
61
40
106
144
3
170
39
13
8
4
61
40
106
144
3
170
39
13
8
4
61
40
106
144