3
170
39
13
4
106
61
42
46
144
3
170
39
13
4
106
61
42
46
144
3
170
39
13
4
106
61
42
46
144
3
170
39
13
4
106
61
42
46
144
3
170
39
13
4
106
61
42
46
144
3
170
39
13
4
106
61
42
46
144
3
170
39
13
4
106
61
42
46
144
3
170
39
13
4
106
61
42
46
144
3
170
39
13
4
106
61
42
46
144
3
170
39
13
4
106
61
42
46
144
3
170
39
13
4
106
61
42
46
144
3
170
39
13
4
106
61
42
46
144
3
170
39
13
4
106
61
42
46
144
3
170
39
13
4
106
61
42
46
144
3
170
39
13
4
106
61
42
46
144
3
170
39
13
4
106
61
42
46
144
3
170
39
13
4
106
61
42
46
144
3
170
39
13
4
106
61
42
46
144
3
170
39
13
4
106
61
42
46
144
3
170
39
13
4
106
61
42
46
144
3
170
39
13
4
106
61
42
46
144
3
170
39
13
4
106
61
42
46
144
3
170
39
13
4
106
61
42
46
144
3
170
39
13
4
106
61
42
46
144
3
170
39
13
4
106
61
42
46
144
3
170
39
13
4
106
61
42
46
144
3
170
39
13
4
106
61
42
46
144
3
170
39
13
4
106
61
42
46
144
3
170
39
13
4
106
61
42
46
144
3
170
39
13
4
106
61
42
46
144
3
170
39
13
4
106
61
42
46
144
3
170
39
13
4
106
61
42
46
144
3
170
39
13
4
106
61
42
46
144
3
170
39
13
4
106
61
42
46
144
3
170
39
13
4
106
61
42
46
144
3
170
39
13
4
106
61
42
46
144
3
170
39
13
4
106
61
42
46
144
3
170
39
13
4
106
61
42
46
144
3
170
39
13
4
106
61
42
46
144
3
170
39
13
4
106
61
42
46
144
3
170
39
13
4
106
61
42
46
144
3
170
39
13
4
106
61
42
46
144
3
170
39
13
4
106
61
42
46
144
3
170
39
13
4
106
61
42
46
144
3
170
39
13
4
106
61
42
46
144
3
170
39
13
4
106
61
42
46
144
3
170
39
13
4
106
61
42
46
144
3
170
39
13
4
106
61
42
46
144
3
170
39
13
4
106
61
42
46
144
3
170
39
13
4
106
61
42
46
144