170
39
13
8
40
61
42
222
46
144
170
39
13
8
40
61
42
222
46
144
170
39
13
8
40
61
42
222
46
144
170
39
13
8
40
61
42
222
46
144
170
39
13
8
40
61
42
222
46
144
170
39
13
8
40
61
42
222
46
144
170
39
13
8
40
61
42
222
46
144
170
39
13
8
40
61
42
222
46
144
170
39
13
8
40
61
42
222
46
144
170
39
13
8
40
61
42
222
46
144
170
39
13
8
40
61
42
222
46
144
170
39
13
8
40
61
42
222
46
144
170
39
13
8
40
61
42
222
46
144
170
39
13
8
40
61
42
222
46
144
170
39
13
8
40
61
42
222
46
144
170
39
13
8
40
61
42
222
46
144
170
39
13
8
40
61
42
222
46
144
170
39
13
8
40
61
42
222
46
144
170
39
13
8
40
61
42
222
46
144
170
39
13
8
40
61
42
222
46
144
170
39
13
8
40
61
42
222
46
144
170
39
13
8
40
61
42
222
46
144
170
39
13
8
40
61
42
222
46
144
170
39
13
8
40
61
42
222
46
144
170
39
13
8
40
61
42
222
46
144
170
39
13
8
40
61
42
222
46
144
170
39
13
8
40
61
42
222
46
144
170
39
13
8
40
61
42
222
46
144
170
39
13
8
40
61
42
222
46
144
170
39
13
8
40
61
42
222
46
144
170
39
13
8
40
61
42
222
46
144
170
39
13
8
40
61
42
222
46
144
170
39
13
8
40
61
42
222
46
144
170
39
13
8
40
61
42
222
46
144
170
39
13
8
40
61
42
222
46
144
170
39
13
8
40
61
42
222
46
144
170
39
13
8
40
61
42
222
46
144
170
39
13
8
40
61
42
222
46
144
170
39
13
8
40
61
42
222
46
144
170
39
13
8
40
61
42
222
46
144
170
39
13
8
40
61
42
222
46
144
170
39
13
8
40
61
42
222
46
144
170
39
13
8
40
61
42
222
46
144
170
39
13
8
40
61
42
222
46
144
170
39
13
8
40
61
42
222
46
144
170
39
13
8
40
61
42
222
46
144
170
39
13
8
40
61
42
222
46
144
170
39
13
8
40
61
42
222
46
144
170
39
13
8
40
61
42
222
46
144
170
39
13
8
40
61
42
222
46
144