170
39
8
40
106
61
42
222
46
144
170
39
8
40
106
61
42
222
46
144
170
39
8
40
106
61
42
222
46
144
170
39
8
40
106
61
42
222
46
144
170
39
8
40
106
61
42
222
46
144
170
39
8
40
106
61
42
222
46
144
170
39
8
40
106
61
42
222
46
144
170
39
8
40
106
61
42
222
46
144
170
39
8
40
106
61
42
222
46
144
170
39
8
40
106
61
42
222
46
144
170
39
8
40
106
61
42
222
46
144
170
39
8
40
106
61
42
222
46
144
170
39
8
40
106
61
42
222
46
144
170
39
8
40
106
61
42
222
46
144
170
39
8
40
106
61
42
222
46
144
170
39
8
40
106
61
42
222
46
144
170
39
8
40
106
61
42
222
46
144
170
39
8
40
106
61
42
222
46
144
170
39
8
40
106
61
42
222
46
144
170
39
8
40
106
61
42
222
46
144
170
39
8
40
106
61
42
222
46
144
170
39
8
40
106
61
42
222
46
144
170
39
8
40
106
61
42
222
46
144
170
39
8
40
106
61
42
222
46
144
170
39
8
40
106
61
42
222
46
144
170
39
8
40
106
61
42
222
46
144
170
39
8
40
106
61
42
222
46
144
170
39
8
40
106
61
42
222
46
144
170
39
8
40
106
61
42
222
46
144
170
39
8
40
106
61
42
222
46
144
170
39
8
40
106
61
42
222
46
144
170
39
8
40
106
61
42
222
46
144
170
39
8
40
106
61
42
222
46
144
170
39
8
40
106
61
42
222
46
144
170
39
8
40
106
61
42
222
46
144
170
39
8
40
106
61
42
222
46
144
170
39
8
40
106
61
42
222
46
144
170
39
8
40
106
61
42
222
46
144
170
39
8
40
106
61
42
222
46
144
170
39
8
40
106
61
42
222
46
144
170
39
8
40
106
61
42
222
46
144
170
39
8
40
106
61
42
222
46
144
170
39
8
40
106
61
42
222
46
144
170
39
8
40
106
61
42
222
46
144
170
39
8
40
106
61
42
222
46
144
170
39
8
40
106
61
42
222
46
144
170
39
8
40
106
61
42
222
46
144
170
39
8
40
106
61
42
222
46
144
170
39
8
40
106
61
42
222
46
144
170
39
8
40
106
61
42
222
46
144