3
170
39
8
40
61
42
222
46
144
3
170
39
8
40
61
42
222
46
144
3
170
39
8
40
61
42
222
46
144
3
170
39
8
40
61
42
222
46
144
3
170
39
8
40
61
42
222
46
144
3
170
39
8
40
61
42
222
46
144
3
170
39
8
40
61
42
222
46
144
3
170
39
8
40
61
42
222
46
144
3
170
39
8
40
61
42
222
46
144
3
170
39
8
40
61
42
222
46
144
3
170
39
8
40
61
42
222
46
144
3
170
39
8
40
61
42
222
46
144
3
170
39
8
40
61
42
222
46
144
3
170
39
8
40
61
42
222
46
144
3
170
39
8
40
61
42
222
46
144
3
170
39
8
40
61
42
222
46
144
3
170
39
8
40
61
42
222
46
144
3
170
39
8
40
61
42
222
46
144
3
170
39
8
40
61
42
222
46
144
3
170
39
8
40
61
42
222
46
144
3
170
39
8
40
61
42
222
46
144
3
170
39
8
40
61
42
222
46
144
3
170
39
8
40
61
42
222
46
144
3
170
39
8
40
61
42
222
46
144
3
170
39
8
40
61
42
222
46
144
3
170
39
8
40
61
42
222
46
144
3
170
39
8
40
61
42
222
46
144
3
170
39
8
40
61
42
222
46
144
3
170
39
8
40
61
42
222
46
144
3
170
39
8
40
61
42
222
46
144
3
170
39
8
40
61
42
222
46
144
3
170
39
8
40
61
42
222
46
144
3
170
39
8
40
61
42
222
46
144
3
170
39
8
40
61
42
222
46
144
3
170
39
8
40
61
42
222
46
144
3
170
39
8
40
61
42
222
46
144
3
170
39
8
40
61
42
222
46
144
3
170
39
8
40
61
42
222
46
144
3
170
39
8
40
61
42
222
46
144
3
170
39
8
40
61
42
222
46
144
3
170
39
8
40
61
42
222
46
144
3
170
39
8
40
61
42
222
46
144
3
170
39
8
40
61
42
222
46
144
3
170
39
8
40
61
42
222
46
144
3
170
39
8
40
61
42
222
46
144
3
170
39
8
40
61
42
222
46
144
3
170
39
8
40
61
42
222
46
144
3
170
39
8
40
61
42
222
46
144
3
170
39
8
40
61
42
222
46
144
3
170
39
8
40
61
42
222
46
144