3
170
39
13
8
61
40
222
42
144
3
170
39
13
8
61
40
222
42
144
3
170
39
13
8
61
40
222
42
144
3
170
39
13
8
61
40
222
42
144
3
170
39
13
8
61
40
222
42
144
3
170
39
13
8
61
40
222
42
144
3
170
39
13
8
61
40
222
42
144
3
170
39
13
8
61
40
222
42
144
3
170
39
13
8
61
40
222
42
144
3
170
39
13
8
61
40
222
42
144
3
170
39
13
8
61
40
222
42
144
3
170
39
13
8
61
40
222
42
144
3
170
39
13
8
61
40
222
42
144
3
170
39
13
8
61
40
222
42
144
3
170
39
13
8
61
40
222
42
144
3
170
39
13
8
61
40
222
42
144
3
170
39
13
8
61
40
222
42
144
3
170
39
13
8
61
40
222
42
144
3
170
39
13
8
61
40
222
42
144
3
170
39
13
8
61
40
222
42
144
3
170
39
13
8
61
40
222
42
144
3
170
39
13
8
61
40
222
42
144
3
170
39
13
8
61
40
222
42
144
3
170
39
13
8
61
40
222
42
144
3
170
39
13
8
61
40
222
42
144
3
170
39
13
8
61
40
222
42
144
3
170
39
13
8
61
40
222
42
144
3
170
39
13
8
61
40
222
42
144
3
170
39
13
8
61
40
222
42
144
3
170
39
13
8
61
40
222
42
144
3
170
39
13
8
61
40
222
42
144
3
170
39
13
8
61
40
222
42
144
3
170
39
13
8
61
40
222
42
144
3
170
39
13
8
61
40
222
42
144
3
170
39
13
8
61
40
222
42
144
3
170
39
13
8
61
40
222
42
144
3
170
39
13
8
61
40
222
42
144
3
170
39
13
8
61
40
222
42
144
3
170
39
13
8
61
40
222
42
144
3
170
39
13
8
61
40
222
42
144
3
170
39
13
8
61
40
222
42
144
3
170
39
13
8
61
40
222
42
144
3
170
39
13
8
61
40
222
42
144
3
170
39
13
8
61
40
222
42
144
3
170
39
13
8
61
40
222
42
144
3
170
39
13
8
61
40
222
42
144
3
170
39
13
8
61
40
222
42
144
3
170
39
13
8
61
40
222
42
144
3
170
39
13
8
61
40
222
42
144
3
170
39
13
8
61
40
222
42
144