3
170
13
8
40
106
61
42
46
144
3
170
13
8
40
106
61
42
46
144
3
170
13
8
40
106
61
42
46
144
3
170
13
8
40
106
61
42
46
144
3
170
13
8
40
106
61
42
46
144
3
170
13
8
40
106
61
42
46
144
3
170
13
8
40
106
61
42
46
144
3
170
13
8
40
106
61
42
46
144
3
170
13
8
40
106
61
42
46
144
3
170
13
8
40
106
61
42
46
144
3
170
13
8
40
106
61
42
46
144
3
170
13
8
40
106
61
42
46
144
3
170
13
8
40
106
61
42
46
144
3
170
13
8
40
106
61
42
46
144
3
170
13
8
40
106
61
42
46
144
3
170
13
8
40
106
61
42
46
144
3
170
13
8
40
106
61
42
46
144
3
170
13
8
40
106
61
42
46
144
3
170
13
8
40
106
61
42
46
144
3
170
13
8
40
106
61
42
46
144
3
170
13
8
40
106
61
42
46
144
3
170
13
8
40
106
61
42
46
144
3
170
13
8
40
106
61
42
46
144
3
170
13
8
40
106
61
42
46
144
3
170
13
8
40
106
61
42
46
144
3
170
13
8
40
106
61
42
46
144
3
170
13
8
40
106
61
42
46
144
3
170
13
8
40
106
61
42
46
144
3
170
13
8
40
106
61
42
46
144
3
170
13
8
40
106
61
42
46
144
3
170
13
8
40
106
61
42
46
144
3
170
13
8
40
106
61
42
46
144
3
170
13
8
40
106
61
42
46
144
3
170
13
8
40
106
61
42
46
144
3
170
13
8
40
106
61
42
46
144
3
170
13
8
40
106
61
42
46
144
3
170
13
8
40
106
61
42
46
144
3
170
13
8
40
106
61
42
46
144
3
170
13
8
40
106
61
42
46
144
3
170
13
8
40
106
61
42
46
144
3
170
13
8
40
106
61
42
46
144
3
170
13
8
40
106
61
42
46
144
3
170
13
8
40
106
61
42
46
144
3
170
13
8
40
106
61
42
46
144
3
170
13
8
40
106
61
42
46
144
3
170
13
8
40
106
61
42
46
144
3
170
13
8
40
106
61
42
46
144
3
170
13
8
40
106
61
42
46
144
3
170
13
8
40
106
61
42
46
144
3
170
13
8
40
106
61
42
46
144