3
170
13
8
4
40
106
42
222
46
3
170
13
8
4
40
106
42
222
46
3
170
13
8
4
40
106
42
222
46
3
170
13
8
4
40
106
42
222
46
3
170
13
8
4
40
106
42
222
46
3
170
13
8
4
40
106
42
222
46
3
170
13
8
4
40
106
42
222
46
3
170
13
8
4
40
106
42
222
46
3
170
13
8
4
40
106
42
222
46
3
170
13
8
4
40
106
42
222
46
3
170
13
8
4
40
106
42
222
46
3
170
13
8
4
40
106
42
222
46
3
170
13
8
4
40
106
42
222
46
3
170
13
8
4
40
106
42
222
46
3
170
13
8
4
40
106
42
222
46
3
170
13
8
4
40
106
42
222
46
3
170
13
8
4
40
106
42
222
46
3
170
13
8
4
40
106
42
222
46
3
170
13
8
4
40
106
42
222
46
3
170
13
8
4
40
106
42
222
46
3
170
13
8
4
40
106
42
222
46
3
170
13
8
4
40
106
42
222
46
3
170
13
8
4
40
106
42
222
46
3
170
13
8
4
40
106
42
222
46
3
170
13
8
4
40
106
42
222
46
3
170
13
8
4
40
106
42
222
46
3
170
13
8
4
40
106
42
222
46
3
170
13
8
4
40
106
42
222
46
3
170
13
8
4
40
106
42
222
46
3
170
13
8
4
40
106
42
222
46
3
170
13
8
4
40
106
42
222
46
3
170
13
8
4
40
106
42
222
46
3
170
13
8
4
40
106
42
222
46
3
170
13
8
4
40
106
42
222
46
3
170
13
8
4
40
106
42
222
46
3
170
13
8
4
40
106
42
222
46
3
170
13
8
4
40
106
42
222
46
3
170
13
8
4
40
106
42
222
46
3
170
13
8
4
40
106
42
222
46
3
170
13
8
4
40
106
42
222
46
3
170
13
8
4
40
106
42
222
46
3
170
13
8
4
40
106
42
222
46
3
170
13
8
4
40
106
42
222
46
3
170
13
8
4
40
106
42
222
46
3
170
13
8
4
40
106
42
222
46
3
170
13
8
4
40
106
42
222
46
3
170
13
8
4
40
106
42
222
46
3
170
13
8
4
40
106
42
222
46
3
170
13
8
4
40
106
42
222
46
3
170
13
8
4
40
106
42
222
46