3
170
39
4
40
106
61
42
46
144
3
170
39
4
40
106
61
42
46
144
3
170
39
4
40
106
61
42
46
144
3
170
39
4
40
106
61
42
46
144
3
170
39
4
40
106
61
42
46
144
3
170
39
4
40
106
61
42
46
144
3
170
39
4
40
106
61
42
46
144
3
170
39
4
40
106
61
42
46
144
3
170
39
4
40
106
61
42
46
144
3
170
39
4
40
106
61
42
46
144
3
170
39
4
40
106
61
42
46
144
3
170
39
4
40
106
61
42
46
144
3
170
39
4
40
106
61
42
46
144
3
170
39
4
40
106
61
42
46
144
3
170
39
4
40
106
61
42
46
144
3
170
39
4
40
106
61
42
46
144
3
170
39
4
40
106
61
42
46
144
3
170
39
4
40
106
61
42
46
144
3
170
39
4
40
106
61
42
46
144
3
170
39
4
40
106
61
42
46
144
3
170
39
4
40
106
61
42
46
144
3
170
39
4
40
106
61
42
46
144
3
170
39
4
40
106
61
42
46
144
3
170
39
4
40
106
61
42
46
144
3
170
39
4
40
106
61
42
46
144
3
170
39
4
40
106
61
42
46
144
3
170
39
4
40
106
61
42
46
144
3
170
39
4
40
106
61
42
46
144
3
170
39
4
40
106
61
42
46
144
3
170
39
4
40
106
61
42
46
144
3
170
39
4
40
106
61
42
46
144
3
170
39
4
40
106
61
42
46
144
3
170
39
4
40
106
61
42
46
144
3
170
39
4
40
106
61
42
46
144
3
170
39
4
40
106
61
42
46
144
3
170
39
4
40
106
61
42
46
144
3
170
39
4
40
106
61
42
46
144
3
170
39
4
40
106
61
42
46
144
3
170
39
4
40
106
61
42
46
144
3
170
39
4
40
106
61
42
46
144
3
170
39
4
40
106
61
42
46
144
3
170
39
4
40
106
61
42
46
144
3
170
39
4
40
106
61
42
46
144
3
170
39
4
40
106
61
42
46
144
3
170
39
4
40
106
61
42
46
144
3
170
39
4
40
106
61
42
46
144
3
170
39
4
40
106
61
42
46
144
3
170
39
4
40
106
61
42
46
144
3
170
39
4
40
106
61
42
46
144
3
170
39
4
40
106
61
42
46
144