3
170
39
13
4
61
40
106
222
42
3
170
39
13
4
61
40
106
222
42
3
170
39
13
4
61
40
106
222
42
3
170
39
13
4
61
40
106
222
42
3
170
39
13
4
61
40
106
222
42
3
170
39
13
4
61
40
106
222
42
3
170
39
13
4
61
40
106
222
42
3
170
39
13
4
61
40
106
222
42
3
170
39
13
4
61
40
106
222
42
3
170
39
13
4
61
40
106
222
42
3
170
39
13
4
61
40
106
222
42
3
170
39
13
4
61
40
106
222
42
3
170
39
13
4
61
40
106
222
42
3
170
39
13
4
61
40
106
222
42
3
170
39
13
4
61
40
106
222
42
3
170
39
13
4
61
40
106
222
42
3
170
39
13
4
61
40
106
222
42
3
170
39
13
4
61
40
106
222
42
3
170
39
13
4
61
40
106
222
42
3
170
39
13
4
61
40
106
222
42
3
170
39
13
4
61
40
106
222
42
3
170
39
13
4
61
40
106
222
42
3
170
39
13
4
61
40
106
222
42
3
170
39
13
4
61
40
106
222
42
3
170
39
13
4
61
40
106
222
42
3
170
39
13
4
61
40
106
222
42
3
170
39
13
4
61
40
106
222
42
3
170
39
13
4
61
40
106
222
42
3
170
39
13
4
61
40
106
222
42
3
170
39
13
4
61
40
106
222
42
3
170
39
13
4
61
40
106
222
42
3
170
39
13
4
61
40
106
222
42
3
170
39
13
4
61
40
106
222
42
3
170
39
13
4
61
40
106
222
42
3
170
39
13
4
61
40
106
222
42
3
170
39
13
4
61
40
106
222
42
3
170
39
13
4
61
40
106
222
42
3
170
39
13
4
61
40
106
222
42
3
170
39
13
4
61
40
106
222
42
3
170
39
13
4
61
40
106
222
42
3
170
39
13
4
61
40
106
222
42
3
170
39
13
4
61
40
106
222
42
3
170
39
13
4
61
40
106
222
42
3
170
39
13
4
61
40
106
222
42
3
170
39
13
4
61
40
106
222
42
3
170
39
13
4
61
40
106
222
42
3
170
39
13
4
61
40
106
222
42
3
170
39
13
4
61
40
106
222
42
3
170
39
13
4
61
40
106
222
42
3
170
39
13
4
61
40
106
222
42