3
39
8
4
61
40
106
222
42
144
3
39
8
4
61
40
106
222
42
144
3
39
8
4
61
40
106
222
42
144
3
39
8
4
61
40
106
222
42
144
3
39
8
4
61
40
106
222
42
144
3
39
8
4
61
40
106
222
42
144
3
39
8
4
61
40
106
222
42
144
3
39
8
4
61
40
106
222
42
144
3
39
8
4
61
40
106
222
42
144
3
39
8
4
61
40
106
222
42
144
3
39
8
4
61
40
106
222
42
144
3
39
8
4
61
40
106
222
42
144
3
39
8
4
61
40
106
222
42
144
3
39
8
4
61
40
106
222
42
144
3
39
8
4
61
40
106
222
42
144
3
39
8
4
61
40
106
222
42
144
3
39
8
4
61
40
106
222
42
144
3
39
8
4
61
40
106
222
42
144
3
39
8
4
61
40
106
222
42
144
3
39
8
4
61
40
106
222
42
144
3
39
8
4
61
40
106
222
42
144
3
39
8
4
61
40
106
222
42
144
3
39
8
4
61
40
106
222
42
144
3
39
8
4
61
40
106
222
42
144
3
39
8
4
61
40
106
222
42
144
3
39
8
4
61
40
106
222
42
144
3
39
8
4
61
40
106
222
42
144
3
39
8
4
61
40
106
222
42
144
3
39
8
4
61
40
106
222
42
144
3
39
8
4
61
40
106
222
42
144
3
39
8
4
61
40
106
222
42
144
3
39
8
4
61
40
106
222
42
144
3
39
8
4
61
40
106
222
42
144
3
39
8
4
61
40
106
222
42
144
3
39
8
4
61
40
106
222
42
144
3
39
8
4
61
40
106
222
42
144
3
39
8
4
61
40
106
222
42
144
3
39
8
4
61
40
106
222
42
144
3
39
8
4
61
40
106
222
42
144
3
39
8
4
61
40
106
222
42
144
3
39
8
4
61
40
106
222
42
144
3
39
8
4
61
40
106
222
42
144
3
39
8
4
61
40
106
222
42
144
3
39
8
4
61
40
106
222
42
144
3
39
8
4
61
40
106
222
42
144
3
39
8
4
61
40
106
222
42
144
3
39
8
4
61
40
106
222
42
144
3
39
8
4
61
40
106
222
42
144
3
39
8
4
61
40
106
222
42
144
3
39
8
4
61
40
106
222
42
144