170
13
8
4
61
40
106
222
42
144
170
13
8
4
61
40
106
222
42
144
170
13
8
4
61
40
106
222
42
144
170
13
8
4
61
40
106
222
42
144
170
13
8
4
61
40
106
222
42
144
170
13
8
4
61
40
106
222
42
144
170
13
8
4
61
40
106
222
42
144
170
13
8
4
61
40
106
222
42
144
170
13
8
4
61
40
106
222
42
144
170
13
8
4
61
40
106
222
42
144
170
13
8
4
61
40
106
222
42
144
170
13
8
4
61
40
106
222
42
144
170
13
8
4
61
40
106
222
42
144
170
13
8
4
61
40
106
222
42
144
170
13
8
4
61
40
106
222
42
144
170
13
8
4
61
40
106
222
42
144
170
13
8
4
61
40
106
222
42
144
170
13
8
4
61
40
106
222
42
144
170
13
8
4
61
40
106
222
42
144
170
13
8
4
61
40
106
222
42
144
170
13
8
4
61
40
106
222
42
144
170
13
8
4
61
40
106
222
42
144
170
13
8
4
61
40
106
222
42
144
170
13
8
4
61
40
106
222
42
144
170
13
8
4
61
40
106
222
42
144
170
13
8
4
61
40
106
222
42
144
170
13
8
4
61
40
106
222
42
144
170
13
8
4
61
40
106
222
42
144
170
13
8
4
61
40
106
222
42
144
170
13
8
4
61
40
106
222
42
144
170
13
8
4
61
40
106
222
42
144
170
13
8
4
61
40
106
222
42
144
170
13
8
4
61
40
106
222
42
144
170
13
8
4
61
40
106
222
42
144
170
13
8
4
61
40
106
222
42
144
170
13
8
4
61
40
106
222
42
144
170
13
8
4
61
40
106
222
42
144
170
13
8
4
61
40
106
222
42
144
170
13
8
4
61
40
106
222
42
144
170
13
8
4
61
40
106
222
42
144
170
13
8
4
61
40
106
222
42
144
170
13
8
4
61
40
106
222
42
144
170
13
8
4
61
40
106
222
42
144
170
13
8
4
61
40
106
222
42
144
170
13
8
4
61
40
106
222
42
144
170
13
8
4
61
40
106
222
42
144
170
13
8
4
61
40
106
222
42
144
170
13
8
4
61
40
106
222
42
144
170
13
8
4
61
40
106
222
42
144
170
13
8
4
61
40
106
222
42
144