3
170
8
40
106
61
42
222
46
144
3
170
8
40
106
61
42
222
46
144
3
170
8
40
106
61
42
222
46
144
3
170
8
40
106
61
42
222
46
144
3
170
8
40
106
61
42
222
46
144
3
170
8
40
106
61
42
222
46
144
3
170
8
40
106
61
42
222
46
144
3
170
8
40
106
61
42
222
46
144
3
170
8
40
106
61
42
222
46
144
3
170
8
40
106
61
42
222
46
144
3
170
8
40
106
61
42
222
46
144
3
170
8
40
106
61
42
222
46
144
3
170
8
40
106
61
42
222
46
144
3
170
8
40
106
61
42
222
46
144
3
170
8
40
106
61
42
222
46
144
3
170
8
40
106
61
42
222
46
144
3
170
8
40
106
61
42
222
46
144
3
170
8
40
106
61
42
222
46
144
3
170
8
40
106
61
42
222
46
144
3
170
8
40
106
61
42
222
46
144
3
170
8
40
106
61
42
222
46
144
3
170
8
40
106
61
42
222
46
144
3
170
8
40
106
61
42
222
46
144
3
170
8
40
106
61
42
222
46
144
3
170
8
40
106
61
42
222
46
144
3
170
8
40
106
61
42
222
46
144
3
170
8
40
106
61
42
222
46
144
3
170
8
40
106
61
42
222
46
144
3
170
8
40
106
61
42
222
46
144
3
170
8
40
106
61
42
222
46
144
3
170
8
40
106
61
42
222
46
144
3
170
8
40
106
61
42
222
46
144
3
170
8
40
106
61
42
222
46
144
3
170
8
40
106
61
42
222
46
144
3
170
8
40
106
61
42
222
46
144
3
170
8
40
106
61
42
222
46
144
3
170
8
40
106
61
42
222
46
144
3
170
8
40
106
61
42
222
46
144
3
170
8
40
106
61
42
222
46
144
3
170
8
40
106
61
42
222
46
144
3
170
8
40
106
61
42
222
46
144
3
170
8
40
106
61
42
222
46
144
3
170
8
40
106
61
42
222
46
144
3
170
8
40
106
61
42
222
46
144
3
170
8
40
106
61
42
222
46
144
3
170
8
40
106
61
42
222
46
144
3
170
8
40
106
61
42
222
46
144
3
170
8
40
106
61
42
222
46
144
3
170
8
40
106
61
42
222
46
144
3
170
8
40
106
61
42
222
46
144