170
39
13
8
4
106
61
42
46
144
170
39
13
8
4
106
61
42
46
144
170
39
13
8
4
106
61
42
46
144
170
39
13
8
4
106
61
42
46
144
170
39
13
8
4
106
61
42
46
144
170
39
13
8
4
106
61
42
46
144
170
39
13
8
4
106
61
42
46
144
170
39
13
8
4
106
61
42
46
144
170
39
13
8
4
106
61
42
46
144
170
39
13
8
4
106
61
42
46
144
170
39
13
8
4
106
61
42
46
144
170
39
13
8
4
106
61
42
46
144
170
39
13
8
4
106
61
42
46
144
170
39
13
8
4
106
61
42
46
144
170
39
13
8
4
106
61
42
46
144
170
39
13
8
4
106
61
42
46
144
170
39
13
8
4
106
61
42
46
144
170
39
13
8
4
106
61
42
46
144
170
39
13
8
4
106
61
42
46
144
170
39
13
8
4
106
61
42
46
144
170
39
13
8
4
106
61
42
46
144
170
39
13
8
4
106
61
42
46
144
170
39
13
8
4
106
61
42
46
144
170
39
13
8
4
106
61
42
46
144
170
39
13
8
4
106
61
42
46
144
170
39
13
8
4
106
61
42
46
144
170
39
13
8
4
106
61
42
46
144
170
39
13
8
4
106
61
42
46
144
170
39
13
8
4
106
61
42
46
144
170
39
13
8
4
106
61
42
46
144
170
39
13
8
4
106
61
42
46
144
170
39
13
8
4
106
61
42
46
144
170
39
13
8
4
106
61
42
46
144
170
39
13
8
4
106
61
42
46
144
170
39
13
8
4
106
61
42
46
144
170
39
13
8
4
106
61
42
46
144
170
39
13
8
4
106
61
42
46
144
170
39
13
8
4
106
61
42
46
144
170
39
13
8
4
106
61
42
46
144
170
39
13
8
4
106
61
42
46
144
170
39
13
8
4
106
61
42
46
144
170
39
13
8
4
106
61
42
46
144
170
39
13
8
4
106
61
42
46
144
170
39
13
8
4
106
61
42
46
144
170
39
13
8
4
106
61
42
46
144
170
39
13
8
4
106
61
42
46
144
170
39
13
8
4
106
61
42
46
144
170
39
13
8
4
106
61
42
46
144
170
39
13
8
4
106
61
42
46
144
170
39
13
8
4
106
61
42
46
144