3
170
39
13
8
61
40
106
42
144
3
170
39
13
8
61
40
106
42
144
3
170
39
13
8
61
40
106
42
144
3
170
39
13
8
61
40
106
42
144
3
170
39
13
8
61
40
106
42
144
3
170
39
13
8
61
40
106
42
144
3
170
39
13
8
61
40
106
42
144
3
170
39
13
8
61
40
106
42
144
3
170
39
13
8
61
40
106
42
144
3
170
39
13
8
61
40
106
42
144
3
170
39
13
8
61
40
106
42
144
3
170
39
13
8
61
40
106
42
144
3
170
39
13
8
61
40
106
42
144
3
170
39
13
8
61
40
106
42
144
3
170
39
13
8
61
40
106
42
144
3
170
39
13
8
61
40
106
42
144
3
170
39
13
8
61
40
106
42
144
3
170
39
13
8
61
40
106
42
144
3
170
39
13
8
61
40
106
42
144
3
170
39
13
8
61
40
106
42
144
3
170
39
13
8
61
40
106
42
144
3
170
39
13
8
61
40
106
42
144
3
170
39
13
8
61
40
106
42
144
3
170
39
13
8
61
40
106
42
144
3
170
39
13
8
61
40
106
42
144
3
170
39
13
8
61
40
106
42
144
3
170
39
13
8
61
40
106
42
144
3
170
39
13
8
61
40
106
42
144
3
170
39
13
8
61
40
106
42
144
3
170
39
13
8
61
40
106
42
144
3
170
39
13
8
61
40
106
42
144
3
170
39
13
8
61
40
106
42
144
3
170
39
13
8
61
40
106
42
144
3
170
39
13
8
61
40
106
42
144
3
170
39
13
8
61
40
106
42
144
3
170
39
13
8
61
40
106
42
144
3
170
39
13
8
61
40
106
42
144
3
170
39
13
8
61
40
106
42
144
3
170
39
13
8
61
40
106
42
144
3
170
39
13
8
61
40
106
42
144
3
170
39
13
8
61
40
106
42
144
3
170
39
13
8
61
40
106
42
144
3
170
39
13
8
61
40
106
42
144
3
170
39
13
8
61
40
106
42
144
3
170
39
13
8
61
40
106
42
144
3
170
39
13
8
61
40
106
42
144
3
170
39
13
8
61
40
106
42
144
3
170
39
13
8
61
40
106
42
144
3
170
39
13
8
61
40
106
42
144
3
170
39
13
8
61
40
106
42
144