3
13
8
4
106
61
42
222
46
144
3
13
8
4
106
61
42
222
46
144
3
13
8
4
106
61
42
222
46
144
3
13
8
4
106
61
42
222
46
144
3
13
8
4
106
61
42
222
46
144
3
13
8
4
106
61
42
222
46
144
3
13
8
4
106
61
42
222
46
144
3
13
8
4
106
61
42
222
46
144
3
13
8
4
106
61
42
222
46
144
3
13
8
4
106
61
42
222
46
144
3
13
8
4
106
61
42
222
46
144
3
13
8
4
106
61
42
222
46
144
3
13
8
4
106
61
42
222
46
144
3
13
8
4
106
61
42
222
46
144
3
13
8
4
106
61
42
222
46
144
3
13
8
4
106
61
42
222
46
144
3
13
8
4
106
61
42
222
46
144
3
13
8
4
106
61
42
222
46
144
3
13
8
4
106
61
42
222
46
144
3
13
8
4
106
61
42
222
46
144
3
13
8
4
106
61
42
222
46
144
3
13
8
4
106
61
42
222
46
144
3
13
8
4
106
61
42
222
46
144
3
13
8
4
106
61
42
222
46
144
3
13
8
4
106
61
42
222
46
144
3
13
8
4
106
61
42
222
46
144
3
13
8
4
106
61
42
222
46
144
3
13
8
4
106
61
42
222
46
144
3
13
8
4
106
61
42
222
46
144
3
13
8
4
106
61
42
222
46
144
3
13
8
4
106
61
42
222
46
144
3
13
8
4
106
61
42
222
46
144
3
13
8
4
106
61
42
222
46
144
3
13
8
4
106
61
42
222
46
144
3
13
8
4
106
61
42
222
46
144
3
13
8
4
106
61
42
222
46
144
3
13
8
4
106
61
42
222
46
144
3
13
8
4
106
61
42
222
46
144
3
13
8
4
106
61
42
222
46
144
3
13
8
4
106
61
42
222
46
144
3
13
8
4
106
61
42
222
46
144
3
13
8
4
106
61
42
222
46
144
3
13
8
4
106
61
42
222
46
144
3
13
8
4
106
61
42
222
46
144
3
13
8
4
106
61
42
222
46
144
3
13
8
4
106
61
42
222
46
144
3
13
8
4
106
61
42
222
46
144
3
13
8
4
106
61
42
222
46
144
3
13
8
4
106
61
42
222
46
144
3
13
8
4
106
61
42
222
46
144