3
39
13
4
40
106
42
222
46
144
3
39
13
4
40
106
42
222
46
144
3
39
13
4
40
106
42
222
46
144
3
39
13
4
40
106
42
222
46
144
3
39
13
4
40
106
42
222
46
144
3
39
13
4
40
106
42
222
46
144
3
39
13
4
40
106
42
222
46
144
3
39
13
4
40
106
42
222
46
144
3
39
13
4
40
106
42
222
46
144
3
39
13
4
40
106
42
222
46
144
3
39
13
4
40
106
42
222
46
144
3
39
13
4
40
106
42
222
46
144
3
39
13
4
40
106
42
222
46
144
3
39
13
4
40
106
42
222
46
144
3
39
13
4
40
106
42
222
46
144
3
39
13
4
40
106
42
222
46
144
3
39
13
4
40
106
42
222
46
144
3
39
13
4
40
106
42
222
46
144
3
39
13
4
40
106
42
222
46
144
3
39
13
4
40
106
42
222
46
144
3
39
13
4
40
106
42
222
46
144
3
39
13
4
40
106
42
222
46
144
3
39
13
4
40
106
42
222
46
144
3
39
13
4
40
106
42
222
46
144
3
39
13
4
40
106
42
222
46
144
3
39
13
4
40
106
42
222
46
144
3
39
13
4
40
106
42
222
46
144
3
39
13
4
40
106
42
222
46
144
3
39
13
4
40
106
42
222
46
144
3
39
13
4
40
106
42
222
46
144
3
39
13
4
40
106
42
222
46
144
3
39
13
4
40
106
42
222
46
144
3
39
13
4
40
106
42
222
46
144
3
39
13
4
40
106
42
222
46
144
3
39
13
4
40
106
42
222
46
144
3
39
13
4
40
106
42
222
46
144
3
39
13
4
40
106
42
222
46
144
3
39
13
4
40
106
42
222
46
144
3
39
13
4
40
106
42
222
46
144
3
39
13
4
40
106
42
222
46
144
3
39
13
4
40
106
42
222
46
144
3
39
13
4
40
106
42
222
46
144
3
39
13
4
40
106
42
222
46
144
3
39
13
4
40
106
42
222
46
144
3
39
13
4
40
106
42
222
46
144
3
39
13
4
40
106
42
222
46
144
3
39
13
4
40
106
42
222
46
144
3
39
13
4
40
106
42
222
46
144
3
39
13
4
40
106
42
222
46
144
3
39
13
4
40
106
42
222
46
144