3
170
39
13
8
4
61
106
222
42
3
170
39
13
8
4
61
106
222
42
3
170
39
13
8
4
61
106
222
42
3
170
39
13
8
4
61
106
222
42
3
170
39
13
8
4
61
106
222
42
3
170
39
13
8
4
61
106
222
42
3
170
39
13
8
4
61
106
222
42
3
170
39
13
8
4
61
106
222
42
3
170
39
13
8
4
61
106
222
42
3
170
39
13
8
4
61
106
222
42
3
170
39
13
8
4
61
106
222
42
3
170
39
13
8
4
61
106
222
42
3
170
39
13
8
4
61
106
222
42
3
170
39
13
8
4
61
106
222
42
3
170
39
13
8
4
61
106
222
42
3
170
39
13
8
4
61
106
222
42
3
170
39
13
8
4
61
106
222
42
3
170
39
13
8
4
61
106
222
42
3
170
39
13
8
4
61
106
222
42
3
170
39
13
8
4
61
106
222
42
3
170
39
13
8
4
61
106
222
42
3
170
39
13
8
4
61
106
222
42
3
170
39
13
8
4
61
106
222
42
3
170
39
13
8
4
61
106
222
42
3
170
39
13
8
4
61
106
222
42
3
170
39
13
8
4
61
106
222
42
3
170
39
13
8
4
61
106
222
42
3
170
39
13
8
4
61
106
222
42
3
170
39
13
8
4
61
106
222
42
3
170
39
13
8
4
61
106
222
42
3
170
39
13
8
4
61
106
222
42
3
170
39
13
8
4
61
106
222
42
3
170
39
13
8
4
61
106
222
42
3
170
39
13
8
4
61
106
222
42
3
170
39
13
8
4
61
106
222
42
3
170
39
13
8
4
61
106
222
42
3
170
39
13
8
4
61
106
222
42
3
170
39
13
8
4
61
106
222
42
3
170
39
13
8
4
61
106
222
42
3
170
39
13
8
4
61
106
222
42
3
170
39
13
8
4
61
106
222
42
3
170
39
13
8
4
61
106
222
42
3
170
39
13
8
4
61
106
222
42
3
170
39
13
8
4
61
106
222
42
3
170
39
13
8
4
61
106
222
42
3
170
39
13
8
4
61
106
222
42
3
170
39
13
8
4
61
106
222
42
3
170
39
13
8
4
61
106
222
42
3
170
39
13
8
4
61
106
222
42
3
170
39
13
8
4
61
106
222
42