57
16
1
154
123
67
147
12
13
4
57
16
1
154
123
67
147
12
13
4
57
16
1
154
123
67
147
12
13
4
57
16
1
154
123
67
147
12
13
4
57
16
1
154
123
67
147
12
13
4
57
16
1
154
123
67
147
12
13
4
57
16
1
154
123
67
147
12
13
4
57
16
1
154
123
67
147
12
13
4
57
16
1
154
123
67
147
12
13
4
57
16
1
154
123
67
147
12
13
4
57
16
1
154
123
67
147
12
13
4
57
16
1
154
123
67
147
12
13
4
57
16
1
154
123
67
147
12
13
4
57
16
1
154
123
67
147
12
13
4
57
16
1
154
123
67
147
12
13
4
57
16
1
154
123
67
147
12
13
4
57
16
1
154
123
67
147
12
13
4
57
16
1
154
123
67
147
12
13
4
57
16
1
154
123
67
147
12
13
4
57
16
1
154
123
67
147
12
13
4
57
16
1
154
123
67
147
12
13
4
57
16
1
154
123
67
147
12
13
4
57
16
1
154
123
67
147
12
13
4
57
16
1
154
123
67
147
12
13
4
57
16
1
154
123
67
147
12
13
4
57
16
1
154
123
67
147
12
13
4
57
16
1
154
123
67
147
12
13
4
57
16
1
154
123
67
147
12
13
4
57
16
1
154
123
67
147
12
13
4
57
16
1
154
123
67
147
12
13
4
57
16
1
154
123
67
147
12
13
4
57
16
1
154
123
67
147
12
13
4
57
16
1
154
123
67
147
12
13
4
57
16
1
154
123
67
147
12
13
4
57
16
1
154
123
67
147
12
13
4
57
16
1
154
123
67
147
12
13
4
57
16
1
154
123
67
147
12
13
4
57
16
1
154
123
67
147
12
13
4
57
16
1
154
123
67
147
12
13
4
57
16
1
154
123
67
147
12
13
4
57
16
1
154
123
67
147
12
13
4
57
16
1
154
123
67
147
12
13
4
57
16
1
154
123
67
147
12
13
4
57
16
1
154
123
67
147
12
13
4
57
16
1
154
123
67
147
12
13
4
57
16
1
154
123
67
147
12
13
4
57
16
1
154
123
67
147
12
13
4
57
16
1
154
123
67
147
12
13
4
57
16
1
154
123
67
147
12
13
4
57
16
1
154
123
67
147
12
13
4