16
57
119
1
154
193
147
142
67
4
16
57
119
1
154
193
147
142
67
4
16
57
119
1
154
193
147
142
67
4
16
57
119
1
154
193
147
142
67
4
16
57
119
1
154
193
147
142
67
4
16
57
119
1
154
193
147
142
67
4
16
57
119
1
154
193
147
142
67
4
16
57
119
1
154
193
147
142
67
4
16
57
119
1
154
193
147
142
67
4
16
57
119
1
154
193
147
142
67
4
16
57
119
1
154
193
147
142
67
4
16
57
119
1
154
193
147
142
67
4
16
57
119
1
154
193
147
142
67
4
16
57
119
1
154
193
147
142
67
4
16
57
119
1
154
193
147
142
67
4
16
57
119
1
154
193
147
142
67
4
16
57
119
1
154
193
147
142
67
4
16
57
119
1
154
193
147
142
67
4
16
57
119
1
154
193
147
142
67
4
16
57
119
1
154
193
147
142
67
4
16
57
119
1
154
193
147
142
67
4
16
57
119
1
154
193
147
142
67
4
16
57
119
1
154
193
147
142
67
4
16
57
119
1
154
193
147
142
67
4
16
57
119
1
154
193
147
142
67
4
16
57
119
1
154
193
147
142
67
4
16
57
119
1
154
193
147
142
67
4
16
57
119
1
154
193
147
142
67
4
16
57
119
1
154
193
147
142
67
4
16
57
119
1
154
193
147
142
67
4
16
57
119
1
154
193
147
142
67
4
16
57
119
1
154
193
147
142
67
4
16
57
119
1
154
193
147
142
67
4
16
57
119
1
154
193
147
142
67
4
16
57
119
1
154
193
147
142
67
4
16
57
119
1
154
193
147
142
67
4
16
57
119
1
154
193
147
142
67
4
16
57
119
1
154
193
147
142
67
4
16
57
119
1
154
193
147
142
67
4
16
57
119
1
154
193
147
142
67
4
16
57
119
1
154
193
147
142
67
4
16
57
119
1
154
193
147
142
67
4
16
57
119
1
154
193
147
142
67
4
16
57
119
1
154
193
147
142
67
4
16
57
119
1
154
193
147
142
67
4
16
57
119
1
154
193
147
142
67
4
16
57
119
1
154
193
147
142
67
4
16
57
119
1
154
193
147
142
67
4
16
57
119
1
154
193
147
142
67
4
16
57
119
1
154
193
147
142
67
4