12
154
142
101
16
67
4
193
147
57
12
154
142
101
16
67
4
193
147
57
12
154
142
101
16
67
4
193
147
57
12
154
142
101
16
67
4
193
147
57
12
154
142
101
16
67
4
193
147
57
12
154
142
101
16
67
4
193
147
57
12
154
142
101
16
67
4
193
147
57
12
154
142
101
16
67
4
193
147
57
12
154
142
101
16
67
4
193
147
57
12
154
142
101
16
67
4
193
147
57
12
154
142
101
16
67
4
193
147
57
12
154
142
101
16
67
4
193
147
57
12
154
142
101
16
67
4
193
147
57
12
154
142
101
16
67
4
193
147
57
12
154
142
101
16
67
4
193
147
57
12
154
142
101
16
67
4
193
147
57
12
154
142
101
16
67
4
193
147
57
12
154
142
101
16
67
4
193
147
57
12
154
142
101
16
67
4
193
147
57
12
154
142
101
16
67
4
193
147
57
12
154
142
101
16
67
4
193
147
57
12
154
142
101
16
67
4
193
147
57
12
154
142
101
16
67
4
193
147
57
12
154
142
101
16
67
4
193
147
57
12
154
142
101
16
67
4
193
147
57
12
154
142
101
16
67
4
193
147
57
12
154
142
101
16
67
4
193
147
57
12
154
142
101
16
67
4
193
147
57
12
154
142
101
16
67
4
193
147
57
12
154
142
101
16
67
4
193
147
57
12
154
142
101
16
67
4
193
147
57
12
154
142
101
16
67
4
193
147
57
12
154
142
101
16
67
4
193
147
57
12
154
142
101
16
67
4
193
147
57
12
154
142
101
16
67
4
193
147
57
12
154
142
101
16
67
4
193
147
57
12
154
142
101
16
67
4
193
147
57
12
154
142
101
16
67
4
193
147
57
12
154
142
101
16
67
4
193
147
57
12
154
142
101
16
67
4
193
147
57
12
154
142
101
16
67
4
193
147
57
12
154
142
101
16
67
4
193
147
57
12
154
142
101
16
67
4
193
147
57
12
154
142
101
16
67
4
193
147
57
12
154
142
101
16
67
4
193
147
57
12
154
142
101
16
67
4
193
147
57
12
154
142
101
16
67
4
193
147
57
12
154
142
101
16
67
4
193
147
57
12
154
142
101
16
67
4
193
147
57
12
154
142
101
16
67
4
193
147
57