67
1
57
4
13
154
12
147
101
16
67
1
57
4
13
154
12
147
101
16
67
1
57
4
13
154
12
147
101
16
67
1
57
4
13
154
12
147
101
16
67
1
57
4
13
154
12
147
101
16
67
1
57
4
13
154
12
147
101
16
67
1
57
4
13
154
12
147
101
16
67
1
57
4
13
154
12
147
101
16
67
1
57
4
13
154
12
147
101
16
67
1
57
4
13
154
12
147
101
16
67
1
57
4
13
154
12
147
101
16
67
1
57
4
13
154
12
147
101
16
67
1
57
4
13
154
12
147
101
16
67
1
57
4
13
154
12
147
101
16
67
1
57
4
13
154
12
147
101
16
67
1
57
4
13
154
12
147
101
16
67
1
57
4
13
154
12
147
101
16
67
1
57
4
13
154
12
147
101
16
67
1
57
4
13
154
12
147
101
16
67
1
57
4
13
154
12
147
101
16
67
1
57
4
13
154
12
147
101
16
67
1
57
4
13
154
12
147
101
16
67
1
57
4
13
154
12
147
101
16
67
1
57
4
13
154
12
147
101
16
67
1
57
4
13
154
12
147
101
16
67
1
57
4
13
154
12
147
101
16
67
1
57
4
13
154
12
147
101
16
67
1
57
4
13
154
12
147
101
16
67
1
57
4
13
154
12
147
101
16
67
1
57
4
13
154
12
147
101
16
67
1
57
4
13
154
12
147
101
16
67
1
57
4
13
154
12
147
101
16
67
1
57
4
13
154
12
147
101
16
67
1
57
4
13
154
12
147
101
16
67
1
57
4
13
154
12
147
101
16
67
1
57
4
13
154
12
147
101
16
67
1
57
4
13
154
12
147
101
16
67
1
57
4
13
154
12
147
101
16
67
1
57
4
13
154
12
147
101
16
67
1
57
4
13
154
12
147
101
16
67
1
57
4
13
154
12
147
101
16
67
1
57
4
13
154
12
147
101
16
67
1
57
4
13
154
12
147
101
16
67
1
57
4
13
154
12
147
101
16
67
1
57
4
13
154
12
147
101
16
67
1
57
4
13
154
12
147
101
16
67
1
57
4
13
154
12
147
101
16
67
1
57
4
13
154
12
147
101
16
67
1
57
4
13
154
12
147
101
16
67
1
57
4
13
154
12
147
101
16