193
142
67
16
147
1
4
154
123
57
193
142
67
16
147
1
4
154
123
57
193
142
67
16
147
1
4
154
123
57
193
142
67
16
147
1
4
154
123
57
193
142
67
16
147
1
4
154
123
57
193
142
67
16
147
1
4
154
123
57
193
142
67
16
147
1
4
154
123
57
193
142
67
16
147
1
4
154
123
57
193
142
67
16
147
1
4
154
123
57
193
142
67
16
147
1
4
154
123
57
193
142
67
16
147
1
4
154
123
57
193
142
67
16
147
1
4
154
123
57
193
142
67
16
147
1
4
154
123
57
193
142
67
16
147
1
4
154
123
57
193
142
67
16
147
1
4
154
123
57
193
142
67
16
147
1
4
154
123
57
193
142
67
16
147
1
4
154
123
57
193
142
67
16
147
1
4
154
123
57
193
142
67
16
147
1
4
154
123
57
193
142
67
16
147
1
4
154
123
57
193
142
67
16
147
1
4
154
123
57
193
142
67
16
147
1
4
154
123
57
193
142
67
16
147
1
4
154
123
57
193
142
67
16
147
1
4
154
123
57
193
142
67
16
147
1
4
154
123
57
193
142
67
16
147
1
4
154
123
57
193
142
67
16
147
1
4
154
123
57
193
142
67
16
147
1
4
154
123
57
193
142
67
16
147
1
4
154
123
57
193
142
67
16
147
1
4
154
123
57
193
142
67
16
147
1
4
154
123
57
193
142
67
16
147
1
4
154
123
57
193
142
67
16
147
1
4
154
123
57
193
142
67
16
147
1
4
154
123
57
193
142
67
16
147
1
4
154
123
57
193
142
67
16
147
1
4
154
123
57
193
142
67
16
147
1
4
154
123
57
193
142
67
16
147
1
4
154
123
57
193
142
67
16
147
1
4
154
123
57
193
142
67
16
147
1
4
154
123
57
193
142
67
16
147
1
4
154
123
57
193
142
67
16
147
1
4
154
123
57
193
142
67
16
147
1
4
154
123
57
193
142
67
16
147
1
4
154
123
57
193
142
67
16
147
1
4
154
123
57
193
142
67
16
147
1
4
154
123
57
193
142
67
16
147
1
4
154
123
57
193
142
67
16
147
1
4
154
123
57
193
142
67
16
147
1
4
154
123
57
193
142
67
16
147
1
4
154
123
57