119
193
147
57
1
13
123
4
16
12
119
193
147
57
1
13
123
4
16
12
119
193
147
57
1
13
123
4
16
12
119
193
147
57
1
13
123
4
16
12
119
193
147
57
1
13
123
4
16
12
119
193
147
57
1
13
123
4
16
12
119
193
147
57
1
13
123
4
16
12
119
193
147
57
1
13
123
4
16
12
119
193
147
57
1
13
123
4
16
12
119
193
147
57
1
13
123
4
16
12
119
193
147
57
1
13
123
4
16
12
119
193
147
57
1
13
123
4
16
12
119
193
147
57
1
13
123
4
16
12
119
193
147
57
1
13
123
4
16
12
119
193
147
57
1
13
123
4
16
12
119
193
147
57
1
13
123
4
16
12
119
193
147
57
1
13
123
4
16
12
119
193
147
57
1
13
123
4
16
12
119
193
147
57
1
13
123
4
16
12
119
193
147
57
1
13
123
4
16
12
119
193
147
57
1
13
123
4
16
12
119
193
147
57
1
13
123
4
16
12
119
193
147
57
1
13
123
4
16
12
119
193
147
57
1
13
123
4
16
12
119
193
147
57
1
13
123
4
16
12
119
193
147
57
1
13
123
4
16
12
119
193
147
57
1
13
123
4
16
12
119
193
147
57
1
13
123
4
16
12
119
193
147
57
1
13
123
4
16
12
119
193
147
57
1
13
123
4
16
12
119
193
147
57
1
13
123
4
16
12
119
193
147
57
1
13
123
4
16
12
119
193
147
57
1
13
123
4
16
12
119
193
147
57
1
13
123
4
16
12
119
193
147
57
1
13
123
4
16
12
119
193
147
57
1
13
123
4
16
12
119
193
147
57
1
13
123
4
16
12
119
193
147
57
1
13
123
4
16
12
119
193
147
57
1
13
123
4
16
12
119
193
147
57
1
13
123
4
16
12
119
193
147
57
1
13
123
4
16
12
119
193
147
57
1
13
123
4
16
12
119
193
147
57
1
13
123
4
16
12
119
193
147
57
1
13
123
4
16
12
119
193
147
57
1
13
123
4
16
12
119
193
147
57
1
13
123
4
16
12
119
193
147
57
1
13
123
4
16
12
119
193
147
57
1
13
123
4
16
12
119
193
147
57
1
13
123
4
16
12
119
193
147
57
1
13
123
4
16
12