4
123
16
12
142
67
147
13
154
193
4
123
16
12
142
67
147
13
154
193
4
123
16
12
142
67
147
13
154
193
4
123
16
12
142
67
147
13
154
193
4
123
16
12
142
67
147
13
154
193
4
123
16
12
142
67
147
13
154
193
4
123
16
12
142
67
147
13
154
193
4
123
16
12
142
67
147
13
154
193
4
123
16
12
142
67
147
13
154
193
4
123
16
12
142
67
147
13
154
193
4
123
16
12
142
67
147
13
154
193
4
123
16
12
142
67
147
13
154
193
4
123
16
12
142
67
147
13
154
193
4
123
16
12
142
67
147
13
154
193
4
123
16
12
142
67
147
13
154
193
4
123
16
12
142
67
147
13
154
193
4
123
16
12
142
67
147
13
154
193
4
123
16
12
142
67
147
13
154
193
4
123
16
12
142
67
147
13
154
193
4
123
16
12
142
67
147
13
154
193
4
123
16
12
142
67
147
13
154
193
4
123
16
12
142
67
147
13
154
193
4
123
16
12
142
67
147
13
154
193
4
123
16
12
142
67
147
13
154
193
4
123
16
12
142
67
147
13
154
193
4
123
16
12
142
67
147
13
154
193
4
123
16
12
142
67
147
13
154
193
4
123
16
12
142
67
147
13
154
193
4
123
16
12
142
67
147
13
154
193
4
123
16
12
142
67
147
13
154
193
4
123
16
12
142
67
147
13
154
193
4
123
16
12
142
67
147
13
154
193
4
123
16
12
142
67
147
13
154
193
4
123
16
12
142
67
147
13
154
193
4
123
16
12
142
67
147
13
154
193
4
123
16
12
142
67
147
13
154
193
4
123
16
12
142
67
147
13
154
193
4
123
16
12
142
67
147
13
154
193
4
123
16
12
142
67
147
13
154
193
4
123
16
12
142
67
147
13
154
193
4
123
16
12
142
67
147
13
154
193
4
123
16
12
142
67
147
13
154
193
4
123
16
12
142
67
147
13
154
193
4
123
16
12
142
67
147
13
154
193
4
123
16
12
142
67
147
13
154
193
4
123
16
12
142
67
147
13
154
193
4
123
16
12
142
67
147
13
154
193
4
123
16
12
142
67
147
13
154
193
4
123
16
12
142
67
147
13
154
193
4
123
16
12
142
67
147
13
154
193