101
1
193
12
119
13
154
57
147
123
101
1
193
12
119
13
154
57
147
123
101
1
193
12
119
13
154
57
147
123
101
1
193
12
119
13
154
57
147
123
101
1
193
12
119
13
154
57
147
123
101
1
193
12
119
13
154
57
147
123
101
1
193
12
119
13
154
57
147
123
101
1
193
12
119
13
154
57
147
123
101
1
193
12
119
13
154
57
147
123
101
1
193
12
119
13
154
57
147
123
101
1
193
12
119
13
154
57
147
123
101
1
193
12
119
13
154
57
147
123
101
1
193
12
119
13
154
57
147
123
101
1
193
12
119
13
154
57
147
123
101
1
193
12
119
13
154
57
147
123
101
1
193
12
119
13
154
57
147
123
101
1
193
12
119
13
154
57
147
123
101
1
193
12
119
13
154
57
147
123
101
1
193
12
119
13
154
57
147
123
101
1
193
12
119
13
154
57
147
123
101
1
193
12
119
13
154
57
147
123
101
1
193
12
119
13
154
57
147
123
101
1
193
12
119
13
154
57
147
123
101
1
193
12
119
13
154
57
147
123
101
1
193
12
119
13
154
57
147
123
101
1
193
12
119
13
154
57
147
123
101
1
193
12
119
13
154
57
147
123
101
1
193
12
119
13
154
57
147
123
101
1
193
12
119
13
154
57
147
123
101
1
193
12
119
13
154
57
147
123
101
1
193
12
119
13
154
57
147
123
101
1
193
12
119
13
154
57
147
123
101
1
193
12
119
13
154
57
147
123
101
1
193
12
119
13
154
57
147
123
101
1
193
12
119
13
154
57
147
123
101
1
193
12
119
13
154
57
147
123
101
1
193
12
119
13
154
57
147
123
101
1
193
12
119
13
154
57
147
123
101
1
193
12
119
13
154
57
147
123
101
1
193
12
119
13
154
57
147
123
101
1
193
12
119
13
154
57
147
123
101
1
193
12
119
13
154
57
147
123
101
1
193
12
119
13
154
57
147
123
101
1
193
12
119
13
154
57
147
123
101
1
193
12
119
13
154
57
147
123
101
1
193
12
119
13
154
57
147
123
101
1
193
12
119
13
154
57
147
123
101
1
193
12
119
13
154
57
147
123
101
1
193
12
119
13
154
57
147
123
101
1
193
12
119
13
154
57
147
123