12
67
154
16
147
142
123
101
4
119
12
67
154
16
147
142
123
101
4
119
12
67
154
16
147
142
123
101
4
119
12
67
154
16
147
142
123
101
4
119
12
67
154
16
147
142
123
101
4
119
12
67
154
16
147
142
123
101
4
119
12
67
154
16
147
142
123
101
4
119
12
67
154
16
147
142
123
101
4
119
12
67
154
16
147
142
123
101
4
119
12
67
154
16
147
142
123
101
4
119
12
67
154
16
147
142
123
101
4
119
12
67
154
16
147
142
123
101
4
119
12
67
154
16
147
142
123
101
4
119
12
67
154
16
147
142
123
101
4
119
12
67
154
16
147
142
123
101
4
119
12
67
154
16
147
142
123
101
4
119
12
67
154
16
147
142
123
101
4
119
12
67
154
16
147
142
123
101
4
119
12
67
154
16
147
142
123
101
4
119
12
67
154
16
147
142
123
101
4
119
12
67
154
16
147
142
123
101
4
119
12
67
154
16
147
142
123
101
4
119
12
67
154
16
147
142
123
101
4
119
12
67
154
16
147
142
123
101
4
119
12
67
154
16
147
142
123
101
4
119
12
67
154
16
147
142
123
101
4
119
12
67
154
16
147
142
123
101
4
119
12
67
154
16
147
142
123
101
4
119
12
67
154
16
147
142
123
101
4
119
12
67
154
16
147
142
123
101
4
119
12
67
154
16
147
142
123
101
4
119
12
67
154
16
147
142
123
101
4
119
12
67
154
16
147
142
123
101
4
119
12
67
154
16
147
142
123
101
4
119
12
67
154
16
147
142
123
101
4
119
12
67
154
16
147
142
123
101
4
119
12
67
154
16
147
142
123
101
4
119
12
67
154
16
147
142
123
101
4
119
12
67
154
16
147
142
123
101
4
119
12
67
154
16
147
142
123
101
4
119
12
67
154
16
147
142
123
101
4
119
12
67
154
16
147
142
123
101
4
119
12
67
154
16
147
142
123
101
4
119
12
67
154
16
147
142
123
101
4
119
12
67
154
16
147
142
123
101
4
119
12
67
154
16
147
142
123
101
4
119
12
67
154
16
147
142
123
101
4
119
12
67
154
16
147
142
123
101
4
119
12
67
154
16
147
142
123
101
4
119
12
67
154
16
147
142
123
101
4
119