142
57
193
13
1
123
101
154
4
147
142
57
193
13
1
123
101
154
4
147
142
57
193
13
1
123
101
154
4
147
142
57
193
13
1
123
101
154
4
147
142
57
193
13
1
123
101
154
4
147
142
57
193
13
1
123
101
154
4
147
142
57
193
13
1
123
101
154
4
147
142
57
193
13
1
123
101
154
4
147
142
57
193
13
1
123
101
154
4
147
142
57
193
13
1
123
101
154
4
147
142
57
193
13
1
123
101
154
4
147
142
57
193
13
1
123
101
154
4
147
142
57
193
13
1
123
101
154
4
147
142
57
193
13
1
123
101
154
4
147
142
57
193
13
1
123
101
154
4
147
142
57
193
13
1
123
101
154
4
147
142
57
193
13
1
123
101
154
4
147
142
57
193
13
1
123
101
154
4
147
142
57
193
13
1
123
101
154
4
147
142
57
193
13
1
123
101
154
4
147
142
57
193
13
1
123
101
154
4
147
142
57
193
13
1
123
101
154
4
147
142
57
193
13
1
123
101
154
4
147
142
57
193
13
1
123
101
154
4
147
142
57
193
13
1
123
101
154
4
147
142
57
193
13
1
123
101
154
4
147
142
57
193
13
1
123
101
154
4
147
142
57
193
13
1
123
101
154
4
147
142
57
193
13
1
123
101
154
4
147
142
57
193
13
1
123
101
154
4
147
142
57
193
13
1
123
101
154
4
147
142
57
193
13
1
123
101
154
4
147
142
57
193
13
1
123
101
154
4
147
142
57
193
13
1
123
101
154
4
147
142
57
193
13
1
123
101
154
4
147
142
57
193
13
1
123
101
154
4
147
142
57
193
13
1
123
101
154
4
147
142
57
193
13
1
123
101
154
4
147
142
57
193
13
1
123
101
154
4
147
142
57
193
13
1
123
101
154
4
147
142
57
193
13
1
123
101
154
4
147
142
57
193
13
1
123
101
154
4
147
142
57
193
13
1
123
101
154
4
147
142
57
193
13
1
123
101
154
4
147
142
57
193
13
1
123
101
154
4
147
142
57
193
13
1
123
101
154
4
147
142
57
193
13
1
123
101
154
4
147
142
57
193
13
1
123
101
154
4
147
142
57
193
13
1
123
101
154
4
147
142
57
193
13
1
123
101
154
4
147