12
147
67
154
193
1
16
123
142
119
12
147
67
154
193
1
16
123
142
119
12
147
67
154
193
1
16
123
142
119
12
147
67
154
193
1
16
123
142
119
12
147
67
154
193
1
16
123
142
119
12
147
67
154
193
1
16
123
142
119
12
147
67
154
193
1
16
123
142
119
12
147
67
154
193
1
16
123
142
119
12
147
67
154
193
1
16
123
142
119
12
147
67
154
193
1
16
123
142
119
12
147
67
154
193
1
16
123
142
119
12
147
67
154
193
1
16
123
142
119
12
147
67
154
193
1
16
123
142
119
12
147
67
154
193
1
16
123
142
119
12
147
67
154
193
1
16
123
142
119
12
147
67
154
193
1
16
123
142
119
12
147
67
154
193
1
16
123
142
119
12
147
67
154
193
1
16
123
142
119
12
147
67
154
193
1
16
123
142
119
12
147
67
154
193
1
16
123
142
119
12
147
67
154
193
1
16
123
142
119
12
147
67
154
193
1
16
123
142
119
12
147
67
154
193
1
16
123
142
119
12
147
67
154
193
1
16
123
142
119
12
147
67
154
193
1
16
123
142
119
12
147
67
154
193
1
16
123
142
119
12
147
67
154
193
1
16
123
142
119
12
147
67
154
193
1
16
123
142
119
12
147
67
154
193
1
16
123
142
119
12
147
67
154
193
1
16
123
142
119
12
147
67
154
193
1
16
123
142
119
12
147
67
154
193
1
16
123
142
119
12
147
67
154
193
1
16
123
142
119
12
147
67
154
193
1
16
123
142
119
12
147
67
154
193
1
16
123
142
119
12
147
67
154
193
1
16
123
142
119
12
147
67
154
193
1
16
123
142
119
12
147
67
154
193
1
16
123
142
119
12
147
67
154
193
1
16
123
142
119
12
147
67
154
193
1
16
123
142
119
12
147
67
154
193
1
16
123
142
119
12
147
67
154
193
1
16
123
142
119
12
147
67
154
193
1
16
123
142
119
12
147
67
154
193
1
16
123
142
119
12
147
67
154
193
1
16
123
142
119
12
147
67
154
193
1
16
123
142
119
12
147
67
154
193
1
16
123
142
119
12
147
67
154
193
1
16
123
142
119
12
147
67
154
193
1
16
123
142
119
12
147
67
154
193
1
16
123
142
119