101
123
119
142
16
154
193
57
13
67
101
123
119
142
16
154
193
57
13
67
101
123
119
142
16
154
193
57
13
67
101
123
119
142
16
154
193
57
13
67
101
123
119
142
16
154
193
57
13
67
101
123
119
142
16
154
193
57
13
67
101
123
119
142
16
154
193
57
13
67
101
123
119
142
16
154
193
57
13
67
101
123
119
142
16
154
193
57
13
67
101
123
119
142
16
154
193
57
13
67
101
123
119
142
16
154
193
57
13
67
101
123
119
142
16
154
193
57
13
67
101
123
119
142
16
154
193
57
13
67
101
123
119
142
16
154
193
57
13
67
101
123
119
142
16
154
193
57
13
67
101
123
119
142
16
154
193
57
13
67
101
123
119
142
16
154
193
57
13
67
101
123
119
142
16
154
193
57
13
67
101
123
119
142
16
154
193
57
13
67
101
123
119
142
16
154
193
57
13
67
101
123
119
142
16
154
193
57
13
67
101
123
119
142
16
154
193
57
13
67
101
123
119
142
16
154
193
57
13
67
101
123
119
142
16
154
193
57
13
67
101
123
119
142
16
154
193
57
13
67
101
123
119
142
16
154
193
57
13
67
101
123
119
142
16
154
193
57
13
67
101
123
119
142
16
154
193
57
13
67
101
123
119
142
16
154
193
57
13
67
101
123
119
142
16
154
193
57
13
67
101
123
119
142
16
154
193
57
13
67
101
123
119
142
16
154
193
57
13
67
101
123
119
142
16
154
193
57
13
67
101
123
119
142
16
154
193
57
13
67
101
123
119
142
16
154
193
57
13
67
101
123
119
142
16
154
193
57
13
67
101
123
119
142
16
154
193
57
13
67
101
123
119
142
16
154
193
57
13
67
101
123
119
142
16
154
193
57
13
67
101
123
119
142
16
154
193
57
13
67
101
123
119
142
16
154
193
57
13
67
101
123
119
142
16
154
193
57
13
67
101
123
119
142
16
154
193
57
13
67
101
123
119
142
16
154
193
57
13
67
101
123
119
142
16
154
193
57
13
67
101
123
119
142
16
154
193
57
13
67
101
123
119
142
16
154
193
57
13
67
101
123
119
142
16
154
193
57
13
67
101
123
119
142
16
154
193
57
13
67
101
123
119
142
16
154
193
57
13
67