1
12
123
119
154
4
16
67
13
147
1
12
123
119
154
4
16
67
13
147
1
12
123
119
154
4
16
67
13
147
1
12
123
119
154
4
16
67
13
147
1
12
123
119
154
4
16
67
13
147
1
12
123
119
154
4
16
67
13
147
1
12
123
119
154
4
16
67
13
147
1
12
123
119
154
4
16
67
13
147
1
12
123
119
154
4
16
67
13
147
1
12
123
119
154
4
16
67
13
147
1
12
123
119
154
4
16
67
13
147
1
12
123
119
154
4
16
67
13
147
1
12
123
119
154
4
16
67
13
147
1
12
123
119
154
4
16
67
13
147
1
12
123
119
154
4
16
67
13
147
1
12
123
119
154
4
16
67
13
147
1
12
123
119
154
4
16
67
13
147
1
12
123
119
154
4
16
67
13
147
1
12
123
119
154
4
16
67
13
147
1
12
123
119
154
4
16
67
13
147
1
12
123
119
154
4
16
67
13
147
1
12
123
119
154
4
16
67
13
147
1
12
123
119
154
4
16
67
13
147
1
12
123
119
154
4
16
67
13
147
1
12
123
119
154
4
16
67
13
147
1
12
123
119
154
4
16
67
13
147
1
12
123
119
154
4
16
67
13
147
1
12
123
119
154
4
16
67
13
147
1
12
123
119
154
4
16
67
13
147
1
12
123
119
154
4
16
67
13
147
1
12
123
119
154
4
16
67
13
147
1
12
123
119
154
4
16
67
13
147
1
12
123
119
154
4
16
67
13
147
1
12
123
119
154
4
16
67
13
147
1
12
123
119
154
4
16
67
13
147
1
12
123
119
154
4
16
67
13
147
1
12
123
119
154
4
16
67
13
147
1
12
123
119
154
4
16
67
13
147
1
12
123
119
154
4
16
67
13
147
1
12
123
119
154
4
16
67
13
147
1
12
123
119
154
4
16
67
13
147
1
12
123
119
154
4
16
67
13
147
1
12
123
119
154
4
16
67
13
147
1
12
123
119
154
4
16
67
13
147
1
12
123
119
154
4
16
67
13
147
1
12
123
119
154
4
16
67
13
147
1
12
123
119
154
4
16
67
13
147
1
12
123
119
154
4
16
67
13
147
1
12
123
119
154
4
16
67
13
147
1
12
123
119
154
4
16
67
13
147