13
123
57
12
16
154
67
101
147
142
13
123
57
12
16
154
67
101
147
142
13
123
57
12
16
154
67
101
147
142
13
123
57
12
16
154
67
101
147
142
13
123
57
12
16
154
67
101
147
142
13
123
57
12
16
154
67
101
147
142
13
123
57
12
16
154
67
101
147
142
13
123
57
12
16
154
67
101
147
142
13
123
57
12
16
154
67
101
147
142
13
123
57
12
16
154
67
101
147
142
13
123
57
12
16
154
67
101
147
142
13
123
57
12
16
154
67
101
147
142
13
123
57
12
16
154
67
101
147
142
13
123
57
12
16
154
67
101
147
142
13
123
57
12
16
154
67
101
147
142
13
123
57
12
16
154
67
101
147
142
13
123
57
12
16
154
67
101
147
142
13
123
57
12
16
154
67
101
147
142
13
123
57
12
16
154
67
101
147
142
13
123
57
12
16
154
67
101
147
142
13
123
57
12
16
154
67
101
147
142
13
123
57
12
16
154
67
101
147
142
13
123
57
12
16
154
67
101
147
142
13
123
57
12
16
154
67
101
147
142
13
123
57
12
16
154
67
101
147
142
13
123
57
12
16
154
67
101
147
142
13
123
57
12
16
154
67
101
147
142
13
123
57
12
16
154
67
101
147
142
13
123
57
12
16
154
67
101
147
142
13
123
57
12
16
154
67
101
147
142
13
123
57
12
16
154
67
101
147
142
13
123
57
12
16
154
67
101
147
142
13
123
57
12
16
154
67
101
147
142
13
123
57
12
16
154
67
101
147
142
13
123
57
12
16
154
67
101
147
142
13
123
57
12
16
154
67
101
147
142
13
123
57
12
16
154
67
101
147
142
13
123
57
12
16
154
67
101
147
142
13
123
57
12
16
154
67
101
147
142
13
123
57
12
16
154
67
101
147
142
13
123
57
12
16
154
67
101
147
142
13
123
57
12
16
154
67
101
147
142
13
123
57
12
16
154
67
101
147
142
13
123
57
12
16
154
67
101
147
142
13
123
57
12
16
154
67
101
147
142
13
123
57
12
16
154
67
101
147
142
13
123
57
12
16
154
67
101
147
142
13
123
57
12
16
154
67
101
147
142
13
123
57
12
16
154
67
101
147
142
13
123
57
12
16
154
67
101
147
142