101
142
123
4
147
12
13
16
57
67
101
142
123
4
147
12
13
16
57
67
101
142
123
4
147
12
13
16
57
67
101
142
123
4
147
12
13
16
57
67
101
142
123
4
147
12
13
16
57
67
101
142
123
4
147
12
13
16
57
67
101
142
123
4
147
12
13
16
57
67
101
142
123
4
147
12
13
16
57
67
101
142
123
4
147
12
13
16
57
67
101
142
123
4
147
12
13
16
57
67
101
142
123
4
147
12
13
16
57
67
101
142
123
4
147
12
13
16
57
67
101
142
123
4
147
12
13
16
57
67
101
142
123
4
147
12
13
16
57
67
101
142
123
4
147
12
13
16
57
67
101
142
123
4
147
12
13
16
57
67
101
142
123
4
147
12
13
16
57
67
101
142
123
4
147
12
13
16
57
67
101
142
123
4
147
12
13
16
57
67
101
142
123
4
147
12
13
16
57
67
101
142
123
4
147
12
13
16
57
67
101
142
123
4
147
12
13
16
57
67
101
142
123
4
147
12
13
16
57
67
101
142
123
4
147
12
13
16
57
67
101
142
123
4
147
12
13
16
57
67
101
142
123
4
147
12
13
16
57
67
101
142
123
4
147
12
13
16
57
67
101
142
123
4
147
12
13
16
57
67
101
142
123
4
147
12
13
16
57
67
101
142
123
4
147
12
13
16
57
67
101
142
123
4
147
12
13
16
57
67
101
142
123
4
147
12
13
16
57
67
101
142
123
4
147
12
13
16
57
67
101
142
123
4
147
12
13
16
57
67
101
142
123
4
147
12
13
16
57
67
101
142
123
4
147
12
13
16
57
67
101
142
123
4
147
12
13
16
57
67
101
142
123
4
147
12
13
16
57
67
101
142
123
4
147
12
13
16
57
67
101
142
123
4
147
12
13
16
57
67
101
142
123
4
147
12
13
16
57
67
101
142
123
4
147
12
13
16
57
67
101
142
123
4
147
12
13
16
57
67
101
142
123
4
147
12
13
16
57
67
101
142
123
4
147
12
13
16
57
67
101
142
123
4
147
12
13
16
57
67
101
142
123
4
147
12
13
16
57
67
101
142
123
4
147
12
13
16
57
67
101
142
123
4
147
12
13
16
57
67
101
142
123
4
147
12
13
16
57
67