13
57
147
1
119
16
123
101
12
67
13
57
147
1
119
16
123
101
12
67
13
57
147
1
119
16
123
101
12
67
13
57
147
1
119
16
123
101
12
67
13
57
147
1
119
16
123
101
12
67
13
57
147
1
119
16
123
101
12
67
13
57
147
1
119
16
123
101
12
67
13
57
147
1
119
16
123
101
12
67
13
57
147
1
119
16
123
101
12
67
13
57
147
1
119
16
123
101
12
67
13
57
147
1
119
16
123
101
12
67
13
57
147
1
119
16
123
101
12
67
13
57
147
1
119
16
123
101
12
67
13
57
147
1
119
16
123
101
12
67
13
57
147
1
119
16
123
101
12
67
13
57
147
1
119
16
123
101
12
67
13
57
147
1
119
16
123
101
12
67
13
57
147
1
119
16
123
101
12
67
13
57
147
1
119
16
123
101
12
67
13
57
147
1
119
16
123
101
12
67
13
57
147
1
119
16
123
101
12
67
13
57
147
1
119
16
123
101
12
67
13
57
147
1
119
16
123
101
12
67
13
57
147
1
119
16
123
101
12
67
13
57
147
1
119
16
123
101
12
67
13
57
147
1
119
16
123
101
12
67
13
57
147
1
119
16
123
101
12
67
13
57
147
1
119
16
123
101
12
67
13
57
147
1
119
16
123
101
12
67
13
57
147
1
119
16
123
101
12
67
13
57
147
1
119
16
123
101
12
67
13
57
147
1
119
16
123
101
12
67
13
57
147
1
119
16
123
101
12
67
13
57
147
1
119
16
123
101
12
67
13
57
147
1
119
16
123
101
12
67
13
57
147
1
119
16
123
101
12
67
13
57
147
1
119
16
123
101
12
67
13
57
147
1
119
16
123
101
12
67
13
57
147
1
119
16
123
101
12
67
13
57
147
1
119
16
123
101
12
67
13
57
147
1
119
16
123
101
12
67
13
57
147
1
119
16
123
101
12
67
13
57
147
1
119
16
123
101
12
67
13
57
147
1
119
16
123
101
12
67
13
57
147
1
119
16
123
101
12
67
13
57
147
1
119
16
123
101
12
67
13
57
147
1
119
16
123
101
12
67
13
57
147
1
119
16
123
101
12
67
13
57
147
1
119
16
123
101
12
67
13
57
147
1
119
16
123
101
12
67