142
16
119
123
57
12
147
1
13
67
142
16
119
123
57
12
147
1
13
67
142
16
119
123
57
12
147
1
13
67
142
16
119
123
57
12
147
1
13
67
142
16
119
123
57
12
147
1
13
67
142
16
119
123
57
12
147
1
13
67
142
16
119
123
57
12
147
1
13
67
142
16
119
123
57
12
147
1
13
67
142
16
119
123
57
12
147
1
13
67
142
16
119
123
57
12
147
1
13
67
142
16
119
123
57
12
147
1
13
67
142
16
119
123
57
12
147
1
13
67
142
16
119
123
57
12
147
1
13
67
142
16
119
123
57
12
147
1
13
67
142
16
119
123
57
12
147
1
13
67
142
16
119
123
57
12
147
1
13
67
142
16
119
123
57
12
147
1
13
67
142
16
119
123
57
12
147
1
13
67
142
16
119
123
57
12
147
1
13
67
142
16
119
123
57
12
147
1
13
67
142
16
119
123
57
12
147
1
13
67
142
16
119
123
57
12
147
1
13
67
142
16
119
123
57
12
147
1
13
67
142
16
119
123
57
12
147
1
13
67
142
16
119
123
57
12
147
1
13
67
142
16
119
123
57
12
147
1
13
67
142
16
119
123
57
12
147
1
13
67
142
16
119
123
57
12
147
1
13
67
142
16
119
123
57
12
147
1
13
67
142
16
119
123
57
12
147
1
13
67
142
16
119
123
57
12
147
1
13
67
142
16
119
123
57
12
147
1
13
67
142
16
119
123
57
12
147
1
13
67
142
16
119
123
57
12
147
1
13
67
142
16
119
123
57
12
147
1
13
67
142
16
119
123
57
12
147
1
13
67
142
16
119
123
57
12
147
1
13
67
142
16
119
123
57
12
147
1
13
67
142
16
119
123
57
12
147
1
13
67
142
16
119
123
57
12
147
1
13
67
142
16
119
123
57
12
147
1
13
67
142
16
119
123
57
12
147
1
13
67
142
16
119
123
57
12
147
1
13
67
142
16
119
123
57
12
147
1
13
67
142
16
119
123
57
12
147
1
13
67
142
16
119
123
57
12
147
1
13
67
142
16
119
123
57
12
147
1
13
67
142
16
119
123
57
12
147
1
13
67
142
16
119
123
57
12
147
1
13
67
142
16
119
123
57
12
147
1
13
67