16
1
57
154
67
123
147
12
101
13
16
1
57
154
67
123
147
12
101
13
16
1
57
154
67
123
147
12
101
13
16
1
57
154
67
123
147
12
101
13
16
1
57
154
67
123
147
12
101
13
16
1
57
154
67
123
147
12
101
13
16
1
57
154
67
123
147
12
101
13
16
1
57
154
67
123
147
12
101
13
16
1
57
154
67
123
147
12
101
13
16
1
57
154
67
123
147
12
101
13
16
1
57
154
67
123
147
12
101
13
16
1
57
154
67
123
147
12
101
13
16
1
57
154
67
123
147
12
101
13
16
1
57
154
67
123
147
12
101
13
16
1
57
154
67
123
147
12
101
13
16
1
57
154
67
123
147
12
101
13
16
1
57
154
67
123
147
12
101
13
16
1
57
154
67
123
147
12
101
13
16
1
57
154
67
123
147
12
101
13
16
1
57
154
67
123
147
12
101
13
16
1
57
154
67
123
147
12
101
13
16
1
57
154
67
123
147
12
101
13
16
1
57
154
67
123
147
12
101
13
16
1
57
154
67
123
147
12
101
13
16
1
57
154
67
123
147
12
101
13
16
1
57
154
67
123
147
12
101
13
16
1
57
154
67
123
147
12
101
13
16
1
57
154
67
123
147
12
101
13
16
1
57
154
67
123
147
12
101
13
16
1
57
154
67
123
147
12
101
13
16
1
57
154
67
123
147
12
101
13
16
1
57
154
67
123
147
12
101
13
16
1
57
154
67
123
147
12
101
13
16
1
57
154
67
123
147
12
101
13
16
1
57
154
67
123
147
12
101
13
16
1
57
154
67
123
147
12
101
13
16
1
57
154
67
123
147
12
101
13
16
1
57
154
67
123
147
12
101
13
16
1
57
154
67
123
147
12
101
13
16
1
57
154
67
123
147
12
101
13
16
1
57
154
67
123
147
12
101
13
16
1
57
154
67
123
147
12
101
13
16
1
57
154
67
123
147
12
101
13
16
1
57
154
67
123
147
12
101
13
16
1
57
154
67
123
147
12
101
13
16
1
57
154
67
123
147
12
101
13
16
1
57
154
67
123
147
12
101
13
16
1
57
154
67
123
147
12
101
13
16
1
57
154
67
123
147
12
101
13
16
1
57
154
67
123
147
12
101
13