123
4
13
193
154
1
101
119
142
147
123
4
13
193
154
1
101
119
142
147
123
4
13
193
154
1
101
119
142
147
123
4
13
193
154
1
101
119
142
147
123
4
13
193
154
1
101
119
142
147
123
4
13
193
154
1
101
119
142
147
123
4
13
193
154
1
101
119
142
147
123
4
13
193
154
1
101
119
142
147
123
4
13
193
154
1
101
119
142
147
123
4
13
193
154
1
101
119
142
147
123
4
13
193
154
1
101
119
142
147
123
4
13
193
154
1
101
119
142
147
123
4
13
193
154
1
101
119
142
147
123
4
13
193
154
1
101
119
142
147
123
4
13
193
154
1
101
119
142
147
123
4
13
193
154
1
101
119
142
147
123
4
13
193
154
1
101
119
142
147
123
4
13
193
154
1
101
119
142
147
123
4
13
193
154
1
101
119
142
147
123
4
13
193
154
1
101
119
142
147
123
4
13
193
154
1
101
119
142
147
123
4
13
193
154
1
101
119
142
147
123
4
13
193
154
1
101
119
142
147
123
4
13
193
154
1
101
119
142
147
123
4
13
193
154
1
101
119
142
147
123
4
13
193
154
1
101
119
142
147
123
4
13
193
154
1
101
119
142
147
123
4
13
193
154
1
101
119
142
147
123
4
13
193
154
1
101
119
142
147
123
4
13
193
154
1
101
119
142
147
123
4
13
193
154
1
101
119
142
147
123
4
13
193
154
1
101
119
142
147
123
4
13
193
154
1
101
119
142
147
123
4
13
193
154
1
101
119
142
147
123
4
13
193
154
1
101
119
142
147
123
4
13
193
154
1
101
119
142
147
123
4
13
193
154
1
101
119
142
147
123
4
13
193
154
1
101
119
142
147
123
4
13
193
154
1
101
119
142
147
123
4
13
193
154
1
101
119
142
147
123
4
13
193
154
1
101
119
142
147
123
4
13
193
154
1
101
119
142
147
123
4
13
193
154
1
101
119
142
147
123
4
13
193
154
1
101
119
142
147
123
4
13
193
154
1
101
119
142
147
123
4
13
193
154
1
101
119
142
147
123
4
13
193
154
1
101
119
142
147
123
4
13
193
154
1
101
119
142
147
123
4
13
193
154
1
101
119
142
147
123
4
13
193
154
1
101
119
142
147