147
13
1
154
142
119
123
57
193
4
147
13
1
154
142
119
123
57
193
4
147
13
1
154
142
119
123
57
193
4
147
13
1
154
142
119
123
57
193
4
147
13
1
154
142
119
123
57
193
4
147
13
1
154
142
119
123
57
193
4
147
13
1
154
142
119
123
57
193
4
147
13
1
154
142
119
123
57
193
4
147
13
1
154
142
119
123
57
193
4
147
13
1
154
142
119
123
57
193
4
147
13
1
154
142
119
123
57
193
4
147
13
1
154
142
119
123
57
193
4
147
13
1
154
142
119
123
57
193
4
147
13
1
154
142
119
123
57
193
4
147
13
1
154
142
119
123
57
193
4
147
13
1
154
142
119
123
57
193
4
147
13
1
154
142
119
123
57
193
4
147
13
1
154
142
119
123
57
193
4
147
13
1
154
142
119
123
57
193
4
147
13
1
154
142
119
123
57
193
4
147
13
1
154
142
119
123
57
193
4
147
13
1
154
142
119
123
57
193
4
147
13
1
154
142
119
123
57
193
4
147
13
1
154
142
119
123
57
193
4
147
13
1
154
142
119
123
57
193
4
147
13
1
154
142
119
123
57
193
4
147
13
1
154
142
119
123
57
193
4
147
13
1
154
142
119
123
57
193
4
147
13
1
154
142
119
123
57
193
4
147
13
1
154
142
119
123
57
193
4
147
13
1
154
142
119
123
57
193
4
147
13
1
154
142
119
123
57
193
4
147
13
1
154
142
119
123
57
193
4
147
13
1
154
142
119
123
57
193
4
147
13
1
154
142
119
123
57
193
4
147
13
1
154
142
119
123
57
193
4
147
13
1
154
142
119
123
57
193
4
147
13
1
154
142
119
123
57
193
4
147
13
1
154
142
119
123
57
193
4
147
13
1
154
142
119
123
57
193
4
147
13
1
154
142
119
123
57
193
4
147
13
1
154
142
119
123
57
193
4
147
13
1
154
142
119
123
57
193
4
147
13
1
154
142
119
123
57
193
4
147
13
1
154
142
119
123
57
193
4
147
13
1
154
142
119
123
57
193
4
147
13
1
154
142
119
123
57
193
4
147
13
1
154
142
119
123
57
193
4
147
13
1
154
142
119
123
57
193
4
147
13
1
154
142
119
123
57
193
4