12
154
67
147
193
13
16
142
119
57
12
154
67
147
193
13
16
142
119
57
12
154
67
147
193
13
16
142
119
57
12
154
67
147
193
13
16
142
119
57
12
154
67
147
193
13
16
142
119
57
12
154
67
147
193
13
16
142
119
57
12
154
67
147
193
13
16
142
119
57
12
154
67
147
193
13
16
142
119
57
12
154
67
147
193
13
16
142
119
57
12
154
67
147
193
13
16
142
119
57
12
154
67
147
193
13
16
142
119
57
12
154
67
147
193
13
16
142
119
57
12
154
67
147
193
13
16
142
119
57
12
154
67
147
193
13
16
142
119
57
12
154
67
147
193
13
16
142
119
57
12
154
67
147
193
13
16
142
119
57
12
154
67
147
193
13
16
142
119
57
12
154
67
147
193
13
16
142
119
57
12
154
67
147
193
13
16
142
119
57
12
154
67
147
193
13
16
142
119
57
12
154
67
147
193
13
16
142
119
57
12
154
67
147
193
13
16
142
119
57
12
154
67
147
193
13
16
142
119
57
12
154
67
147
193
13
16
142
119
57
12
154
67
147
193
13
16
142
119
57
12
154
67
147
193
13
16
142
119
57
12
154
67
147
193
13
16
142
119
57
12
154
67
147
193
13
16
142
119
57
12
154
67
147
193
13
16
142
119
57
12
154
67
147
193
13
16
142
119
57
12
154
67
147
193
13
16
142
119
57
12
154
67
147
193
13
16
142
119
57
12
154
67
147
193
13
16
142
119
57
12
154
67
147
193
13
16
142
119
57
12
154
67
147
193
13
16
142
119
57
12
154
67
147
193
13
16
142
119
57
12
154
67
147
193
13
16
142
119
57
12
154
67
147
193
13
16
142
119
57
12
154
67
147
193
13
16
142
119
57
12
154
67
147
193
13
16
142
119
57
12
154
67
147
193
13
16
142
119
57
12
154
67
147
193
13
16
142
119
57
12
154
67
147
193
13
16
142
119
57
12
154
67
147
193
13
16
142
119
57
12
154
67
147
193
13
16
142
119
57
12
154
67
147
193
13
16
142
119
57
12
154
67
147
193
13
16
142
119
57
12
154
67
147
193
13
16
142
119
57
12
154
67
147
193
13
16
142
119
57
12
154
67
147
193
13
16
142
119
57