142
147
193
57
67
4
1
101
12
13
142
147
193
57
67
4
1
101
12
13
142
147
193
57
67
4
1
101
12
13
142
147
193
57
67
4
1
101
12
13
142
147
193
57
67
4
1
101
12
13
142
147
193
57
67
4
1
101
12
13
142
147
193
57
67
4
1
101
12
13
142
147
193
57
67
4
1
101
12
13
142
147
193
57
67
4
1
101
12
13
142
147
193
57
67
4
1
101
12
13
142
147
193
57
67
4
1
101
12
13
142
147
193
57
67
4
1
101
12
13
142
147
193
57
67
4
1
101
12
13
142
147
193
57
67
4
1
101
12
13
142
147
193
57
67
4
1
101
12
13
142
147
193
57
67
4
1
101
12
13
142
147
193
57
67
4
1
101
12
13
142
147
193
57
67
4
1
101
12
13
142
147
193
57
67
4
1
101
12
13
142
147
193
57
67
4
1
101
12
13
142
147
193
57
67
4
1
101
12
13
142
147
193
57
67
4
1
101
12
13
142
147
193
57
67
4
1
101
12
13
142
147
193
57
67
4
1
101
12
13
142
147
193
57
67
4
1
101
12
13
142
147
193
57
67
4
1
101
12
13
142
147
193
57
67
4
1
101
12
13
142
147
193
57
67
4
1
101
12
13
142
147
193
57
67
4
1
101
12
13
142
147
193
57
67
4
1
101
12
13
142
147
193
57
67
4
1
101
12
13
142
147
193
57
67
4
1
101
12
13
142
147
193
57
67
4
1
101
12
13
142
147
193
57
67
4
1
101
12
13
142
147
193
57
67
4
1
101
12
13
142
147
193
57
67
4
1
101
12
13
142
147
193
57
67
4
1
101
12
13
142
147
193
57
67
4
1
101
12
13
142
147
193
57
67
4
1
101
12
13
142
147
193
57
67
4
1
101
12
13
142
147
193
57
67
4
1
101
12
13
142
147
193
57
67
4
1
101
12
13
142
147
193
57
67
4
1
101
12
13
142
147
193
57
67
4
1
101
12
13
142
147
193
57
67
4
1
101
12
13
142
147
193
57
67
4
1
101
12
13
142
147
193
57
67
4
1
101
12
13
142
147
193
57
67
4
1
101
12
13
142
147
193
57
67
4
1
101
12
13
142
147
193
57
67
4
1
101
12
13