1
57
123
13
142
119
147
193
101
154
1
57
123
13
142
119
147
193
101
154
1
57
123
13
142
119
147
193
101
154
1
57
123
13
142
119
147
193
101
154
1
57
123
13
142
119
147
193
101
154
1
57
123
13
142
119
147
193
101
154
1
57
123
13
142
119
147
193
101
154
1
57
123
13
142
119
147
193
101
154
1
57
123
13
142
119
147
193
101
154
1
57
123
13
142
119
147
193
101
154
1
57
123
13
142
119
147
193
101
154
1
57
123
13
142
119
147
193
101
154
1
57
123
13
142
119
147
193
101
154
1
57
123
13
142
119
147
193
101
154
1
57
123
13
142
119
147
193
101
154
1
57
123
13
142
119
147
193
101
154
1
57
123
13
142
119
147
193
101
154
1
57
123
13
142
119
147
193
101
154
1
57
123
13
142
119
147
193
101
154
1
57
123
13
142
119
147
193
101
154
1
57
123
13
142
119
147
193
101
154
1
57
123
13
142
119
147
193
101
154
1
57
123
13
142
119
147
193
101
154
1
57
123
13
142
119
147
193
101
154
1
57
123
13
142
119
147
193
101
154
1
57
123
13
142
119
147
193
101
154
1
57
123
13
142
119
147
193
101
154
1
57
123
13
142
119
147
193
101
154
1
57
123
13
142
119
147
193
101
154
1
57
123
13
142
119
147
193
101
154
1
57
123
13
142
119
147
193
101
154
1
57
123
13
142
119
147
193
101
154
1
57
123
13
142
119
147
193
101
154
1
57
123
13
142
119
147
193
101
154
1
57
123
13
142
119
147
193
101
154
1
57
123
13
142
119
147
193
101
154
1
57
123
13
142
119
147
193
101
154
1
57
123
13
142
119
147
193
101
154
1
57
123
13
142
119
147
193
101
154
1
57
123
13
142
119
147
193
101
154
1
57
123
13
142
119
147
193
101
154
1
57
123
13
142
119
147
193
101
154
1
57
123
13
142
119
147
193
101
154
1
57
123
13
142
119
147
193
101
154
1
57
123
13
142
119
147
193
101
154
1
57
123
13
142
119
147
193
101
154
1
57
123
13
142
119
147
193
101
154
1
57
123
13
142
119
147
193
101
154
1
57
123
13
142
119
147
193
101
154
1
57
123
13
142
119
147
193
101
154