1
101
193
147
154
142
13
119
12
4
1
101
193
147
154
142
13
119
12
4
1
101
193
147
154
142
13
119
12
4
1
101
193
147
154
142
13
119
12
4
1
101
193
147
154
142
13
119
12
4
1
101
193
147
154
142
13
119
12
4
1
101
193
147
154
142
13
119
12
4
1
101
193
147
154
142
13
119
12
4
1
101
193
147
154
142
13
119
12
4
1
101
193
147
154
142
13
119
12
4
1
101
193
147
154
142
13
119
12
4
1
101
193
147
154
142
13
119
12
4
1
101
193
147
154
142
13
119
12
4
1
101
193
147
154
142
13
119
12
4
1
101
193
147
154
142
13
119
12
4
1
101
193
147
154
142
13
119
12
4
1
101
193
147
154
142
13
119
12
4
1
101
193
147
154
142
13
119
12
4
1
101
193
147
154
142
13
119
12
4
1
101
193
147
154
142
13
119
12
4
1
101
193
147
154
142
13
119
12
4
1
101
193
147
154
142
13
119
12
4
1
101
193
147
154
142
13
119
12
4
1
101
193
147
154
142
13
119
12
4
1
101
193
147
154
142
13
119
12
4
1
101
193
147
154
142
13
119
12
4
1
101
193
147
154
142
13
119
12
4
1
101
193
147
154
142
13
119
12
4
1
101
193
147
154
142
13
119
12
4
1
101
193
147
154
142
13
119
12
4
1
101
193
147
154
142
13
119
12
4
1
101
193
147
154
142
13
119
12
4
1
101
193
147
154
142
13
119
12
4
1
101
193
147
154
142
13
119
12
4
1
101
193
147
154
142
13
119
12
4
1
101
193
147
154
142
13
119
12
4
1
101
193
147
154
142
13
119
12
4
1
101
193
147
154
142
13
119
12
4
1
101
193
147
154
142
13
119
12
4
1
101
193
147
154
142
13
119
12
4
1
101
193
147
154
142
13
119
12
4
1
101
193
147
154
142
13
119
12
4
1
101
193
147
154
142
13
119
12
4
1
101
193
147
154
142
13
119
12
4
1
101
193
147
154
142
13
119
12
4
1
101
193
147
154
142
13
119
12
4
1
101
193
147
154
142
13
119
12
4
1
101
193
147
154
142
13
119
12
4
1
101
193
147
154
142
13
119
12
4
1
101
193
147
154
142
13
119
12
4