123
119
13
154
101
142
12
193
1
16
123
119
13
154
101
142
12
193
1
16
123
119
13
154
101
142
12
193
1
16
123
119
13
154
101
142
12
193
1
16
123
119
13
154
101
142
12
193
1
16
123
119
13
154
101
142
12
193
1
16
123
119
13
154
101
142
12
193
1
16
123
119
13
154
101
142
12
193
1
16
123
119
13
154
101
142
12
193
1
16
123
119
13
154
101
142
12
193
1
16
123
119
13
154
101
142
12
193
1
16
123
119
13
154
101
142
12
193
1
16
123
119
13
154
101
142
12
193
1
16
123
119
13
154
101
142
12
193
1
16
123
119
13
154
101
142
12
193
1
16
123
119
13
154
101
142
12
193
1
16
123
119
13
154
101
142
12
193
1
16
123
119
13
154
101
142
12
193
1
16
123
119
13
154
101
142
12
193
1
16
123
119
13
154
101
142
12
193
1
16
123
119
13
154
101
142
12
193
1
16
123
119
13
154
101
142
12
193
1
16
123
119
13
154
101
142
12
193
1
16
123
119
13
154
101
142
12
193
1
16
123
119
13
154
101
142
12
193
1
16
123
119
13
154
101
142
12
193
1
16
123
119
13
154
101
142
12
193
1
16
123
119
13
154
101
142
12
193
1
16
123
119
13
154
101
142
12
193
1
16
123
119
13
154
101
142
12
193
1
16
123
119
13
154
101
142
12
193
1
16
123
119
13
154
101
142
12
193
1
16
123
119
13
154
101
142
12
193
1
16
123
119
13
154
101
142
12
193
1
16
123
119
13
154
101
142
12
193
1
16
123
119
13
154
101
142
12
193
1
16
123
119
13
154
101
142
12
193
1
16
123
119
13
154
101
142
12
193
1
16
123
119
13
154
101
142
12
193
1
16
123
119
13
154
101
142
12
193
1
16
123
119
13
154
101
142
12
193
1
16
123
119
13
154
101
142
12
193
1
16
123
119
13
154
101
142
12
193
1
16
123
119
13
154
101
142
12
193
1
16
123
119
13
154
101
142
12
193
1
16
123
119
13
154
101
142
12
193
1
16
123
119
13
154
101
142
12
193
1
16
123
119
13
154
101
142
12
193
1
16
123
119
13
154
101
142
12
193
1
16
123
119
13
154
101
142
12
193
1
16