123
147
16
57
4
13
142
67
1
119
123
147
16
57
4
13
142
67
1
119
123
147
16
57
4
13
142
67
1
119
123
147
16
57
4
13
142
67
1
119
123
147
16
57
4
13
142
67
1
119
123
147
16
57
4
13
142
67
1
119
123
147
16
57
4
13
142
67
1
119
123
147
16
57
4
13
142
67
1
119
123
147
16
57
4
13
142
67
1
119
123
147
16
57
4
13
142
67
1
119
123
147
16
57
4
13
142
67
1
119
123
147
16
57
4
13
142
67
1
119
123
147
16
57
4
13
142
67
1
119
123
147
16
57
4
13
142
67
1
119
123
147
16
57
4
13
142
67
1
119
123
147
16
57
4
13
142
67
1
119
123
147
16
57
4
13
142
67
1
119
123
147
16
57
4
13
142
67
1
119
123
147
16
57
4
13
142
67
1
119
123
147
16
57
4
13
142
67
1
119
123
147
16
57
4
13
142
67
1
119
123
147
16
57
4
13
142
67
1
119
123
147
16
57
4
13
142
67
1
119
123
147
16
57
4
13
142
67
1
119
123
147
16
57
4
13
142
67
1
119
123
147
16
57
4
13
142
67
1
119
123
147
16
57
4
13
142
67
1
119
123
147
16
57
4
13
142
67
1
119
123
147
16
57
4
13
142
67
1
119
123
147
16
57
4
13
142
67
1
119
123
147
16
57
4
13
142
67
1
119
123
147
16
57
4
13
142
67
1
119
123
147
16
57
4
13
142
67
1
119
123
147
16
57
4
13
142
67
1
119
123
147
16
57
4
13
142
67
1
119
123
147
16
57
4
13
142
67
1
119
123
147
16
57
4
13
142
67
1
119
123
147
16
57
4
13
142
67
1
119
123
147
16
57
4
13
142
67
1
119
123
147
16
57
4
13
142
67
1
119
123
147
16
57
4
13
142
67
1
119
123
147
16
57
4
13
142
67
1
119
123
147
16
57
4
13
142
67
1
119
123
147
16
57
4
13
142
67
1
119
123
147
16
57
4
13
142
67
1
119
123
147
16
57
4
13
142
67
1
119
123
147
16
57
4
13
142
67
1
119
123
147
16
57
4
13
142
67
1
119
123
147
16
57
4
13
142
67
1
119
123
147
16
57
4
13
142
67
1
119