142
119
101
123
16
67
147
193
57
12
142
119
101
123
16
67
147
193
57
12
142
119
101
123
16
67
147
193
57
12
142
119
101
123
16
67
147
193
57
12
142
119
101
123
16
67
147
193
57
12
142
119
101
123
16
67
147
193
57
12
142
119
101
123
16
67
147
193
57
12
142
119
101
123
16
67
147
193
57
12
142
119
101
123
16
67
147
193
57
12
142
119
101
123
16
67
147
193
57
12
142
119
101
123
16
67
147
193
57
12
142
119
101
123
16
67
147
193
57
12
142
119
101
123
16
67
147
193
57
12
142
119
101
123
16
67
147
193
57
12
142
119
101
123
16
67
147
193
57
12
142
119
101
123
16
67
147
193
57
12
142
119
101
123
16
67
147
193
57
12
142
119
101
123
16
67
147
193
57
12
142
119
101
123
16
67
147
193
57
12
142
119
101
123
16
67
147
193
57
12
142
119
101
123
16
67
147
193
57
12
142
119
101
123
16
67
147
193
57
12
142
119
101
123
16
67
147
193
57
12
142
119
101
123
16
67
147
193
57
12
142
119
101
123
16
67
147
193
57
12
142
119
101
123
16
67
147
193
57
12
142
119
101
123
16
67
147
193
57
12
142
119
101
123
16
67
147
193
57
12
142
119
101
123
16
67
147
193
57
12
142
119
101
123
16
67
147
193
57
12
142
119
101
123
16
67
147
193
57
12
142
119
101
123
16
67
147
193
57
12
142
119
101
123
16
67
147
193
57
12
142
119
101
123
16
67
147
193
57
12
142
119
101
123
16
67
147
193
57
12
142
119
101
123
16
67
147
193
57
12
142
119
101
123
16
67
147
193
57
12
142
119
101
123
16
67
147
193
57
12
142
119
101
123
16
67
147
193
57
12
142
119
101
123
16
67
147
193
57
12
142
119
101
123
16
67
147
193
57
12
142
119
101
123
16
67
147
193
57
12
142
119
101
123
16
67
147
193
57
12
142
119
101
123
16
67
147
193
57
12
142
119
101
123
16
67
147
193
57
12
142
119
101
123
16
67
147
193
57
12
142
119
101
123
16
67
147
193
57
12
142
119
101
123
16
67
147
193
57
12
142
119
101
123
16
67
147
193
57
12
142
119
101
123
16
67
147
193
57
12