57
67
142
12
193
101
13
119
4
16
57
67
142
12
193
101
13
119
4
16
57
67
142
12
193
101
13
119
4
16
57
67
142
12
193
101
13
119
4
16
57
67
142
12
193
101
13
119
4
16
57
67
142
12
193
101
13
119
4
16
57
67
142
12
193
101
13
119
4
16
57
67
142
12
193
101
13
119
4
16
57
67
142
12
193
101
13
119
4
16
57
67
142
12
193
101
13
119
4
16
57
67
142
12
193
101
13
119
4
16
57
67
142
12
193
101
13
119
4
16
57
67
142
12
193
101
13
119
4
16
57
67
142
12
193
101
13
119
4
16
57
67
142
12
193
101
13
119
4
16
57
67
142
12
193
101
13
119
4
16
57
67
142
12
193
101
13
119
4
16
57
67
142
12
193
101
13
119
4
16
57
67
142
12
193
101
13
119
4
16
57
67
142
12
193
101
13
119
4
16
57
67
142
12
193
101
13
119
4
16
57
67
142
12
193
101
13
119
4
16
57
67
142
12
193
101
13
119
4
16
57
67
142
12
193
101
13
119
4
16
57
67
142
12
193
101
13
119
4
16
57
67
142
12
193
101
13
119
4
16
57
67
142
12
193
101
13
119
4
16
57
67
142
12
193
101
13
119
4
16
57
67
142
12
193
101
13
119
4
16
57
67
142
12
193
101
13
119
4
16
57
67
142
12
193
101
13
119
4
16
57
67
142
12
193
101
13
119
4
16
57
67
142
12
193
101
13
119
4
16
57
67
142
12
193
101
13
119
4
16
57
67
142
12
193
101
13
119
4
16
57
67
142
12
193
101
13
119
4
16
57
67
142
12
193
101
13
119
4
16
57
67
142
12
193
101
13
119
4
16
57
67
142
12
193
101
13
119
4
16
57
67
142
12
193
101
13
119
4
16
57
67
142
12
193
101
13
119
4
16
57
67
142
12
193
101
13
119
4
16
57
67
142
12
193
101
13
119
4
16
57
67
142
12
193
101
13
119
4
16
57
67
142
12
193
101
13
119
4
16
57
67
142
12
193
101
13
119
4
16
57
67
142
12
193
101
13
119
4
16
57
67
142
12
193
101
13
119
4
16
57
67
142
12
193
101
13
119
4
16
57
67
142
12
193
101
13
119
4
16