67
12
13
4
101
142
16
147
123
57
67
12
13
4
101
142
16
147
123
57
67
12
13
4
101
142
16
147
123
57
67
12
13
4
101
142
16
147
123
57
67
12
13
4
101
142
16
147
123
57
67
12
13
4
101
142
16
147
123
57
67
12
13
4
101
142
16
147
123
57
67
12
13
4
101
142
16
147
123
57
67
12
13
4
101
142
16
147
123
57
67
12
13
4
101
142
16
147
123
57
67
12
13
4
101
142
16
147
123
57
67
12
13
4
101
142
16
147
123
57
67
12
13
4
101
142
16
147
123
57
67
12
13
4
101
142
16
147
123
57
67
12
13
4
101
142
16
147
123
57
67
12
13
4
101
142
16
147
123
57
67
12
13
4
101
142
16
147
123
57
67
12
13
4
101
142
16
147
123
57
67
12
13
4
101
142
16
147
123
57
67
12
13
4
101
142
16
147
123
57
67
12
13
4
101
142
16
147
123
57
67
12
13
4
101
142
16
147
123
57
67
12
13
4
101
142
16
147
123
57
67
12
13
4
101
142
16
147
123
57
67
12
13
4
101
142
16
147
123
57
67
12
13
4
101
142
16
147
123
57
67
12
13
4
101
142
16
147
123
57
67
12
13
4
101
142
16
147
123
57
67
12
13
4
101
142
16
147
123
57
67
12
13
4
101
142
16
147
123
57
67
12
13
4
101
142
16
147
123
57
67
12
13
4
101
142
16
147
123
57
67
12
13
4
101
142
16
147
123
57
67
12
13
4
101
142
16
147
123
57
67
12
13
4
101
142
16
147
123
57
67
12
13
4
101
142
16
147
123
57
67
12
13
4
101
142
16
147
123
57
67
12
13
4
101
142
16
147
123
57
67
12
13
4
101
142
16
147
123
57
67
12
13
4
101
142
16
147
123
57
67
12
13
4
101
142
16
147
123
57
67
12
13
4
101
142
16
147
123
57
67
12
13
4
101
142
16
147
123
57
67
12
13
4
101
142
16
147
123
57
67
12
13
4
101
142
16
147
123
57
67
12
13
4
101
142
16
147
123
57
67
12
13
4
101
142
16
147
123
57
67
12
13
4
101
142
16
147
123
57
67
12
13
4
101
142
16
147
123
57
67
12
13
4
101
142
16
147
123
57