142
12
57
101
154
1
147
123
193
13
142
12
57
101
154
1
147
123
193
13
142
12
57
101
154
1
147
123
193
13
142
12
57
101
154
1
147
123
193
13
142
12
57
101
154
1
147
123
193
13
142
12
57
101
154
1
147
123
193
13
142
12
57
101
154
1
147
123
193
13
142
12
57
101
154
1
147
123
193
13
142
12
57
101
154
1
147
123
193
13
142
12
57
101
154
1
147
123
193
13
142
12
57
101
154
1
147
123
193
13
142
12
57
101
154
1
147
123
193
13
142
12
57
101
154
1
147
123
193
13
142
12
57
101
154
1
147
123
193
13
142
12
57
101
154
1
147
123
193
13
142
12
57
101
154
1
147
123
193
13
142
12
57
101
154
1
147
123
193
13
142
12
57
101
154
1
147
123
193
13
142
12
57
101
154
1
147
123
193
13
142
12
57
101
154
1
147
123
193
13
142
12
57
101
154
1
147
123
193
13
142
12
57
101
154
1
147
123
193
13
142
12
57
101
154
1
147
123
193
13
142
12
57
101
154
1
147
123
193
13
142
12
57
101
154
1
147
123
193
13
142
12
57
101
154
1
147
123
193
13
142
12
57
101
154
1
147
123
193
13
142
12
57
101
154
1
147
123
193
13
142
12
57
101
154
1
147
123
193
13
142
12
57
101
154
1
147
123
193
13
142
12
57
101
154
1
147
123
193
13
142
12
57
101
154
1
147
123
193
13
142
12
57
101
154
1
147
123
193
13
142
12
57
101
154
1
147
123
193
13
142
12
57
101
154
1
147
123
193
13
142
12
57
101
154
1
147
123
193
13
142
12
57
101
154
1
147
123
193
13
142
12
57
101
154
1
147
123
193
13
142
12
57
101
154
1
147
123
193
13
142
12
57
101
154
1
147
123
193
13
142
12
57
101
154
1
147
123
193
13
142
12
57
101
154
1
147
123
193
13
142
12
57
101
154
1
147
123
193
13
142
12
57
101
154
1
147
123
193
13
142
12
57
101
154
1
147
123
193
13
142
12
57
101
154
1
147
123
193
13
142
12
57
101
154
1
147
123
193
13
142
12
57
101
154
1
147
123
193
13
142
12
57
101
154
1
147
123
193
13
142
12
57
101
154
1
147
123
193
13