12
67
119
193
1
147
101
123
142
154
12
67
119
193
1
147
101
123
142
154
12
67
119
193
1
147
101
123
142
154
12
67
119
193
1
147
101
123
142
154
12
67
119
193
1
147
101
123
142
154
12
67
119
193
1
147
101
123
142
154
12
67
119
193
1
147
101
123
142
154
12
67
119
193
1
147
101
123
142
154
12
67
119
193
1
147
101
123
142
154
12
67
119
193
1
147
101
123
142
154
12
67
119
193
1
147
101
123
142
154
12
67
119
193
1
147
101
123
142
154
12
67
119
193
1
147
101
123
142
154
12
67
119
193
1
147
101
123
142
154
12
67
119
193
1
147
101
123
142
154
12
67
119
193
1
147
101
123
142
154
12
67
119
193
1
147
101
123
142
154
12
67
119
193
1
147
101
123
142
154
12
67
119
193
1
147
101
123
142
154
12
67
119
193
1
147
101
123
142
154
12
67
119
193
1
147
101
123
142
154
12
67
119
193
1
147
101
123
142
154
12
67
119
193
1
147
101
123
142
154
12
67
119
193
1
147
101
123
142
154
12
67
119
193
1
147
101
123
142
154
12
67
119
193
1
147
101
123
142
154
12
67
119
193
1
147
101
123
142
154
12
67
119
193
1
147
101
123
142
154
12
67
119
193
1
147
101
123
142
154
12
67
119
193
1
147
101
123
142
154
12
67
119
193
1
147
101
123
142
154
12
67
119
193
1
147
101
123
142
154
12
67
119
193
1
147
101
123
142
154
12
67
119
193
1
147
101
123
142
154
12
67
119
193
1
147
101
123
142
154
12
67
119
193
1
147
101
123
142
154
12
67
119
193
1
147
101
123
142
154
12
67
119
193
1
147
101
123
142
154
12
67
119
193
1
147
101
123
142
154
12
67
119
193
1
147
101
123
142
154
12
67
119
193
1
147
101
123
142
154
12
67
119
193
1
147
101
123
142
154
12
67
119
193
1
147
101
123
142
154
12
67
119
193
1
147
101
123
142
154
12
67
119
193
1
147
101
123
142
154
12
67
119
193
1
147
101
123
142
154
12
67
119
193
1
147
101
123
142
154
12
67
119
193
1
147
101
123
142
154
12
67
119
193
1
147
101
123
142
154
12
67
119
193
1
147
101
123
142
154