16
193
119
67
13
4
154
12
147
101
16
193
119
67
13
4
154
12
147
101
16
193
119
67
13
4
154
12
147
101
16
193
119
67
13
4
154
12
147
101
16
193
119
67
13
4
154
12
147
101
16
193
119
67
13
4
154
12
147
101
16
193
119
67
13
4
154
12
147
101
16
193
119
67
13
4
154
12
147
101
16
193
119
67
13
4
154
12
147
101
16
193
119
67
13
4
154
12
147
101
16
193
119
67
13
4
154
12
147
101
16
193
119
67
13
4
154
12
147
101
16
193
119
67
13
4
154
12
147
101
16
193
119
67
13
4
154
12
147
101
16
193
119
67
13
4
154
12
147
101
16
193
119
67
13
4
154
12
147
101
16
193
119
67
13
4
154
12
147
101
16
193
119
67
13
4
154
12
147
101
16
193
119
67
13
4
154
12
147
101
16
193
119
67
13
4
154
12
147
101
16
193
119
67
13
4
154
12
147
101
16
193
119
67
13
4
154
12
147
101
16
193
119
67
13
4
154
12
147
101
16
193
119
67
13
4
154
12
147
101
16
193
119
67
13
4
154
12
147
101
16
193
119
67
13
4
154
12
147
101
16
193
119
67
13
4
154
12
147
101
16
193
119
67
13
4
154
12
147
101
16
193
119
67
13
4
154
12
147
101
16
193
119
67
13
4
154
12
147
101
16
193
119
67
13
4
154
12
147
101
16
193
119
67
13
4
154
12
147
101
16
193
119
67
13
4
154
12
147
101
16
193
119
67
13
4
154
12
147
101
16
193
119
67
13
4
154
12
147
101
16
193
119
67
13
4
154
12
147
101
16
193
119
67
13
4
154
12
147
101
16
193
119
67
13
4
154
12
147
101
16
193
119
67
13
4
154
12
147
101
16
193
119
67
13
4
154
12
147
101
16
193
119
67
13
4
154
12
147
101
16
193
119
67
13
4
154
12
147
101
16
193
119
67
13
4
154
12
147
101
16
193
119
67
13
4
154
12
147
101
16
193
119
67
13
4
154
12
147
101
16
193
119
67
13
4
154
12
147
101
16
193
119
67
13
4
154
12
147
101
16
193
119
67
13
4
154
12
147
101
16
193
119
67
13
4
154
12
147
101
16
193
119
67
13
4
154
12
147
101