12
119
4
1
123
16
193
13
67
142
12
119
4
1
123
16
193
13
67
142
12
119
4
1
123
16
193
13
67
142
12
119
4
1
123
16
193
13
67
142
12
119
4
1
123
16
193
13
67
142
12
119
4
1
123
16
193
13
67
142
12
119
4
1
123
16
193
13
67
142
12
119
4
1
123
16
193
13
67
142
12
119
4
1
123
16
193
13
67
142
12
119
4
1
123
16
193
13
67
142
12
119
4
1
123
16
193
13
67
142
12
119
4
1
123
16
193
13
67
142
12
119
4
1
123
16
193
13
67
142
12
119
4
1
123
16
193
13
67
142
12
119
4
1
123
16
193
13
67
142
12
119
4
1
123
16
193
13
67
142
12
119
4
1
123
16
193
13
67
142
12
119
4
1
123
16
193
13
67
142
12
119
4
1
123
16
193
13
67
142
12
119
4
1
123
16
193
13
67
142
12
119
4
1
123
16
193
13
67
142
12
119
4
1
123
16
193
13
67
142
12
119
4
1
123
16
193
13
67
142
12
119
4
1
123
16
193
13
67
142
12
119
4
1
123
16
193
13
67
142
12
119
4
1
123
16
193
13
67
142
12
119
4
1
123
16
193
13
67
142
12
119
4
1
123
16
193
13
67
142
12
119
4
1
123
16
193
13
67
142
12
119
4
1
123
16
193
13
67
142
12
119
4
1
123
16
193
13
67
142
12
119
4
1
123
16
193
13
67
142
12
119
4
1
123
16
193
13
67
142
12
119
4
1
123
16
193
13
67
142
12
119
4
1
123
16
193
13
67
142
12
119
4
1
123
16
193
13
67
142
12
119
4
1
123
16
193
13
67
142
12
119
4
1
123
16
193
13
67
142
12
119
4
1
123
16
193
13
67
142
12
119
4
1
123
16
193
13
67
142
12
119
4
1
123
16
193
13
67
142
12
119
4
1
123
16
193
13
67
142
12
119
4
1
123
16
193
13
67
142
12
119
4
1
123
16
193
13
67
142
12
119
4
1
123
16
193
13
67
142
12
119
4
1
123
16
193
13
67
142
12
119
4
1
123
16
193
13
67
142
12
119
4
1
123
16
193
13
67
142
12
119
4
1
123
16
193
13
67
142
12
119
4
1
123
16
193
13
67
142