4
147
57
101
193
67
12
154
1
13
4
147
57
101
193
67
12
154
1
13
4
147
57
101
193
67
12
154
1
13
4
147
57
101
193
67
12
154
1
13
4
147
57
101
193
67
12
154
1
13
4
147
57
101
193
67
12
154
1
13
4
147
57
101
193
67
12
154
1
13
4
147
57
101
193
67
12
154
1
13
4
147
57
101
193
67
12
154
1
13
4
147
57
101
193
67
12
154
1
13
4
147
57
101
193
67
12
154
1
13
4
147
57
101
193
67
12
154
1
13
4
147
57
101
193
67
12
154
1
13
4
147
57
101
193
67
12
154
1
13
4
147
57
101
193
67
12
154
1
13
4
147
57
101
193
67
12
154
1
13
4
147
57
101
193
67
12
154
1
13
4
147
57
101
193
67
12
154
1
13
4
147
57
101
193
67
12
154
1
13
4
147
57
101
193
67
12
154
1
13
4
147
57
101
193
67
12
154
1
13
4
147
57
101
193
67
12
154
1
13
4
147
57
101
193
67
12
154
1
13
4
147
57
101
193
67
12
154
1
13
4
147
57
101
193
67
12
154
1
13
4
147
57
101
193
67
12
154
1
13
4
147
57
101
193
67
12
154
1
13
4
147
57
101
193
67
12
154
1
13
4
147
57
101
193
67
12
154
1
13
4
147
57
101
193
67
12
154
1
13
4
147
57
101
193
67
12
154
1
13
4
147
57
101
193
67
12
154
1
13
4
147
57
101
193
67
12
154
1
13
4
147
57
101
193
67
12
154
1
13
4
147
57
101
193
67
12
154
1
13
4
147
57
101
193
67
12
154
1
13
4
147
57
101
193
67
12
154
1
13
4
147
57
101
193
67
12
154
1
13
4
147
57
101
193
67
12
154
1
13
4
147
57
101
193
67
12
154
1
13
4
147
57
101
193
67
12
154
1
13
4
147
57
101
193
67
12
154
1
13
4
147
57
101
193
67
12
154
1
13
4
147
57
101
193
67
12
154
1
13
4
147
57
101
193
67
12
154
1
13
4
147
57
101
193
67
12
154
1
13
4
147
57
101
193
67
12
154
1
13
4
147
57
101
193
67
12
154
1
13
4
147
57
101
193
67
12
154
1
13
4
147
57
101
193
67
12
154
1
13