12
16
154
142
13
101
4
67
57
123
12
16
154
142
13
101
4
67
57
123
12
16
154
142
13
101
4
67
57
123
12
16
154
142
13
101
4
67
57
123
12
16
154
142
13
101
4
67
57
123
12
16
154
142
13
101
4
67
57
123
12
16
154
142
13
101
4
67
57
123
12
16
154
142
13
101
4
67
57
123
12
16
154
142
13
101
4
67
57
123
12
16
154
142
13
101
4
67
57
123
12
16
154
142
13
101
4
67
57
123
12
16
154
142
13
101
4
67
57
123
12
16
154
142
13
101
4
67
57
123
12
16
154
142
13
101
4
67
57
123
12
16
154
142
13
101
4
67
57
123
12
16
154
142
13
101
4
67
57
123
12
16
154
142
13
101
4
67
57
123
12
16
154
142
13
101
4
67
57
123
12
16
154
142
13
101
4
67
57
123
12
16
154
142
13
101
4
67
57
123
12
16
154
142
13
101
4
67
57
123
12
16
154
142
13
101
4
67
57
123
12
16
154
142
13
101
4
67
57
123
12
16
154
142
13
101
4
67
57
123
12
16
154
142
13
101
4
67
57
123
12
16
154
142
13
101
4
67
57
123
12
16
154
142
13
101
4
67
57
123
12
16
154
142
13
101
4
67
57
123
12
16
154
142
13
101
4
67
57
123
12
16
154
142
13
101
4
67
57
123
12
16
154
142
13
101
4
67
57
123
12
16
154
142
13
101
4
67
57
123
12
16
154
142
13
101
4
67
57
123
12
16
154
142
13
101
4
67
57
123
12
16
154
142
13
101
4
67
57
123
12
16
154
142
13
101
4
67
57
123
12
16
154
142
13
101
4
67
57
123
12
16
154
142
13
101
4
67
57
123
12
16
154
142
13
101
4
67
57
123
12
16
154
142
13
101
4
67
57
123
12
16
154
142
13
101
4
67
57
123
12
16
154
142
13
101
4
67
57
123
12
16
154
142
13
101
4
67
57
123
12
16
154
142
13
101
4
67
57
123
12
16
154
142
13
101
4
67
57
123
12
16
154
142
13
101
4
67
57
123
12
16
154
142
13
101
4
67
57
123
12
16
154
142
13
101
4
67
57
123
12
16
154
142
13
101
4
67
57
123
12
16
154
142
13
101
4
67
57
123