119
101
67
193
57
147
154
142
4
13
119
101
67
193
57
147
154
142
4
13
119
101
67
193
57
147
154
142
4
13
119
101
67
193
57
147
154
142
4
13
119
101
67
193
57
147
154
142
4
13
119
101
67
193
57
147
154
142
4
13
119
101
67
193
57
147
154
142
4
13
119
101
67
193
57
147
154
142
4
13
119
101
67
193
57
147
154
142
4
13
119
101
67
193
57
147
154
142
4
13
119
101
67
193
57
147
154
142
4
13
119
101
67
193
57
147
154
142
4
13
119
101
67
193
57
147
154
142
4
13
119
101
67
193
57
147
154
142
4
13
119
101
67
193
57
147
154
142
4
13
119
101
67
193
57
147
154
142
4
13
119
101
67
193
57
147
154
142
4
13
119
101
67
193
57
147
154
142
4
13
119
101
67
193
57
147
154
142
4
13
119
101
67
193
57
147
154
142
4
13
119
101
67
193
57
147
154
142
4
13
119
101
67
193
57
147
154
142
4
13
119
101
67
193
57
147
154
142
4
13
119
101
67
193
57
147
154
142
4
13
119
101
67
193
57
147
154
142
4
13
119
101
67
193
57
147
154
142
4
13
119
101
67
193
57
147
154
142
4
13
119
101
67
193
57
147
154
142
4
13
119
101
67
193
57
147
154
142
4
13
119
101
67
193
57
147
154
142
4
13
119
101
67
193
57
147
154
142
4
13
119
101
67
193
57
147
154
142
4
13
119
101
67
193
57
147
154
142
4
13
119
101
67
193
57
147
154
142
4
13
119
101
67
193
57
147
154
142
4
13
119
101
67
193
57
147
154
142
4
13
119
101
67
193
57
147
154
142
4
13
119
101
67
193
57
147
154
142
4
13
119
101
67
193
57
147
154
142
4
13
119
101
67
193
57
147
154
142
4
13
119
101
67
193
57
147
154
142
4
13
119
101
67
193
57
147
154
142
4
13
119
101
67
193
57
147
154
142
4
13
119
101
67
193
57
147
154
142
4
13
119
101
67
193
57
147
154
142
4
13
119
101
67
193
57
147
154
142
4
13
119
101
67
193
57
147
154
142
4
13
119
101
67
193
57
147
154
142
4
13
119
101
67
193
57
147
154
142
4
13
119
101
67
193
57
147
154
142
4
13