16
67
1
123
119
4
142
15
101
193
16
67
1
123
119
4
142
15
101
193
16
67
1
123
119
4
142
15
101
193
16
67
1
123
119
4
142
15
101
193
16
67
1
123
119
4
142
15
101
193
16
67
1
123
119
4
142
15
101
193
16
67
1
123
119
4
142
15
101
193
16
67
1
123
119
4
142
15
101
193
16
67
1
123
119
4
142
15
101
193
16
67
1
123
119
4
142
15
101
193
16
67
1
123
119
4
142
15
101
193
16
67
1
123
119
4
142
15
101
193
16
67
1
123
119
4
142
15
101
193
16
67
1
123
119
4
142
15
101
193
16
67
1
123
119
4
142
15
101
193
16
67
1
123
119
4
142
15
101
193
16
67
1
123
119
4
142
15
101
193
16
67
1
123
119
4
142
15
101
193
16
67
1
123
119
4
142
15
101
193
16
67
1
123
119
4
142
15
101
193
16
67
1
123
119
4
142
15
101
193
16
67
1
123
119
4
142
15
101
193
16
67
1
123
119
4
142
15
101
193
16
67
1
123
119
4
142
15
101
193
16
67
1
123
119
4
142
15
101
193
16
67
1
123
119
4
142
15
101
193
16
67
1
123
119
4
142
15
101
193
16
67
1
123
119
4
142
15
101
193
16
67
1
123
119
4
142
15
101
193
16
67
1
123
119
4
142
15
101
193
16
67
1
123
119
4
142
15
101
193
16
67
1
123
119
4
142
15
101
193
16
67
1
123
119
4
142
15
101
193
16
67
1
123
119
4
142
15
101
193
16
67
1
123
119
4
142
15
101
193
16
67
1
123
119
4
142
15
101
193
16
67
1
123
119
4
142
15
101
193
16
67
1
123
119
4
142
15
101
193
16
67
1
123
119
4
142
15
101
193
16
67
1
123
119
4
142
15
101
193
16
67
1
123
119
4
142
15
101
193
16
67
1
123
119
4
142
15
101
193
16
67
1
123
119
4
142
15
101
193
16
67
1
123
119
4
142
15
101
193
16
67
1
123
119
4
142
15
101
193
16
67
1
123
119
4
142
15
101
193
16
67
1
123
119
4
142
15
101
193
16
67
1
123
119
4
142
15
101
193
16
67
1
123
119
4
142
15
101
193
16
67
1
123
119
4
142
15
101
193