16
67
123
119
4
57
142
15
101
193
16
67
123
119
4
57
142
15
101
193
16
67
123
119
4
57
142
15
101
193
16
67
123
119
4
57
142
15
101
193
16
67
123
119
4
57
142
15
101
193
16
67
123
119
4
57
142
15
101
193
16
67
123
119
4
57
142
15
101
193
16
67
123
119
4
57
142
15
101
193
16
67
123
119
4
57
142
15
101
193
16
67
123
119
4
57
142
15
101
193
16
67
123
119
4
57
142
15
101
193
16
67
123
119
4
57
142
15
101
193
16
67
123
119
4
57
142
15
101
193
16
67
123
119
4
57
142
15
101
193
16
67
123
119
4
57
142
15
101
193
16
67
123
119
4
57
142
15
101
193
16
67
123
119
4
57
142
15
101
193
16
67
123
119
4
57
142
15
101
193
16
67
123
119
4
57
142
15
101
193
16
67
123
119
4
57
142
15
101
193
16
67
123
119
4
57
142
15
101
193
16
67
123
119
4
57
142
15
101
193
16
67
123
119
4
57
142
15
101
193
16
67
123
119
4
57
142
15
101
193
16
67
123
119
4
57
142
15
101
193
16
67
123
119
4
57
142
15
101
193
16
67
123
119
4
57
142
15
101
193
16
67
123
119
4
57
142
15
101
193
16
67
123
119
4
57
142
15
101
193
16
67
123
119
4
57
142
15
101
193
16
67
123
119
4
57
142
15
101
193
16
67
123
119
4
57
142
15
101
193
16
67
123
119
4
57
142
15
101
193
16
67
123
119
4
57
142
15
101
193
16
67
123
119
4
57
142
15
101
193
16
67
123
119
4
57
142
15
101
193
16
67
123
119
4
57
142
15
101
193
16
67
123
119
4
57
142
15
101
193
16
67
123
119
4
57
142
15
101
193
16
67
123
119
4
57
142
15
101
193
16
67
123
119
4
57
142
15
101
193
16
67
123
119
4
57
142
15
101
193
16
67
123
119
4
57
142
15
101
193
16
67
123
119
4
57
142
15
101
193
16
67
123
119
4
57
142
15
101
193
16
67
123
119
4
57
142
15
101
193
16
67
123
119
4
57
142
15
101
193
16
67
123
119
4
57
142
15
101
193
16
67
123
119
4
57
142
15
101
193
16
67
123
119
4
57
142
15
101
193