16
67
1
12
123
4
57
142
15
101
16
67
1
12
123
4
57
142
15
101
16
67
1
12
123
4
57
142
15
101
16
67
1
12
123
4
57
142
15
101
16
67
1
12
123
4
57
142
15
101
16
67
1
12
123
4
57
142
15
101
16
67
1
12
123
4
57
142
15
101
16
67
1
12
123
4
57
142
15
101
16
67
1
12
123
4
57
142
15
101
16
67
1
12
123
4
57
142
15
101
16
67
1
12
123
4
57
142
15
101
16
67
1
12
123
4
57
142
15
101
16
67
1
12
123
4
57
142
15
101
16
67
1
12
123
4
57
142
15
101
16
67
1
12
123
4
57
142
15
101
16
67
1
12
123
4
57
142
15
101
16
67
1
12
123
4
57
142
15
101
16
67
1
12
123
4
57
142
15
101
16
67
1
12
123
4
57
142
15
101
16
67
1
12
123
4
57
142
15
101
16
67
1
12
123
4
57
142
15
101
16
67
1
12
123
4
57
142
15
101
16
67
1
12
123
4
57
142
15
101
16
67
1
12
123
4
57
142
15
101
16
67
1
12
123
4
57
142
15
101
16
67
1
12
123
4
57
142
15
101
16
67
1
12
123
4
57
142
15
101
16
67
1
12
123
4
57
142
15
101
16
67
1
12
123
4
57
142
15
101
16
67
1
12
123
4
57
142
15
101
16
67
1
12
123
4
57
142
15
101
16
67
1
12
123
4
57
142
15
101
16
67
1
12
123
4
57
142
15
101
16
67
1
12
123
4
57
142
15
101
16
67
1
12
123
4
57
142
15
101
16
67
1
12
123
4
57
142
15
101
16
67
1
12
123
4
57
142
15
101
16
67
1
12
123
4
57
142
15
101
16
67
1
12
123
4
57
142
15
101
16
67
1
12
123
4
57
142
15
101
16
67
1
12
123
4
57
142
15
101
16
67
1
12
123
4
57
142
15
101
16
67
1
12
123
4
57
142
15
101
16
67
1
12
123
4
57
142
15
101
16
67
1
12
123
4
57
142
15
101
16
67
1
12
123
4
57
142
15
101
16
67
1
12
123
4
57
142
15
101
16
67
1
12
123
4
57
142
15
101
16
67
1
12
123
4
57
142
15
101
16
67
1
12
123
4
57
142
15
101