16
1
12
123
119
4
142
15
101
193
16
1
12
123
119
4
142
15
101
193
16
1
12
123
119
4
142
15
101
193
16
1
12
123
119
4
142
15
101
193
16
1
12
123
119
4
142
15
101
193
16
1
12
123
119
4
142
15
101
193
16
1
12
123
119
4
142
15
101
193
16
1
12
123
119
4
142
15
101
193
16
1
12
123
119
4
142
15
101
193
16
1
12
123
119
4
142
15
101
193
16
1
12
123
119
4
142
15
101
193
16
1
12
123
119
4
142
15
101
193
16
1
12
123
119
4
142
15
101
193
16
1
12
123
119
4
142
15
101
193
16
1
12
123
119
4
142
15
101
193
16
1
12
123
119
4
142
15
101
193
16
1
12
123
119
4
142
15
101
193
16
1
12
123
119
4
142
15
101
193
16
1
12
123
119
4
142
15
101
193
16
1
12
123
119
4
142
15
101
193
16
1
12
123
119
4
142
15
101
193
16
1
12
123
119
4
142
15
101
193
16
1
12
123
119
4
142
15
101
193
16
1
12
123
119
4
142
15
101
193
16
1
12
123
119
4
142
15
101
193
16
1
12
123
119
4
142
15
101
193
16
1
12
123
119
4
142
15
101
193
16
1
12
123
119
4
142
15
101
193
16
1
12
123
119
4
142
15
101
193
16
1
12
123
119
4
142
15
101
193
16
1
12
123
119
4
142
15
101
193
16
1
12
123
119
4
142
15
101
193
16
1
12
123
119
4
142
15
101
193
16
1
12
123
119
4
142
15
101
193
16
1
12
123
119
4
142
15
101
193
16
1
12
123
119
4
142
15
101
193
16
1
12
123
119
4
142
15
101
193
16
1
12
123
119
4
142
15
101
193
16
1
12
123
119
4
142
15
101
193
16
1
12
123
119
4
142
15
101
193
16
1
12
123
119
4
142
15
101
193
16
1
12
123
119
4
142
15
101
193
16
1
12
123
119
4
142
15
101
193
16
1
12
123
119
4
142
15
101
193
16
1
12
123
119
4
142
15
101
193
16
1
12
123
119
4
142
15
101
193
16
1
12
123
119
4
142
15
101
193
16
1
12
123
119
4
142
15
101
193
16
1
12
123
119
4
142
15
101
193
16
1
12
123
119
4
142
15
101
193