16
67
1
123
119
4
57
15
101
193
16
67
1
123
119
4
57
15
101
193
16
67
1
123
119
4
57
15
101
193
16
67
1
123
119
4
57
15
101
193
16
67
1
123
119
4
57
15
101
193
16
67
1
123
119
4
57
15
101
193
16
67
1
123
119
4
57
15
101
193
16
67
1
123
119
4
57
15
101
193
16
67
1
123
119
4
57
15
101
193
16
67
1
123
119
4
57
15
101
193
16
67
1
123
119
4
57
15
101
193
16
67
1
123
119
4
57
15
101
193
16
67
1
123
119
4
57
15
101
193
16
67
1
123
119
4
57
15
101
193
16
67
1
123
119
4
57
15
101
193
16
67
1
123
119
4
57
15
101
193
16
67
1
123
119
4
57
15
101
193
16
67
1
123
119
4
57
15
101
193
16
67
1
123
119
4
57
15
101
193
16
67
1
123
119
4
57
15
101
193
16
67
1
123
119
4
57
15
101
193
16
67
1
123
119
4
57
15
101
193
16
67
1
123
119
4
57
15
101
193
16
67
1
123
119
4
57
15
101
193
16
67
1
123
119
4
57
15
101
193
16
67
1
123
119
4
57
15
101
193
16
67
1
123
119
4
57
15
101
193
16
67
1
123
119
4
57
15
101
193
16
67
1
123
119
4
57
15
101
193
16
67
1
123
119
4
57
15
101
193
16
67
1
123
119
4
57
15
101
193
16
67
1
123
119
4
57
15
101
193
16
67
1
123
119
4
57
15
101
193
16
67
1
123
119
4
57
15
101
193
16
67
1
123
119
4
57
15
101
193
16
67
1
123
119
4
57
15
101
193
16
67
1
123
119
4
57
15
101
193
16
67
1
123
119
4
57
15
101
193
16
67
1
123
119
4
57
15
101
193
16
67
1
123
119
4
57
15
101
193
16
67
1
123
119
4
57
15
101
193
16
67
1
123
119
4
57
15
101
193
16
67
1
123
119
4
57
15
101
193
16
67
1
123
119
4
57
15
101
193
16
67
1
123
119
4
57
15
101
193
16
67
1
123
119
4
57
15
101
193
16
67
1
123
119
4
57
15
101
193
16
67
1
123
119
4
57
15
101
193
16
67
1
123
119
4
57
15
101
193
16
67
1
123
119
4
57
15
101
193