67
1
4
101
142
147
119
12
57
123
67
1
4
101
142
147
119
12
57
123
67
1
4
101
142
147
119
12
57
123
67
1
4
101
142
147
119
12
57
123
67
1
4
101
142
147
119
12
57
123
67
1
4
101
142
147
119
12
57
123
67
1
4
101
142
147
119
12
57
123
67
1
4
101
142
147
119
12
57
123
67
1
4
101
142
147
119
12
57
123
67
1
4
101
142
147
119
12
57
123
67
1
4
101
142
147
119
12
57
123
67
1
4
101
142
147
119
12
57
123
67
1
4
101
142
147
119
12
57
123
67
1
4
101
142
147
119
12
57
123
67
1
4
101
142
147
119
12
57
123
67
1
4
101
142
147
119
12
57
123
67
1
4
101
142
147
119
12
57
123
67
1
4
101
142
147
119
12
57
123
67
1
4
101
142
147
119
12
57
123
67
1
4
101
142
147
119
12
57
123
67
1
4
101
142
147
119
12
57
123
67
1
4
101
142
147
119
12
57
123
67
1
4
101
142
147
119
12
57
123
67
1
4
101
142
147
119
12
57
123
67
1
4
101
142
147
119
12
57
123
67
1
4
101
142
147
119
12
57
123
67
1
4
101
142
147
119
12
57
123
67
1
4
101
142
147
119
12
57
123
67
1
4
101
142
147
119
12
57
123
67
1
4
101
142
147
119
12
57
123
67
1
4
101
142
147
119
12
57
123
67
1
4
101
142
147
119
12
57
123
67
1
4
101
142
147
119
12
57
123
67
1
4
101
142
147
119
12
57
123
67
1
4
101
142
147
119
12
57
123
67
1
4
101
142
147
119
12
57
123
67
1
4
101
142
147
119
12
57
123
67
1
4
101
142
147
119
12
57
123
67
1
4
101
142
147
119
12
57
123
67
1
4
101
142
147
119
12
57
123
67
1
4
101
142
147
119
12
57
123
67
1
4
101
142
147
119
12
57
123
67
1
4
101
142
147
119
12
57
123
67
1
4
101
142
147
119
12
57
123
67
1
4
101
142
147
119
12
57
123
67
1
4
101
142
147
119
12
57
123
67
1
4
101
142
147
119
12
57
123
67
1
4
101
142
147
119
12
57
123
67
1
4
101
142
147
119
12
57
123
67
1
4
101
142
147
119
12
57
123