4
1
57
154
193
101
147
67
12
142
4
1
57
154
193
101
147
67
12
142
4
1
57
154
193
101
147
67
12
142
4
1
57
154
193
101
147
67
12
142
4
1
57
154
193
101
147
67
12
142
4
1
57
154
193
101
147
67
12
142
4
1
57
154
193
101
147
67
12
142
4
1
57
154
193
101
147
67
12
142
4
1
57
154
193
101
147
67
12
142
4
1
57
154
193
101
147
67
12
142
4
1
57
154
193
101
147
67
12
142
4
1
57
154
193
101
147
67
12
142
4
1
57
154
193
101
147
67
12
142
4
1
57
154
193
101
147
67
12
142
4
1
57
154
193
101
147
67
12
142
4
1
57
154
193
101
147
67
12
142
4
1
57
154
193
101
147
67
12
142
4
1
57
154
193
101
147
67
12
142
4
1
57
154
193
101
147
67
12
142
4
1
57
154
193
101
147
67
12
142
4
1
57
154
193
101
147
67
12
142
4
1
57
154
193
101
147
67
12
142
4
1
57
154
193
101
147
67
12
142
4
1
57
154
193
101
147
67
12
142
4
1
57
154
193
101
147
67
12
142
4
1
57
154
193
101
147
67
12
142
4
1
57
154
193
101
147
67
12
142
4
1
57
154
193
101
147
67
12
142
4
1
57
154
193
101
147
67
12
142
4
1
57
154
193
101
147
67
12
142
4
1
57
154
193
101
147
67
12
142
4
1
57
154
193
101
147
67
12
142
4
1
57
154
193
101
147
67
12
142
4
1
57
154
193
101
147
67
12
142
4
1
57
154
193
101
147
67
12
142
4
1
57
154
193
101
147
67
12
142
4
1
57
154
193
101
147
67
12
142
4
1
57
154
193
101
147
67
12
142
4
1
57
154
193
101
147
67
12
142
4
1
57
154
193
101
147
67
12
142
4
1
57
154
193
101
147
67
12
142
4
1
57
154
193
101
147
67
12
142
4
1
57
154
193
101
147
67
12
142
4
1
57
154
193
101
147
67
12
142
4
1
57
154
193
101
147
67
12
142
4
1
57
154
193
101
147
67
12
142
4
1
57
154
193
101
147
67
12
142
4
1
57
154
193
101
147
67
12
142
4
1
57
154
193
101
147
67
12
142
4
1
57
154
193
101
147
67
12
142