67
101
12
16
147
123
13
1
119
142
67
101
12
16
147
123
13
1
119
142
67
101
12
16
147
123
13
1
119
142
67
101
12
16
147
123
13
1
119
142
67
101
12
16
147
123
13
1
119
142
67
101
12
16
147
123
13
1
119
142
67
101
12
16
147
123
13
1
119
142
67
101
12
16
147
123
13
1
119
142
67
101
12
16
147
123
13
1
119
142
67
101
12
16
147
123
13
1
119
142
67
101
12
16
147
123
13
1
119
142
67
101
12
16
147
123
13
1
119
142
67
101
12
16
147
123
13
1
119
142
67
101
12
16
147
123
13
1
119
142
67
101
12
16
147
123
13
1
119
142
67
101
12
16
147
123
13
1
119
142
67
101
12
16
147
123
13
1
119
142
67
101
12
16
147
123
13
1
119
142
67
101
12
16
147
123
13
1
119
142
67
101
12
16
147
123
13
1
119
142
67
101
12
16
147
123
13
1
119
142
67
101
12
16
147
123
13
1
119
142
67
101
12
16
147
123
13
1
119
142
67
101
12
16
147
123
13
1
119
142
67
101
12
16
147
123
13
1
119
142
67
101
12
16
147
123
13
1
119
142
67
101
12
16
147
123
13
1
119
142
67
101
12
16
147
123
13
1
119
142
67
101
12
16
147
123
13
1
119
142
67
101
12
16
147
123
13
1
119
142
67
101
12
16
147
123
13
1
119
142
67
101
12
16
147
123
13
1
119
142
67
101
12
16
147
123
13
1
119
142
67
101
12
16
147
123
13
1
119
142
67
101
12
16
147
123
13
1
119
142
67
101
12
16
147
123
13
1
119
142
67
101
12
16
147
123
13
1
119
142
67
101
12
16
147
123
13
1
119
142
67
101
12
16
147
123
13
1
119
142
67
101
12
16
147
123
13
1
119
142
67
101
12
16
147
123
13
1
119
142
67
101
12
16
147
123
13
1
119
142
67
101
12
16
147
123
13
1
119
142
67
101
12
16
147
123
13
1
119
142
67
101
12
16
147
123
13
1
119
142
67
101
12
16
147
123
13
1
119
142
67
101
12
16
147
123
13
1
119
142
67
101
12
16
147
123
13
1
119
142
67
101
12
16
147
123
13
1
119
142
67
101
12
16
147
123
13
1
119
142