123
1
4
154
12
142
67
16
57
147
123
1
4
154
12
142
67
16
57
147
123
1
4
154
12
142
67
16
57
147
123
1
4
154
12
142
67
16
57
147
123
1
4
154
12
142
67
16
57
147
123
1
4
154
12
142
67
16
57
147
123
1
4
154
12
142
67
16
57
147
123
1
4
154
12
142
67
16
57
147
123
1
4
154
12
142
67
16
57
147
123
1
4
154
12
142
67
16
57
147
123
1
4
154
12
142
67
16
57
147
123
1
4
154
12
142
67
16
57
147
123
1
4
154
12
142
67
16
57
147
123
1
4
154
12
142
67
16
57
147
123
1
4
154
12
142
67
16
57
147
123
1
4
154
12
142
67
16
57
147
123
1
4
154
12
142
67
16
57
147
123
1
4
154
12
142
67
16
57
147
123
1
4
154
12
142
67
16
57
147
123
1
4
154
12
142
67
16
57
147
123
1
4
154
12
142
67
16
57
147
123
1
4
154
12
142
67
16
57
147
123
1
4
154
12
142
67
16
57
147
123
1
4
154
12
142
67
16
57
147
123
1
4
154
12
142
67
16
57
147
123
1
4
154
12
142
67
16
57
147
123
1
4
154
12
142
67
16
57
147
123
1
4
154
12
142
67
16
57
147
123
1
4
154
12
142
67
16
57
147
123
1
4
154
12
142
67
16
57
147
123
1
4
154
12
142
67
16
57
147
123
1
4
154
12
142
67
16
57
147
123
1
4
154
12
142
67
16
57
147
123
1
4
154
12
142
67
16
57
147
123
1
4
154
12
142
67
16
57
147
123
1
4
154
12
142
67
16
57
147
123
1
4
154
12
142
67
16
57
147
123
1
4
154
12
142
67
16
57
147
123
1
4
154
12
142
67
16
57
147
123
1
4
154
12
142
67
16
57
147
123
1
4
154
12
142
67
16
57
147
123
1
4
154
12
142
67
16
57
147
123
1
4
154
12
142
67
16
57
147
123
1
4
154
12
142
67
16
57
147
123
1
4
154
12
142
67
16
57
147
123
1
4
154
12
142
67
16
57
147
123
1
4
154
12
142
67
16
57
147
123
1
4
154
12
142
67
16
57
147
123
1
4
154
12
142
67
16
57
147
123
1
4
154
12
142
67
16
57
147