1
119
147
57
142
4
193
67
12
123
1
119
147
57
142
4
193
67
12
123
1
119
147
57
142
4
193
67
12
123
1
119
147
57
142
4
193
67
12
123
1
119
147
57
142
4
193
67
12
123
1
119
147
57
142
4
193
67
12
123
1
119
147
57
142
4
193
67
12
123
1
119
147
57
142
4
193
67
12
123
1
119
147
57
142
4
193
67
12
123
1
119
147
57
142
4
193
67
12
123
1
119
147
57
142
4
193
67
12
123
1
119
147
57
142
4
193
67
12
123
1
119
147
57
142
4
193
67
12
123
1
119
147
57
142
4
193
67
12
123
1
119
147
57
142
4
193
67
12
123
1
119
147
57
142
4
193
67
12
123
1
119
147
57
142
4
193
67
12
123
1
119
147
57
142
4
193
67
12
123
1
119
147
57
142
4
193
67
12
123
1
119
147
57
142
4
193
67
12
123
1
119
147
57
142
4
193
67
12
123
1
119
147
57
142
4
193
67
12
123
1
119
147
57
142
4
193
67
12
123
1
119
147
57
142
4
193
67
12
123
1
119
147
57
142
4
193
67
12
123
1
119
147
57
142
4
193
67
12
123
1
119
147
57
142
4
193
67
12
123
1
119
147
57
142
4
193
67
12
123
1
119
147
57
142
4
193
67
12
123
1
119
147
57
142
4
193
67
12
123
1
119
147
57
142
4
193
67
12
123
1
119
147
57
142
4
193
67
12
123
1
119
147
57
142
4
193
67
12
123
1
119
147
57
142
4
193
67
12
123
1
119
147
57
142
4
193
67
12
123
1
119
147
57
142
4
193
67
12
123
1
119
147
57
142
4
193
67
12
123
1
119
147
57
142
4
193
67
12
123
1
119
147
57
142
4
193
67
12
123
1
119
147
57
142
4
193
67
12
123
1
119
147
57
142
4
193
67
12
123
1
119
147
57
142
4
193
67
12
123
1
119
147
57
142
4
193
67
12
123
1
119
147
57
142
4
193
67
12
123
1
119
147
57
142
4
193
67
12
123
1
119
147
57
142
4
193
67
12
123
1
119
147
57
142
4
193
67
12
123
1
119
147
57
142
4
193
67
12
123
1
119
147
57
142
4
193
67
12
123
1
119
147
57
142
4
193
67
12
123