101
193
147
154
142
16
13
1
57
12
101
193
147
154
142
16
13
1
57
12
101
193
147
154
142
16
13
1
57
12
101
193
147
154
142
16
13
1
57
12
101
193
147
154
142
16
13
1
57
12
101
193
147
154
142
16
13
1
57
12
101
193
147
154
142
16
13
1
57
12
101
193
147
154
142
16
13
1
57
12
101
193
147
154
142
16
13
1
57
12
101
193
147
154
142
16
13
1
57
12
101
193
147
154
142
16
13
1
57
12
101
193
147
154
142
16
13
1
57
12
101
193
147
154
142
16
13
1
57
12
101
193
147
154
142
16
13
1
57
12
101
193
147
154
142
16
13
1
57
12
101
193
147
154
142
16
13
1
57
12
101
193
147
154
142
16
13
1
57
12
101
193
147
154
142
16
13
1
57
12
101
193
147
154
142
16
13
1
57
12
101
193
147
154
142
16
13
1
57
12
101
193
147
154
142
16
13
1
57
12
101
193
147
154
142
16
13
1
57
12
101
193
147
154
142
16
13
1
57
12
101
193
147
154
142
16
13
1
57
12
101
193
147
154
142
16
13
1
57
12
101
193
147
154
142
16
13
1
57
12
101
193
147
154
142
16
13
1
57
12
101
193
147
154
142
16
13
1
57
12
101
193
147
154
142
16
13
1
57
12
101
193
147
154
142
16
13
1
57
12
101
193
147
154
142
16
13
1
57
12
101
193
147
154
142
16
13
1
57
12
101
193
147
154
142
16
13
1
57
12
101
193
147
154
142
16
13
1
57
12
101
193
147
154
142
16
13
1
57
12
101
193
147
154
142
16
13
1
57
12
101
193
147
154
142
16
13
1
57
12
101
193
147
154
142
16
13
1
57
12
101
193
147
154
142
16
13
1
57
12
101
193
147
154
142
16
13
1
57
12
101
193
147
154
142
16
13
1
57
12
101
193
147
154
142
16
13
1
57
12
101
193
147
154
142
16
13
1
57
12
101
193
147
154
142
16
13
1
57
12
101
193
147
154
142
16
13
1
57
12
101
193
147
154
142
16
13
1
57
12
101
193
147
154
142
16
13
1
57
12
101
193
147
154
142
16
13
1
57
12
101
193
147
154
142
16
13
1
57
12
101
193
147
154
142
16
13
1
57
12