123
13
154
147
1
142
193
57
67
119
123
13
154
147
1
142
193
57
67
119
123
13
154
147
1
142
193
57
67
119
123
13
154
147
1
142
193
57
67
119
123
13
154
147
1
142
193
57
67
119
123
13
154
147
1
142
193
57
67
119
123
13
154
147
1
142
193
57
67
119
123
13
154
147
1
142
193
57
67
119
123
13
154
147
1
142
193
57
67
119
123
13
154
147
1
142
193
57
67
119
123
13
154
147
1
142
193
57
67
119
123
13
154
147
1
142
193
57
67
119
123
13
154
147
1
142
193
57
67
119
123
13
154
147
1
142
193
57
67
119
123
13
154
147
1
142
193
57
67
119
123
13
154
147
1
142
193
57
67
119
123
13
154
147
1
142
193
57
67
119
123
13
154
147
1
142
193
57
67
119
123
13
154
147
1
142
193
57
67
119
123
13
154
147
1
142
193
57
67
119
123
13
154
147
1
142
193
57
67
119
123
13
154
147
1
142
193
57
67
119
123
13
154
147
1
142
193
57
67
119
123
13
154
147
1
142
193
57
67
119
123
13
154
147
1
142
193
57
67
119
123
13
154
147
1
142
193
57
67
119
123
13
154
147
1
142
193
57
67
119
123
13
154
147
1
142
193
57
67
119
123
13
154
147
1
142
193
57
67
119
123
13
154
147
1
142
193
57
67
119
123
13
154
147
1
142
193
57
67
119
123
13
154
147
1
142
193
57
67
119
123
13
154
147
1
142
193
57
67
119
123
13
154
147
1
142
193
57
67
119
123
13
154
147
1
142
193
57
67
119
123
13
154
147
1
142
193
57
67
119
123
13
154
147
1
142
193
57
67
119
123
13
154
147
1
142
193
57
67
119
123
13
154
147
1
142
193
57
67
119
123
13
154
147
1
142
193
57
67
119
123
13
154
147
1
142
193
57
67
119
123
13
154
147
1
142
193
57
67
119
123
13
154
147
1
142
193
57
67
119
123
13
154
147
1
142
193
57
67
119
123
13
154
147
1
142
193
57
67
119
123
13
154
147
1
142
193
57
67
119
123
13
154
147
1
142
193
57
67
119
123
13
154
147
1
142
193
57
67
119
123
13
154
147
1
142
193
57
67
119
123
13
154
147
1
142
193
57
67
119