123
67
193
147
13
101
154
16
119
4
123
67
193
147
13
101
154
16
119
4
123
67
193
147
13
101
154
16
119
4
123
67
193
147
13
101
154
16
119
4
123
67
193
147
13
101
154
16
119
4
123
67
193
147
13
101
154
16
119
4
123
67
193
147
13
101
154
16
119
4
123
67
193
147
13
101
154
16
119
4
123
67
193
147
13
101
154
16
119
4
123
67
193
147
13
101
154
16
119
4
123
67
193
147
13
101
154
16
119
4
123
67
193
147
13
101
154
16
119
4
123
67
193
147
13
101
154
16
119
4
123
67
193
147
13
101
154
16
119
4
123
67
193
147
13
101
154
16
119
4
123
67
193
147
13
101
154
16
119
4
123
67
193
147
13
101
154
16
119
4
123
67
193
147
13
101
154
16
119
4
123
67
193
147
13
101
154
16
119
4
123
67
193
147
13
101
154
16
119
4
123
67
193
147
13
101
154
16
119
4
123
67
193
147
13
101
154
16
119
4
123
67
193
147
13
101
154
16
119
4
123
67
193
147
13
101
154
16
119
4
123
67
193
147
13
101
154
16
119
4
123
67
193
147
13
101
154
16
119
4
123
67
193
147
13
101
154
16
119
4
123
67
193
147
13
101
154
16
119
4
123
67
193
147
13
101
154
16
119
4
123
67
193
147
13
101
154
16
119
4
123
67
193
147
13
101
154
16
119
4
123
67
193
147
13
101
154
16
119
4
123
67
193
147
13
101
154
16
119
4
123
67
193
147
13
101
154
16
119
4
123
67
193
147
13
101
154
16
119
4
123
67
193
147
13
101
154
16
119
4
123
67
193
147
13
101
154
16
119
4
123
67
193
147
13
101
154
16
119
4
123
67
193
147
13
101
154
16
119
4
123
67
193
147
13
101
154
16
119
4
123
67
193
147
13
101
154
16
119
4
123
67
193
147
13
101
154
16
119
4
123
67
193
147
13
101
154
16
119
4
123
67
193
147
13
101
154
16
119
4
123
67
193
147
13
101
154
16
119
4
123
67
193
147
13
101
154
16
119
4
123
67
193
147
13
101
154
16
119
4
123
67
193
147
13
101
154
16
119
4
123
67
193
147
13
101
154
16
119
4
123
67
193
147
13
101
154
16
119
4