16
119
12
1
101
13
67
193
147
142
16
119
12
1
101
13
67
193
147
142
16
119
12
1
101
13
67
193
147
142
16
119
12
1
101
13
67
193
147
142
16
119
12
1
101
13
67
193
147
142
16
119
12
1
101
13
67
193
147
142
16
119
12
1
101
13
67
193
147
142
16
119
12
1
101
13
67
193
147
142
16
119
12
1
101
13
67
193
147
142
16
119
12
1
101
13
67
193
147
142
16
119
12
1
101
13
67
193
147
142
16
119
12
1
101
13
67
193
147
142
16
119
12
1
101
13
67
193
147
142
16
119
12
1
101
13
67
193
147
142
16
119
12
1
101
13
67
193
147
142
16
119
12
1
101
13
67
193
147
142
16
119
12
1
101
13
67
193
147
142
16
119
12
1
101
13
67
193
147
142
16
119
12
1
101
13
67
193
147
142
16
119
12
1
101
13
67
193
147
142
16
119
12
1
101
13
67
193
147
142
16
119
12
1
101
13
67
193
147
142
16
119
12
1
101
13
67
193
147
142
16
119
12
1
101
13
67
193
147
142
16
119
12
1
101
13
67
193
147
142
16
119
12
1
101
13
67
193
147
142
16
119
12
1
101
13
67
193
147
142
16
119
12
1
101
13
67
193
147
142
16
119
12
1
101
13
67
193
147
142
16
119
12
1
101
13
67
193
147
142
16
119
12
1
101
13
67
193
147
142
16
119
12
1
101
13
67
193
147
142
16
119
12
1
101
13
67
193
147
142
16
119
12
1
101
13
67
193
147
142
16
119
12
1
101
13
67
193
147
142
16
119
12
1
101
13
67
193
147
142
16
119
12
1
101
13
67
193
147
142
16
119
12
1
101
13
67
193
147
142
16
119
12
1
101
13
67
193
147
142
16
119
12
1
101
13
67
193
147
142
16
119
12
1
101
13
67
193
147
142
16
119
12
1
101
13
67
193
147
142
16
119
12
1
101
13
67
193
147
142
16
119
12
1
101
13
67
193
147
142
16
119
12
1
101
13
67
193
147
142
16
119
12
1
101
13
67
193
147
142
16
119
12
1
101
13
67
193
147
142
16
119
12
1
101
13
67
193
147
142
16
119
12
1
101
13
67
193
147
142
16
119
12
1
101
13
67
193
147
142