1
101
123
142
154
193
67
4
13
119
1
101
123
142
154
193
67
4
13
119
1
101
123
142
154
193
67
4
13
119
1
101
123
142
154
193
67
4
13
119
1
101
123
142
154
193
67
4
13
119
1
101
123
142
154
193
67
4
13
119
1
101
123
142
154
193
67
4
13
119
1
101
123
142
154
193
67
4
13
119
1
101
123
142
154
193
67
4
13
119
1
101
123
142
154
193
67
4
13
119
1
101
123
142
154
193
67
4
13
119
1
101
123
142
154
193
67
4
13
119
1
101
123
142
154
193
67
4
13
119
1
101
123
142
154
193
67
4
13
119
1
101
123
142
154
193
67
4
13
119
1
101
123
142
154
193
67
4
13
119
1
101
123
142
154
193
67
4
13
119
1
101
123
142
154
193
67
4
13
119
1
101
123
142
154
193
67
4
13
119
1
101
123
142
154
193
67
4
13
119
1
101
123
142
154
193
67
4
13
119
1
101
123
142
154
193
67
4
13
119
1
101
123
142
154
193
67
4
13
119
1
101
123
142
154
193
67
4
13
119
1
101
123
142
154
193
67
4
13
119
1
101
123
142
154
193
67
4
13
119
1
101
123
142
154
193
67
4
13
119
1
101
123
142
154
193
67
4
13
119
1
101
123
142
154
193
67
4
13
119
1
101
123
142
154
193
67
4
13
119
1
101
123
142
154
193
67
4
13
119
1
101
123
142
154
193
67
4
13
119
1
101
123
142
154
193
67
4
13
119
1
101
123
142
154
193
67
4
13
119
1
101
123
142
154
193
67
4
13
119
1
101
123
142
154
193
67
4
13
119
1
101
123
142
154
193
67
4
13
119
1
101
123
142
154
193
67
4
13
119
1
101
123
142
154
193
67
4
13
119
1
101
123
142
154
193
67
4
13
119
1
101
123
142
154
193
67
4
13
119
1
101
123
142
154
193
67
4
13
119
1
101
123
142
154
193
67
4
13
119
1
101
123
142
154
193
67
4
13
119
1
101
123
142
154
193
67
4
13
119
1
101
123
142
154
193
67
4
13
119
1
101
123
142
154
193
67
4
13
119
1
101
123
142
154
193
67
4
13
119
1
101
123
142
154
193
67
4
13
119
1
101
123
142
154
193
67
4
13
119