154
101
57
147
119
142
123
4
1
16
154
101
57
147
119
142
123
4
1
16
154
101
57
147
119
142
123
4
1
16
154
101
57
147
119
142
123
4
1
16
154
101
57
147
119
142
123
4
1
16
154
101
57
147
119
142
123
4
1
16
154
101
57
147
119
142
123
4
1
16
154
101
57
147
119
142
123
4
1
16
154
101
57
147
119
142
123
4
1
16
154
101
57
147
119
142
123
4
1
16
154
101
57
147
119
142
123
4
1
16
154
101
57
147
119
142
123
4
1
16
154
101
57
147
119
142
123
4
1
16
154
101
57
147
119
142
123
4
1
16
154
101
57
147
119
142
123
4
1
16
154
101
57
147
119
142
123
4
1
16
154
101
57
147
119
142
123
4
1
16
154
101
57
147
119
142
123
4
1
16
154
101
57
147
119
142
123
4
1
16
154
101
57
147
119
142
123
4
1
16
154
101
57
147
119
142
123
4
1
16
154
101
57
147
119
142
123
4
1
16
154
101
57
147
119
142
123
4
1
16
154
101
57
147
119
142
123
4
1
16
154
101
57
147
119
142
123
4
1
16
154
101
57
147
119
142
123
4
1
16
154
101
57
147
119
142
123
4
1
16
154
101
57
147
119
142
123
4
1
16
154
101
57
147
119
142
123
4
1
16
154
101
57
147
119
142
123
4
1
16
154
101
57
147
119
142
123
4
1
16
154
101
57
147
119
142
123
4
1
16
154
101
57
147
119
142
123
4
1
16
154
101
57
147
119
142
123
4
1
16
154
101
57
147
119
142
123
4
1
16
154
101
57
147
119
142
123
4
1
16
154
101
57
147
119
142
123
4
1
16
154
101
57
147
119
142
123
4
1
16
154
101
57
147
119
142
123
4
1
16
154
101
57
147
119
142
123
4
1
16
154
101
57
147
119
142
123
4
1
16
154
101
57
147
119
142
123
4
1
16
154
101
57
147
119
142
123
4
1
16
154
101
57
147
119
142
123
4
1
16
154
101
57
147
119
142
123
4
1
16
154
101
57
147
119
142
123
4
1
16
154
101
57
147
119
142
123
4
1
16
154
101
57
147
119
142
123
4
1
16
154
101
57
147
119
142
123
4
1
16
154
101
57
147
119
142
123
4
1
16