147
101
12
119
142
193
67
57
154
1
147
101
12
119
142
193
67
57
154
1
147
101
12
119
142
193
67
57
154
1
147
101
12
119
142
193
67
57
154
1
147
101
12
119
142
193
67
57
154
1
147
101
12
119
142
193
67
57
154
1
147
101
12
119
142
193
67
57
154
1
147
101
12
119
142
193
67
57
154
1
147
101
12
119
142
193
67
57
154
1
147
101
12
119
142
193
67
57
154
1
147
101
12
119
142
193
67
57
154
1
147
101
12
119
142
193
67
57
154
1
147
101
12
119
142
193
67
57
154
1
147
101
12
119
142
193
67
57
154
1
147
101
12
119
142
193
67
57
154
1
147
101
12
119
142
193
67
57
154
1
147
101
12
119
142
193
67
57
154
1
147
101
12
119
142
193
67
57
154
1
147
101
12
119
142
193
67
57
154
1
147
101
12
119
142
193
67
57
154
1
147
101
12
119
142
193
67
57
154
1
147
101
12
119
142
193
67
57
154
1
147
101
12
119
142
193
67
57
154
1
147
101
12
119
142
193
67
57
154
1
147
101
12
119
142
193
67
57
154
1
147
101
12
119
142
193
67
57
154
1
147
101
12
119
142
193
67
57
154
1
147
101
12
119
142
193
67
57
154
1
147
101
12
119
142
193
67
57
154
1
147
101
12
119
142
193
67
57
154
1
147
101
12
119
142
193
67
57
154
1
147
101
12
119
142
193
67
57
154
1
147
101
12
119
142
193
67
57
154
1
147
101
12
119
142
193
67
57
154
1
147
101
12
119
142
193
67
57
154
1
147
101
12
119
142
193
67
57
154
1
147
101
12
119
142
193
67
57
154
1
147
101
12
119
142
193
67
57
154
1
147
101
12
119
142
193
67
57
154
1
147
101
12
119
142
193
67
57
154
1
147
101
12
119
142
193
67
57
154
1
147
101
12
119
142
193
67
57
154
1
147
101
12
119
142
193
67
57
154
1
147
101
12
119
142
193
67
57
154
1
147
101
12
119
142
193
67
57
154
1
147
101
12
119
142
193
67
57
154
1
147
101
12
119
142
193
67
57
154
1
147
101
12
119
142
193
67
57
154
1
147
101
12
119
142
193
67
57
154
1
147
101
12
119
142
193
67
57
154
1