193
13
4
119
57
147
12
123
1
67
193
13
4
119
57
147
12
123
1
67
193
13
4
119
57
147
12
123
1
67
193
13
4
119
57
147
12
123
1
67
193
13
4
119
57
147
12
123
1
67
193
13
4
119
57
147
12
123
1
67
193
13
4
119
57
147
12
123
1
67
193
13
4
119
57
147
12
123
1
67
193
13
4
119
57
147
12
123
1
67
193
13
4
119
57
147
12
123
1
67
193
13
4
119
57
147
12
123
1
67
193
13
4
119
57
147
12
123
1
67
193
13
4
119
57
147
12
123
1
67
193
13
4
119
57
147
12
123
1
67
193
13
4
119
57
147
12
123
1
67
193
13
4
119
57
147
12
123
1
67
193
13
4
119
57
147
12
123
1
67
193
13
4
119
57
147
12
123
1
67
193
13
4
119
57
147
12
123
1
67
193
13
4
119
57
147
12
123
1
67
193
13
4
119
57
147
12
123
1
67
193
13
4
119
57
147
12
123
1
67
193
13
4
119
57
147
12
123
1
67
193
13
4
119
57
147
12
123
1
67
193
13
4
119
57
147
12
123
1
67
193
13
4
119
57
147
12
123
1
67
193
13
4
119
57
147
12
123
1
67
193
13
4
119
57
147
12
123
1
67
193
13
4
119
57
147
12
123
1
67
193
13
4
119
57
147
12
123
1
67
193
13
4
119
57
147
12
123
1
67
193
13
4
119
57
147
12
123
1
67
193
13
4
119
57
147
12
123
1
67
193
13
4
119
57
147
12
123
1
67
193
13
4
119
57
147
12
123
1
67
193
13
4
119
57
147
12
123
1
67
193
13
4
119
57
147
12
123
1
67
193
13
4
119
57
147
12
123
1
67
193
13
4
119
57
147
12
123
1
67
193
13
4
119
57
147
12
123
1
67
193
13
4
119
57
147
12
123
1
67
193
13
4
119
57
147
12
123
1
67
193
13
4
119
57
147
12
123
1
67
193
13
4
119
57
147
12
123
1
67
193
13
4
119
57
147
12
123
1
67
193
13
4
119
57
147
12
123
1
67
193
13
4
119
57
147
12
123
1
67
193
13
4
119
57
147
12
123
1
67
193
13
4
119
57
147
12
123
1
67
193
13
4
119
57
147
12
123
1
67