101
147
13
67
142
4
119
57
193
1
101
147
13
67
142
4
119
57
193
1
101
147
13
67
142
4
119
57
193
1
101
147
13
67
142
4
119
57
193
1
101
147
13
67
142
4
119
57
193
1
101
147
13
67
142
4
119
57
193
1
101
147
13
67
142
4
119
57
193
1
101
147
13
67
142
4
119
57
193
1
101
147
13
67
142
4
119
57
193
1
101
147
13
67
142
4
119
57
193
1
101
147
13
67
142
4
119
57
193
1
101
147
13
67
142
4
119
57
193
1
101
147
13
67
142
4
119
57
193
1
101
147
13
67
142
4
119
57
193
1
101
147
13
67
142
4
119
57
193
1
101
147
13
67
142
4
119
57
193
1
101
147
13
67
142
4
119
57
193
1
101
147
13
67
142
4
119
57
193
1
101
147
13
67
142
4
119
57
193
1
101
147
13
67
142
4
119
57
193
1
101
147
13
67
142
4
119
57
193
1
101
147
13
67
142
4
119
57
193
1
101
147
13
67
142
4
119
57
193
1
101
147
13
67
142
4
119
57
193
1
101
147
13
67
142
4
119
57
193
1
101
147
13
67
142
4
119
57
193
1
101
147
13
67
142
4
119
57
193
1
101
147
13
67
142
4
119
57
193
1
101
147
13
67
142
4
119
57
193
1
101
147
13
67
142
4
119
57
193
1
101
147
13
67
142
4
119
57
193
1
101
147
13
67
142
4
119
57
193
1
101
147
13
67
142
4
119
57
193
1
101
147
13
67
142
4
119
57
193
1
101
147
13
67
142
4
119
57
193
1
101
147
13
67
142
4
119
57
193
1
101
147
13
67
142
4
119
57
193
1
101
147
13
67
142
4
119
57
193
1
101
147
13
67
142
4
119
57
193
1
101
147
13
67
142
4
119
57
193
1
101
147
13
67
142
4
119
57
193
1
101
147
13
67
142
4
119
57
193
1
101
147
13
67
142
4
119
57
193
1
101
147
13
67
142
4
119
57
193
1
101
147
13
67
142
4
119
57
193
1
101
147
13
67
142
4
119
57
193
1
101
147
13
67
142
4
119
57
193
1
101
147
13
67
142
4
119
57
193
1
101
147
13
67
142
4
119
57
193
1
101
147
13
67
142
4
119
57
193
1