4
154
57
101
1
13
123
16
119
67
4
154
57
101
1
13
123
16
119
67
4
154
57
101
1
13
123
16
119
67
4
154
57
101
1
13
123
16
119
67
4
154
57
101
1
13
123
16
119
67
4
154
57
101
1
13
123
16
119
67
4
154
57
101
1
13
123
16
119
67
4
154
57
101
1
13
123
16
119
67
4
154
57
101
1
13
123
16
119
67
4
154
57
101
1
13
123
16
119
67
4
154
57
101
1
13
123
16
119
67
4
154
57
101
1
13
123
16
119
67
4
154
57
101
1
13
123
16
119
67
4
154
57
101
1
13
123
16
119
67
4
154
57
101
1
13
123
16
119
67
4
154
57
101
1
13
123
16
119
67
4
154
57
101
1
13
123
16
119
67
4
154
57
101
1
13
123
16
119
67
4
154
57
101
1
13
123
16
119
67
4
154
57
101
1
13
123
16
119
67
4
154
57
101
1
13
123
16
119
67
4
154
57
101
1
13
123
16
119
67
4
154
57
101
1
13
123
16
119
67
4
154
57
101
1
13
123
16
119
67
4
154
57
101
1
13
123
16
119
67
4
154
57
101
1
13
123
16
119
67
4
154
57
101
1
13
123
16
119
67
4
154
57
101
1
13
123
16
119
67
4
154
57
101
1
13
123
16
119
67
4
154
57
101
1
13
123
16
119
67
4
154
57
101
1
13
123
16
119
67
4
154
57
101
1
13
123
16
119
67
4
154
57
101
1
13
123
16
119
67
4
154
57
101
1
13
123
16
119
67
4
154
57
101
1
13
123
16
119
67
4
154
57
101
1
13
123
16
119
67
4
154
57
101
1
13
123
16
119
67
4
154
57
101
1
13
123
16
119
67
4
154
57
101
1
13
123
16
119
67
4
154
57
101
1
13
123
16
119
67
4
154
57
101
1
13
123
16
119
67
4
154
57
101
1
13
123
16
119
67
4
154
57
101
1
13
123
16
119
67
4
154
57
101
1
13
123
16
119
67
4
154
57
101
1
13
123
16
119
67
4
154
57
101
1
13
123
16
119
67
4
154
57
101
1
13
123
16
119
67
4
154
57
101
1
13
123
16
119
67
4
154
57
101
1
13
123
16
119
67
4
154
57
101
1
13
123
16
119
67