67
57
101
13
142
1
12
119
193
4
67
57
101
13
142
1
12
119
193
4
67
57
101
13
142
1
12
119
193
4
67
57
101
13
142
1
12
119
193
4
67
57
101
13
142
1
12
119
193
4
67
57
101
13
142
1
12
119
193
4
67
57
101
13
142
1
12
119
193
4
67
57
101
13
142
1
12
119
193
4
67
57
101
13
142
1
12
119
193
4
67
57
101
13
142
1
12
119
193
4
67
57
101
13
142
1
12
119
193
4
67
57
101
13
142
1
12
119
193
4
67
57
101
13
142
1
12
119
193
4
67
57
101
13
142
1
12
119
193
4
67
57
101
13
142
1
12
119
193
4
67
57
101
13
142
1
12
119
193
4
67
57
101
13
142
1
12
119
193
4
67
57
101
13
142
1
12
119
193
4
67
57
101
13
142
1
12
119
193
4
67
57
101
13
142
1
12
119
193
4
67
57
101
13
142
1
12
119
193
4
67
57
101
13
142
1
12
119
193
4
67
57
101
13
142
1
12
119
193
4
67
57
101
13
142
1
12
119
193
4
67
57
101
13
142
1
12
119
193
4
67
57
101
13
142
1
12
119
193
4
67
57
101
13
142
1
12
119
193
4
67
57
101
13
142
1
12
119
193
4
67
57
101
13
142
1
12
119
193
4
67
57
101
13
142
1
12
119
193
4
67
57
101
13
142
1
12
119
193
4
67
57
101
13
142
1
12
119
193
4
67
57
101
13
142
1
12
119
193
4
67
57
101
13
142
1
12
119
193
4
67
57
101
13
142
1
12
119
193
4
67
57
101
13
142
1
12
119
193
4
67
57
101
13
142
1
12
119
193
4
67
57
101
13
142
1
12
119
193
4
67
57
101
13
142
1
12
119
193
4
67
57
101
13
142
1
12
119
193
4
67
57
101
13
142
1
12
119
193
4
67
57
101
13
142
1
12
119
193
4
67
57
101
13
142
1
12
119
193
4
67
57
101
13
142
1
12
119
193
4
67
57
101
13
142
1
12
119
193
4
67
57
101
13
142
1
12
119
193
4
67
57
101
13
142
1
12
119
193
4
67
57
101
13
142
1
12
119
193
4
67
57
101
13
142
1
12
119
193
4
67
57
101
13
142
1
12
119
193
4