57
1
147
154
4
119
67
142
13
123
57
1
147
154
4
119
67
142
13
123
57
1
147
154
4
119
67
142
13
123
57
1
147
154
4
119
67
142
13
123
57
1
147
154
4
119
67
142
13
123
57
1
147
154
4
119
67
142
13
123
57
1
147
154
4
119
67
142
13
123
57
1
147
154
4
119
67
142
13
123
57
1
147
154
4
119
67
142
13
123
57
1
147
154
4
119
67
142
13
123
57
1
147
154
4
119
67
142
13
123
57
1
147
154
4
119
67
142
13
123
57
1
147
154
4
119
67
142
13
123
57
1
147
154
4
119
67
142
13
123
57
1
147
154
4
119
67
142
13
123
57
1
147
154
4
119
67
142
13
123
57
1
147
154
4
119
67
142
13
123
57
1
147
154
4
119
67
142
13
123
57
1
147
154
4
119
67
142
13
123
57
1
147
154
4
119
67
142
13
123
57
1
147
154
4
119
67
142
13
123
57
1
147
154
4
119
67
142
13
123
57
1
147
154
4
119
67
142
13
123
57
1
147
154
4
119
67
142
13
123
57
1
147
154
4
119
67
142
13
123
57
1
147
154
4
119
67
142
13
123
57
1
147
154
4
119
67
142
13
123
57
1
147
154
4
119
67
142
13
123
57
1
147
154
4
119
67
142
13
123
57
1
147
154
4
119
67
142
13
123
57
1
147
154
4
119
67
142
13
123
57
1
147
154
4
119
67
142
13
123
57
1
147
154
4
119
67
142
13
123
57
1
147
154
4
119
67
142
13
123
57
1
147
154
4
119
67
142
13
123
57
1
147
154
4
119
67
142
13
123
57
1
147
154
4
119
67
142
13
123
57
1
147
154
4
119
67
142
13
123
57
1
147
154
4
119
67
142
13
123
57
1
147
154
4
119
67
142
13
123
57
1
147
154
4
119
67
142
13
123
57
1
147
154
4
119
67
142
13
123
57
1
147
154
4
119
67
142
13
123
57
1
147
154
4
119
67
142
13
123
57
1
147
154
4
119
67
142
13
123
57
1
147
154
4
119
67
142
13
123
57
1
147
154
4
119
67
142
13
123
57
1
147
154
4
119
67
142
13
123
57
1
147
154
4
119
67
142
13
123
57
1
147
154
4
119
67
142
13
123