13
67
1
119
12
154
147
193
57
142
13
67
1
119
12
154
147
193
57
142
13
67
1
119
12
154
147
193
57
142
13
67
1
119
12
154
147
193
57
142
13
67
1
119
12
154
147
193
57
142
13
67
1
119
12
154
147
193
57
142
13
67
1
119
12
154
147
193
57
142
13
67
1
119
12
154
147
193
57
142
13
67
1
119
12
154
147
193
57
142
13
67
1
119
12
154
147
193
57
142
13
67
1
119
12
154
147
193
57
142
13
67
1
119
12
154
147
193
57
142
13
67
1
119
12
154
147
193
57
142
13
67
1
119
12
154
147
193
57
142
13
67
1
119
12
154
147
193
57
142
13
67
1
119
12
154
147
193
57
142
13
67
1
119
12
154
147
193
57
142
13
67
1
119
12
154
147
193
57
142
13
67
1
119
12
154
147
193
57
142
13
67
1
119
12
154
147
193
57
142
13
67
1
119
12
154
147
193
57
142
13
67
1
119
12
154
147
193
57
142
13
67
1
119
12
154
147
193
57
142
13
67
1
119
12
154
147
193
57
142
13
67
1
119
12
154
147
193
57
142
13
67
1
119
12
154
147
193
57
142
13
67
1
119
12
154
147
193
57
142
13
67
1
119
12
154
147
193
57
142
13
67
1
119
12
154
147
193
57
142
13
67
1
119
12
154
147
193
57
142
13
67
1
119
12
154
147
193
57
142
13
67
1
119
12
154
147
193
57
142
13
67
1
119
12
154
147
193
57
142
13
67
1
119
12
154
147
193
57
142
13
67
1
119
12
154
147
193
57
142
13
67
1
119
12
154
147
193
57
142
13
67
1
119
12
154
147
193
57
142
13
67
1
119
12
154
147
193
57
142
13
67
1
119
12
154
147
193
57
142
13
67
1
119
12
154
147
193
57
142
13
67
1
119
12
154
147
193
57
142
13
67
1
119
12
154
147
193
57
142
13
67
1
119
12
154
147
193
57
142
13
67
1
119
12
154
147
193
57
142
13
67
1
119
12
154
147
193
57
142
13
67
1
119
12
154
147
193
57
142
13
67
1
119
12
154
147
193
57
142
13
67
1
119
12
154
147
193
57
142
13
67
1
119
12
154
147
193
57
142
13
67
1
119
12
154
147
193
57
142