16
147
119
67
123
193
1
101
4
57
16
147
119
67
123
193
1
101
4
57
16
147
119
67
123
193
1
101
4
57
16
147
119
67
123
193
1
101
4
57
16
147
119
67
123
193
1
101
4
57
16
147
119
67
123
193
1
101
4
57
16
147
119
67
123
193
1
101
4
57
16
147
119
67
123
193
1
101
4
57
16
147
119
67
123
193
1
101
4
57
16
147
119
67
123
193
1
101
4
57
16
147
119
67
123
193
1
101
4
57
16
147
119
67
123
193
1
101
4
57
16
147
119
67
123
193
1
101
4
57
16
147
119
67
123
193
1
101
4
57
16
147
119
67
123
193
1
101
4
57
16
147
119
67
123
193
1
101
4
57
16
147
119
67
123
193
1
101
4
57
16
147
119
67
123
193
1
101
4
57
16
147
119
67
123
193
1
101
4
57
16
147
119
67
123
193
1
101
4
57
16
147
119
67
123
193
1
101
4
57
16
147
119
67
123
193
1
101
4
57
16
147
119
67
123
193
1
101
4
57
16
147
119
67
123
193
1
101
4
57
16
147
119
67
123
193
1
101
4
57
16
147
119
67
123
193
1
101
4
57
16
147
119
67
123
193
1
101
4
57
16
147
119
67
123
193
1
101
4
57
16
147
119
67
123
193
1
101
4
57
16
147
119
67
123
193
1
101
4
57
16
147
119
67
123
193
1
101
4
57
16
147
119
67
123
193
1
101
4
57
16
147
119
67
123
193
1
101
4
57
16
147
119
67
123
193
1
101
4
57
16
147
119
67
123
193
1
101
4
57
16
147
119
67
123
193
1
101
4
57
16
147
119
67
123
193
1
101
4
57
16
147
119
67
123
193
1
101
4
57
16
147
119
67
123
193
1
101
4
57
16
147
119
67
123
193
1
101
4
57
16
147
119
67
123
193
1
101
4
57
16
147
119
67
123
193
1
101
4
57
16
147
119
67
123
193
1
101
4
57
16
147
119
67
123
193
1
101
4
57
16
147
119
67
123
193
1
101
4
57
16
147
119
67
123
193
1
101
4
57
16
147
119
67
123
193
1
101
4
57
16
147
119
67
123
193
1
101
4
57
16
147
119
67
123
193
1
101
4
57
16
147
119
67
123
193
1
101
4
57