1
12
119
67
4
193
142
16
154
101
1
12
119
67
4
193
142
16
154
101
1
12
119
67
4
193
142
16
154
101
1
12
119
67
4
193
142
16
154
101
1
12
119
67
4
193
142
16
154
101
1
12
119
67
4
193
142
16
154
101
1
12
119
67
4
193
142
16
154
101
1
12
119
67
4
193
142
16
154
101
1
12
119
67
4
193
142
16
154
101
1
12
119
67
4
193
142
16
154
101
1
12
119
67
4
193
142
16
154
101
1
12
119
67
4
193
142
16
154
101
1
12
119
67
4
193
142
16
154
101
1
12
119
67
4
193
142
16
154
101
1
12
119
67
4
193
142
16
154
101
1
12
119
67
4
193
142
16
154
101
1
12
119
67
4
193
142
16
154
101
1
12
119
67
4
193
142
16
154
101
1
12
119
67
4
193
142
16
154
101
1
12
119
67
4
193
142
16
154
101
1
12
119
67
4
193
142
16
154
101
1
12
119
67
4
193
142
16
154
101
1
12
119
67
4
193
142
16
154
101
1
12
119
67
4
193
142
16
154
101
1
12
119
67
4
193
142
16
154
101
1
12
119
67
4
193
142
16
154
101
1
12
119
67
4
193
142
16
154
101
1
12
119
67
4
193
142
16
154
101
1
12
119
67
4
193
142
16
154
101
1
12
119
67
4
193
142
16
154
101
1
12
119
67
4
193
142
16
154
101
1
12
119
67
4
193
142
16
154
101
1
12
119
67
4
193
142
16
154
101
1
12
119
67
4
193
142
16
154
101
1
12
119
67
4
193
142
16
154
101
1
12
119
67
4
193
142
16
154
101
1
12
119
67
4
193
142
16
154
101
1
12
119
67
4
193
142
16
154
101
1
12
119
67
4
193
142
16
154
101
1
12
119
67
4
193
142
16
154
101
1
12
119
67
4
193
142
16
154
101
1
12
119
67
4
193
142
16
154
101
1
12
119
67
4
193
142
16
154
101
1
12
119
67
4
193
142
16
154
101
1
12
119
67
4
193
142
16
154
101
1
12
119
67
4
193
142
16
154
101
1
12
119
67
4
193
142
16
154
101
1
12
119
67
4
193
142
16
154
101
1
12
119
67
4
193
142
16
154
101
1
12
119
67
4
193
142
16
154
101