193
67
101
147
13
119
4
123
154
1
193
67
101
147
13
119
4
123
154
1
193
67
101
147
13
119
4
123
154
1
193
67
101
147
13
119
4
123
154
1
193
67
101
147
13
119
4
123
154
1
193
67
101
147
13
119
4
123
154
1
193
67
101
147
13
119
4
123
154
1
193
67
101
147
13
119
4
123
154
1
193
67
101
147
13
119
4
123
154
1
193
67
101
147
13
119
4
123
154
1
193
67
101
147
13
119
4
123
154
1
193
67
101
147
13
119
4
123
154
1
193
67
101
147
13
119
4
123
154
1
193
67
101
147
13
119
4
123
154
1
193
67
101
147
13
119
4
123
154
1
193
67
101
147
13
119
4
123
154
1
193
67
101
147
13
119
4
123
154
1
193
67
101
147
13
119
4
123
154
1
193
67
101
147
13
119
4
123
154
1
193
67
101
147
13
119
4
123
154
1
193
67
101
147
13
119
4
123
154
1
193
67
101
147
13
119
4
123
154
1
193
67
101
147
13
119
4
123
154
1
193
67
101
147
13
119
4
123
154
1
193
67
101
147
13
119
4
123
154
1
193
67
101
147
13
119
4
123
154
1
193
67
101
147
13
119
4
123
154
1
193
67
101
147
13
119
4
123
154
1
193
67
101
147
13
119
4
123
154
1
193
67
101
147
13
119
4
123
154
1
193
67
101
147
13
119
4
123
154
1
193
67
101
147
13
119
4
123
154
1
193
67
101
147
13
119
4
123
154
1
193
67
101
147
13
119
4
123
154
1
193
67
101
147
13
119
4
123
154
1
193
67
101
147
13
119
4
123
154
1
193
67
101
147
13
119
4
123
154
1
193
67
101
147
13
119
4
123
154
1
193
67
101
147
13
119
4
123
154
1
193
67
101
147
13
119
4
123
154
1
193
67
101
147
13
119
4
123
154
1
193
67
101
147
13
119
4
123
154
1
193
67
101
147
13
119
4
123
154
1
193
67
101
147
13
119
4
123
154
1
193
67
101
147
13
119
4
123
154
1
193
67
101
147
13
119
4
123
154
1
193
67
101
147
13
119
4
123
154
1
193
67
101
147
13
119
4
123
154
1
193
67
101
147
13
119
4
123
154
1
193
67
101
147
13
119
4
123
154
1