4
1
12
57
154
123
101
147
142
193
4
1
12
57
154
123
101
147
142
193
4
1
12
57
154
123
101
147
142
193
4
1
12
57
154
123
101
147
142
193
4
1
12
57
154
123
101
147
142
193
4
1
12
57
154
123
101
147
142
193
4
1
12
57
154
123
101
147
142
193
4
1
12
57
154
123
101
147
142
193
4
1
12
57
154
123
101
147
142
193
4
1
12
57
154
123
101
147
142
193
4
1
12
57
154
123
101
147
142
193
4
1
12
57
154
123
101
147
142
193
4
1
12
57
154
123
101
147
142
193
4
1
12
57
154
123
101
147
142
193
4
1
12
57
154
123
101
147
142
193
4
1
12
57
154
123
101
147
142
193
4
1
12
57
154
123
101
147
142
193
4
1
12
57
154
123
101
147
142
193
4
1
12
57
154
123
101
147
142
193
4
1
12
57
154
123
101
147
142
193
4
1
12
57
154
123
101
147
142
193
4
1
12
57
154
123
101
147
142
193
4
1
12
57
154
123
101
147
142
193
4
1
12
57
154
123
101
147
142
193
4
1
12
57
154
123
101
147
142
193
4
1
12
57
154
123
101
147
142
193
4
1
12
57
154
123
101
147
142
193
4
1
12
57
154
123
101
147
142
193
4
1
12
57
154
123
101
147
142
193
4
1
12
57
154
123
101
147
142
193
4
1
12
57
154
123
101
147
142
193
4
1
12
57
154
123
101
147
142
193
4
1
12
57
154
123
101
147
142
193
4
1
12
57
154
123
101
147
142
193
4
1
12
57
154
123
101
147
142
193
4
1
12
57
154
123
101
147
142
193
4
1
12
57
154
123
101
147
142
193
4
1
12
57
154
123
101
147
142
193
4
1
12
57
154
123
101
147
142
193
4
1
12
57
154
123
101
147
142
193
4
1
12
57
154
123
101
147
142
193
4
1
12
57
154
123
101
147
142
193
4
1
12
57
154
123
101
147
142
193
4
1
12
57
154
123
101
147
142
193
4
1
12
57
154
123
101
147
142
193
4
1
12
57
154
123
101
147
142
193
4
1
12
57
154
123
101
147
142
193
4
1
12
57
154
123
101
147
142
193
4
1
12
57
154
123
101
147
142
193
4
1
12
57
154
123
101
147
142
193