193
13
123
12
154
16
57
119
4
142
193
13
123
12
154
16
57
119
4
142
193
13
123
12
154
16
57
119
4
142
193
13
123
12
154
16
57
119
4
142
193
13
123
12
154
16
57
119
4
142
193
13
123
12
154
16
57
119
4
142
193
13
123
12
154
16
57
119
4
142
193
13
123
12
154
16
57
119
4
142
193
13
123
12
154
16
57
119
4
142
193
13
123
12
154
16
57
119
4
142
193
13
123
12
154
16
57
119
4
142
193
13
123
12
154
16
57
119
4
142
193
13
123
12
154
16
57
119
4
142
193
13
123
12
154
16
57
119
4
142
193
13
123
12
154
16
57
119
4
142
193
13
123
12
154
16
57
119
4
142
193
13
123
12
154
16
57
119
4
142
193
13
123
12
154
16
57
119
4
142
193
13
123
12
154
16
57
119
4
142
193
13
123
12
154
16
57
119
4
142
193
13
123
12
154
16
57
119
4
142
193
13
123
12
154
16
57
119
4
142
193
13
123
12
154
16
57
119
4
142
193
13
123
12
154
16
57
119
4
142
193
13
123
12
154
16
57
119
4
142
193
13
123
12
154
16
57
119
4
142
193
13
123
12
154
16
57
119
4
142
193
13
123
12
154
16
57
119
4
142
193
13
123
12
154
16
57
119
4
142
193
13
123
12
154
16
57
119
4
142
193
13
123
12
154
16
57
119
4
142
193
13
123
12
154
16
57
119
4
142
193
13
123
12
154
16
57
119
4
142
193
13
123
12
154
16
57
119
4
142
193
13
123
12
154
16
57
119
4
142
193
13
123
12
154
16
57
119
4
142
193
13
123
12
154
16
57
119
4
142
193
13
123
12
154
16
57
119
4
142
193
13
123
12
154
16
57
119
4
142
193
13
123
12
154
16
57
119
4
142
193
13
123
12
154
16
57
119
4
142
193
13
123
12
154
16
57
119
4
142
193
13
123
12
154
16
57
119
4
142
193
13
123
12
154
16
57
119
4
142
193
13
123
12
154
16
57
119
4
142
193
13
123
12
154
16
57
119
4
142
193
13
123
12
154
16
57
119
4
142
193
13
123
12
154
16
57
119
4
142
193
13
123
12
154
16
57
119
4
142
193
13
123
12
154
16
57
119
4
142