12
142
123
154
67
147
57
101
13
119
12
142
123
154
67
147
57
101
13
119
12
142
123
154
67
147
57
101
13
119
12
142
123
154
67
147
57
101
13
119
12
142
123
154
67
147
57
101
13
119
12
142
123
154
67
147
57
101
13
119
12
142
123
154
67
147
57
101
13
119
12
142
123
154
67
147
57
101
13
119
12
142
123
154
67
147
57
101
13
119
12
142
123
154
67
147
57
101
13
119
12
142
123
154
67
147
57
101
13
119
12
142
123
154
67
147
57
101
13
119
12
142
123
154
67
147
57
101
13
119
12
142
123
154
67
147
57
101
13
119
12
142
123
154
67
147
57
101
13
119
12
142
123
154
67
147
57
101
13
119
12
142
123
154
67
147
57
101
13
119
12
142
123
154
67
147
57
101
13
119
12
142
123
154
67
147
57
101
13
119
12
142
123
154
67
147
57
101
13
119
12
142
123
154
67
147
57
101
13
119
12
142
123
154
67
147
57
101
13
119
12
142
123
154
67
147
57
101
13
119
12
142
123
154
67
147
57
101
13
119
12
142
123
154
67
147
57
101
13
119
12
142
123
154
67
147
57
101
13
119
12
142
123
154
67
147
57
101
13
119
12
142
123
154
67
147
57
101
13
119
12
142
123
154
67
147
57
101
13
119
12
142
123
154
67
147
57
101
13
119
12
142
123
154
67
147
57
101
13
119
12
142
123
154
67
147
57
101
13
119
12
142
123
154
67
147
57
101
13
119
12
142
123
154
67
147
57
101
13
119
12
142
123
154
67
147
57
101
13
119
12
142
123
154
67
147
57
101
13
119
12
142
123
154
67
147
57
101
13
119
12
142
123
154
67
147
57
101
13
119
12
142
123
154
67
147
57
101
13
119
12
142
123
154
67
147
57
101
13
119
12
142
123
154
67
147
57
101
13
119
12
142
123
154
67
147
57
101
13
119
12
142
123
154
67
147
57
101
13
119
12
142
123
154
67
147
57
101
13
119
12
142
123
154
67
147
57
101
13
119
12
142
123
154
67
147
57
101
13
119
12
142
123
154
67
147
57
101
13
119
12
142
123
154
67
147
57
101
13
119
12
142
123
154
67
147
57
101
13
119
12
142
123
154
67
147
57
101
13
119