193
4
67
123
13
57
147
119
16
12
193
4
67
123
13
57
147
119
16
12
193
4
67
123
13
57
147
119
16
12
193
4
67
123
13
57
147
119
16
12
193
4
67
123
13
57
147
119
16
12
193
4
67
123
13
57
147
119
16
12
193
4
67
123
13
57
147
119
16
12
193
4
67
123
13
57
147
119
16
12
193
4
67
123
13
57
147
119
16
12
193
4
67
123
13
57
147
119
16
12
193
4
67
123
13
57
147
119
16
12
193
4
67
123
13
57
147
119
16
12
193
4
67
123
13
57
147
119
16
12
193
4
67
123
13
57
147
119
16
12
193
4
67
123
13
57
147
119
16
12
193
4
67
123
13
57
147
119
16
12
193
4
67
123
13
57
147
119
16
12
193
4
67
123
13
57
147
119
16
12
193
4
67
123
13
57
147
119
16
12
193
4
67
123
13
57
147
119
16
12
193
4
67
123
13
57
147
119
16
12
193
4
67
123
13
57
147
119
16
12
193
4
67
123
13
57
147
119
16
12
193
4
67
123
13
57
147
119
16
12
193
4
67
123
13
57
147
119
16
12
193
4
67
123
13
57
147
119
16
12
193
4
67
123
13
57
147
119
16
12
193
4
67
123
13
57
147
119
16
12
193
4
67
123
13
57
147
119
16
12
193
4
67
123
13
57
147
119
16
12
193
4
67
123
13
57
147
119
16
12
193
4
67
123
13
57
147
119
16
12
193
4
67
123
13
57
147
119
16
12
193
4
67
123
13
57
147
119
16
12
193
4
67
123
13
57
147
119
16
12
193
4
67
123
13
57
147
119
16
12
193
4
67
123
13
57
147
119
16
12
193
4
67
123
13
57
147
119
16
12
193
4
67
123
13
57
147
119
16
12
193
4
67
123
13
57
147
119
16
12
193
4
67
123
13
57
147
119
16
12
193
4
67
123
13
57
147
119
16
12
193
4
67
123
13
57
147
119
16
12
193
4
67
123
13
57
147
119
16
12
193
4
67
123
13
57
147
119
16
12
193
4
67
123
13
57
147
119
16
12
193
4
67
123
13
57
147
119
16
12
193
4
67
123
13
57
147
119
16
12
193
4
67
123
13
57
147
119
16
12
193
4
67
123
13
57
147
119
16
12