154
1
142
123
147
13
4
101
57
12
154
1
142
123
147
13
4
101
57
12
154
1
142
123
147
13
4
101
57
12
154
1
142
123
147
13
4
101
57
12
154
1
142
123
147
13
4
101
57
12
154
1
142
123
147
13
4
101
57
12
154
1
142
123
147
13
4
101
57
12
154
1
142
123
147
13
4
101
57
12
154
1
142
123
147
13
4
101
57
12
154
1
142
123
147
13
4
101
57
12
154
1
142
123
147
13
4
101
57
12
154
1
142
123
147
13
4
101
57
12
154
1
142
123
147
13
4
101
57
12
154
1
142
123
147
13
4
101
57
12
154
1
142
123
147
13
4
101
57
12
154
1
142
123
147
13
4
101
57
12
154
1
142
123
147
13
4
101
57
12
154
1
142
123
147
13
4
101
57
12
154
1
142
123
147
13
4
101
57
12
154
1
142
123
147
13
4
101
57
12
154
1
142
123
147
13
4
101
57
12
154
1
142
123
147
13
4
101
57
12
154
1
142
123
147
13
4
101
57
12
154
1
142
123
147
13
4
101
57
12
154
1
142
123
147
13
4
101
57
12
154
1
142
123
147
13
4
101
57
12
154
1
142
123
147
13
4
101
57
12
154
1
142
123
147
13
4
101
57
12
154
1
142
123
147
13
4
101
57
12
154
1
142
123
147
13
4
101
57
12
154
1
142
123
147
13
4
101
57
12
154
1
142
123
147
13
4
101
57
12
154
1
142
123
147
13
4
101
57
12
154
1
142
123
147
13
4
101
57
12
154
1
142
123
147
13
4
101
57
12
154
1
142
123
147
13
4
101
57
12
154
1
142
123
147
13
4
101
57
12
154
1
142
123
147
13
4
101
57
12
154
1
142
123
147
13
4
101
57
12
154
1
142
123
147
13
4
101
57
12
154
1
142
123
147
13
4
101
57
12
154
1
142
123
147
13
4
101
57
12
154
1
142
123
147
13
4
101
57
12
154
1
142
123
147
13
4
101
57
12
154
1
142
123
147
13
4
101
57
12
154
1
142
123
147
13
4
101
57
12
154
1
142
123
147
13
4
101
57
12
154
1
142
123
147
13
4
101
57
12
154
1
142
123
147
13
4
101
57
12
154
1
142
123
147
13
4
101
57
12