123
12
67
147
13
142
16
4
154
193
123
12
67
147
13
142
16
4
154
193
123
12
67
147
13
142
16
4
154
193
123
12
67
147
13
142
16
4
154
193
123
12
67
147
13
142
16
4
154
193
123
12
67
147
13
142
16
4
154
193
123
12
67
147
13
142
16
4
154
193
123
12
67
147
13
142
16
4
154
193
123
12
67
147
13
142
16
4
154
193
123
12
67
147
13
142
16
4
154
193
123
12
67
147
13
142
16
4
154
193
123
12
67
147
13
142
16
4
154
193
123
12
67
147
13
142
16
4
154
193
123
12
67
147
13
142
16
4
154
193
123
12
67
147
13
142
16
4
154
193
123
12
67
147
13
142
16
4
154
193
123
12
67
147
13
142
16
4
154
193
123
12
67
147
13
142
16
4
154
193
123
12
67
147
13
142
16
4
154
193
123
12
67
147
13
142
16
4
154
193
123
12
67
147
13
142
16
4
154
193
123
12
67
147
13
142
16
4
154
193
123
12
67
147
13
142
16
4
154
193
123
12
67
147
13
142
16
4
154
193
123
12
67
147
13
142
16
4
154
193
123
12
67
147
13
142
16
4
154
193
123
12
67
147
13
142
16
4
154
193
123
12
67
147
13
142
16
4
154
193
123
12
67
147
13
142
16
4
154
193
123
12
67
147
13
142
16
4
154
193
123
12
67
147
13
142
16
4
154
193
123
12
67
147
13
142
16
4
154
193
123
12
67
147
13
142
16
4
154
193
123
12
67
147
13
142
16
4
154
193
123
12
67
147
13
142
16
4
154
193
123
12
67
147
13
142
16
4
154
193
123
12
67
147
13
142
16
4
154
193
123
12
67
147
13
142
16
4
154
193
123
12
67
147
13
142
16
4
154
193
123
12
67
147
13
142
16
4
154
193
123
12
67
147
13
142
16
4
154
193
123
12
67
147
13
142
16
4
154
193
123
12
67
147
13
142
16
4
154
193
123
12
67
147
13
142
16
4
154
193
123
12
67
147
13
142
16
4
154
193
123
12
67
147
13
142
16
4
154
193
123
12
67
147
13
142
16
4
154
193
123
12
67
147
13
142
16
4
154
193
123
12
67
147
13
142
16
4
154
193
123
12
67
147
13
142
16
4
154
193