142
16
4
154
12
57
147
67
13
119
142
16
4
154
12
57
147
67
13
119
142
16
4
154
12
57
147
67
13
119
142
16
4
154
12
57
147
67
13
119
142
16
4
154
12
57
147
67
13
119
142
16
4
154
12
57
147
67
13
119
142
16
4
154
12
57
147
67
13
119
142
16
4
154
12
57
147
67
13
119
142
16
4
154
12
57
147
67
13
119
142
16
4
154
12
57
147
67
13
119
142
16
4
154
12
57
147
67
13
119
142
16
4
154
12
57
147
67
13
119
142
16
4
154
12
57
147
67
13
119
142
16
4
154
12
57
147
67
13
119
142
16
4
154
12
57
147
67
13
119
142
16
4
154
12
57
147
67
13
119
142
16
4
154
12
57
147
67
13
119
142
16
4
154
12
57
147
67
13
119
142
16
4
154
12
57
147
67
13
119
142
16
4
154
12
57
147
67
13
119
142
16
4
154
12
57
147
67
13
119
142
16
4
154
12
57
147
67
13
119
142
16
4
154
12
57
147
67
13
119
142
16
4
154
12
57
147
67
13
119
142
16
4
154
12
57
147
67
13
119
142
16
4
154
12
57
147
67
13
119
142
16
4
154
12
57
147
67
13
119
142
16
4
154
12
57
147
67
13
119
142
16
4
154
12
57
147
67
13
119
142
16
4
154
12
57
147
67
13
119
142
16
4
154
12
57
147
67
13
119
142
16
4
154
12
57
147
67
13
119
142
16
4
154
12
57
147
67
13
119
142
16
4
154
12
57
147
67
13
119
142
16
4
154
12
57
147
67
13
119
142
16
4
154
12
57
147
67
13
119
142
16
4
154
12
57
147
67
13
119
142
16
4
154
12
57
147
67
13
119
142
16
4
154
12
57
147
67
13
119
142
16
4
154
12
57
147
67
13
119
142
16
4
154
12
57
147
67
13
119
142
16
4
154
12
57
147
67
13
119
142
16
4
154
12
57
147
67
13
119
142
16
4
154
12
57
147
67
13
119
142
16
4
154
12
57
147
67
13
119
142
16
4
154
12
57
147
67
13
119
142
16
4
154
12
57
147
67
13
119
142
16
4
154
12
57
147
67
13
119
142
16
4
154
12
57
147
67
13
119
142
16
4
154
12
57
147
67
13
119