142
147
119
57
67
1
123
101
13
154
142
147
119
57
67
1
123
101
13
154
142
147
119
57
67
1
123
101
13
154
142
147
119
57
67
1
123
101
13
154
142
147
119
57
67
1
123
101
13
154
142
147
119
57
67
1
123
101
13
154
142
147
119
57
67
1
123
101
13
154
142
147
119
57
67
1
123
101
13
154
142
147
119
57
67
1
123
101
13
154
142
147
119
57
67
1
123
101
13
154
142
147
119
57
67
1
123
101
13
154
142
147
119
57
67
1
123
101
13
154
142
147
119
57
67
1
123
101
13
154
142
147
119
57
67
1
123
101
13
154
142
147
119
57
67
1
123
101
13
154
142
147
119
57
67
1
123
101
13
154
142
147
119
57
67
1
123
101
13
154
142
147
119
57
67
1
123
101
13
154
142
147
119
57
67
1
123
101
13
154
142
147
119
57
67
1
123
101
13
154
142
147
119
57
67
1
123
101
13
154
142
147
119
57
67
1
123
101
13
154
142
147
119
57
67
1
123
101
13
154
142
147
119
57
67
1
123
101
13
154
142
147
119
57
67
1
123
101
13
154
142
147
119
57
67
1
123
101
13
154
142
147
119
57
67
1
123
101
13
154
142
147
119
57
67
1
123
101
13
154
142
147
119
57
67
1
123
101
13
154
142
147
119
57
67
1
123
101
13
154
142
147
119
57
67
1
123
101
13
154
142
147
119
57
67
1
123
101
13
154
142
147
119
57
67
1
123
101
13
154
142
147
119
57
67
1
123
101
13
154
142
147
119
57
67
1
123
101
13
154
142
147
119
57
67
1
123
101
13
154
142
147
119
57
67
1
123
101
13
154
142
147
119
57
67
1
123
101
13
154
142
147
119
57
67
1
123
101
13
154
142
147
119
57
67
1
123
101
13
154
142
147
119
57
67
1
123
101
13
154
142
147
119
57
67
1
123
101
13
154
142
147
119
57
67
1
123
101
13
154
142
147
119
57
67
1
123
101
13
154
142
147
119
57
67
1
123
101
13
154
142
147
119
57
67
1
123
101
13
154
142
147
119
57
67
1
123
101
13
154
142
147
119
57
67
1
123
101
13
154
142
147
119
57
67
1
123
101
13
154
142
147
119
57
67
1
123
101
13
154