67
16
142
4
12
1
123
13
57
154
67
16
142
4
12
1
123
13
57
154
67
16
142
4
12
1
123
13
57
154
67
16
142
4
12
1
123
13
57
154
67
16
142
4
12
1
123
13
57
154
67
16
142
4
12
1
123
13
57
154
67
16
142
4
12
1
123
13
57
154
67
16
142
4
12
1
123
13
57
154
67
16
142
4
12
1
123
13
57
154
67
16
142
4
12
1
123
13
57
154
67
16
142
4
12
1
123
13
57
154
67
16
142
4
12
1
123
13
57
154
67
16
142
4
12
1
123
13
57
154
67
16
142
4
12
1
123
13
57
154
67
16
142
4
12
1
123
13
57
154
67
16
142
4
12
1
123
13
57
154
67
16
142
4
12
1
123
13
57
154
67
16
142
4
12
1
123
13
57
154
67
16
142
4
12
1
123
13
57
154
67
16
142
4
12
1
123
13
57
154
67
16
142
4
12
1
123
13
57
154
67
16
142
4
12
1
123
13
57
154
67
16
142
4
12
1
123
13
57
154
67
16
142
4
12
1
123
13
57
154
67
16
142
4
12
1
123
13
57
154
67
16
142
4
12
1
123
13
57
154
67
16
142
4
12
1
123
13
57
154
67
16
142
4
12
1
123
13
57
154
67
16
142
4
12
1
123
13
57
154
67
16
142
4
12
1
123
13
57
154
67
16
142
4
12
1
123
13
57
154
67
16
142
4
12
1
123
13
57
154
67
16
142
4
12
1
123
13
57
154
67
16
142
4
12
1
123
13
57
154
67
16
142
4
12
1
123
13
57
154
67
16
142
4
12
1
123
13
57
154
67
16
142
4
12
1
123
13
57
154
67
16
142
4
12
1
123
13
57
154
67
16
142
4
12
1
123
13
57
154
67
16
142
4
12
1
123
13
57
154
67
16
142
4
12
1
123
13
57
154
67
16
142
4
12
1
123
13
57
154
67
16
142
4
12
1
123
13
57
154
67
16
142
4
12
1
123
13
57
154
67
16
142
4
12
1
123
13
57
154
67
16
142
4
12
1
123
13
57
154
67
16
142
4
12
1
123
13
57
154
67
16
142
4
12
1
123
13
57
154
67
16
142
4
12
1
123
13
57
154
67
16
142
4
12
1
123
13
57
154