119
1
193
57
67
4
101
13
12
16
119
1
193
57
67
4
101
13
12
16
119
1
193
57
67
4
101
13
12
16
119
1
193
57
67
4
101
13
12
16
119
1
193
57
67
4
101
13
12
16
119
1
193
57
67
4
101
13
12
16
119
1
193
57
67
4
101
13
12
16
119
1
193
57
67
4
101
13
12
16
119
1
193
57
67
4
101
13
12
16
119
1
193
57
67
4
101
13
12
16
119
1
193
57
67
4
101
13
12
16
119
1
193
57
67
4
101
13
12
16
119
1
193
57
67
4
101
13
12
16
119
1
193
57
67
4
101
13
12
16
119
1
193
57
67
4
101
13
12
16
119
1
193
57
67
4
101
13
12
16
119
1
193
57
67
4
101
13
12
16
119
1
193
57
67
4
101
13
12
16
119
1
193
57
67
4
101
13
12
16
119
1
193
57
67
4
101
13
12
16
119
1
193
57
67
4
101
13
12
16
119
1
193
57
67
4
101
13
12
16
119
1
193
57
67
4
101
13
12
16
119
1
193
57
67
4
101
13
12
16
119
1
193
57
67
4
101
13
12
16
119
1
193
57
67
4
101
13
12
16
119
1
193
57
67
4
101
13
12
16
119
1
193
57
67
4
101
13
12
16
119
1
193
57
67
4
101
13
12
16
119
1
193
57
67
4
101
13
12
16
119
1
193
57
67
4
101
13
12
16
119
1
193
57
67
4
101
13
12
16
119
1
193
57
67
4
101
13
12
16
119
1
193
57
67
4
101
13
12
16
119
1
193
57
67
4
101
13
12
16
119
1
193
57
67
4
101
13
12
16
119
1
193
57
67
4
101
13
12
16
119
1
193
57
67
4
101
13
12
16
119
1
193
57
67
4
101
13
12
16
119
1
193
57
67
4
101
13
12
16
119
1
193
57
67
4
101
13
12
16
119
1
193
57
67
4
101
13
12
16
119
1
193
57
67
4
101
13
12
16
119
1
193
57
67
4
101
13
12
16
119
1
193
57
67
4
101
13
12
16
119
1
193
57
67
4
101
13
12
16
119
1
193
57
67
4
101
13
12
16
119
1
193
57
67
4
101
13
12
16
119
1
193
57
67
4
101
13
12
16
119
1
193
57
67
4
101
13
12
16