101
57
154
119
142
67
123
147
12
4
101
57
154
119
142
67
123
147
12
4
101
57
154
119
142
67
123
147
12
4
101
57
154
119
142
67
123
147
12
4
101
57
154
119
142
67
123
147
12
4
101
57
154
119
142
67
123
147
12
4
101
57
154
119
142
67
123
147
12
4
101
57
154
119
142
67
123
147
12
4
101
57
154
119
142
67
123
147
12
4
101
57
154
119
142
67
123
147
12
4
101
57
154
119
142
67
123
147
12
4
101
57
154
119
142
67
123
147
12
4
101
57
154
119
142
67
123
147
12
4
101
57
154
119
142
67
123
147
12
4
101
57
154
119
142
67
123
147
12
4
101
57
154
119
142
67
123
147
12
4
101
57
154
119
142
67
123
147
12
4
101
57
154
119
142
67
123
147
12
4
101
57
154
119
142
67
123
147
12
4
101
57
154
119
142
67
123
147
12
4
101
57
154
119
142
67
123
147
12
4
101
57
154
119
142
67
123
147
12
4
101
57
154
119
142
67
123
147
12
4
101
57
154
119
142
67
123
147
12
4
101
57
154
119
142
67
123
147
12
4
101
57
154
119
142
67
123
147
12
4
101
57
154
119
142
67
123
147
12
4
101
57
154
119
142
67
123
147
12
4
101
57
154
119
142
67
123
147
12
4
101
57
154
119
142
67
123
147
12
4
101
57
154
119
142
67
123
147
12
4
101
57
154
119
142
67
123
147
12
4
101
57
154
119
142
67
123
147
12
4
101
57
154
119
142
67
123
147
12
4
101
57
154
119
142
67
123
147
12
4
101
57
154
119
142
67
123
147
12
4
101
57
154
119
142
67
123
147
12
4
101
57
154
119
142
67
123
147
12
4
101
57
154
119
142
67
123
147
12
4
101
57
154
119
142
67
123
147
12
4
101
57
154
119
142
67
123
147
12
4
101
57
154
119
142
67
123
147
12
4
101
57
154
119
142
67
123
147
12
4
101
57
154
119
142
67
123
147
12
4
101
57
154
119
142
67
123
147
12
4
101
57
154
119
142
67
123
147
12
4
101
57
154
119
142
67
123
147
12
4
101
57
154
119
142
67
123
147
12
4
101
57
154
119
142
67
123
147
12
4
101
57
154
119
142
67
123
147
12
4