67
4
12
123
147
101
57
16
13
1
67
4
12
123
147
101
57
16
13
1
67
4
12
123
147
101
57
16
13
1
67
4
12
123
147
101
57
16
13
1
67
4
12
123
147
101
57
16
13
1
67
4
12
123
147
101
57
16
13
1
67
4
12
123
147
101
57
16
13
1
67
4
12
123
147
101
57
16
13
1
67
4
12
123
147
101
57
16
13
1
67
4
12
123
147
101
57
16
13
1
67
4
12
123
147
101
57
16
13
1
67
4
12
123
147
101
57
16
13
1
67
4
12
123
147
101
57
16
13
1
67
4
12
123
147
101
57
16
13
1
67
4
12
123
147
101
57
16
13
1
67
4
12
123
147
101
57
16
13
1
67
4
12
123
147
101
57
16
13
1
67
4
12
123
147
101
57
16
13
1
67
4
12
123
147
101
57
16
13
1
67
4
12
123
147
101
57
16
13
1
67
4
12
123
147
101
57
16
13
1
67
4
12
123
147
101
57
16
13
1
67
4
12
123
147
101
57
16
13
1
67
4
12
123
147
101
57
16
13
1
67
4
12
123
147
101
57
16
13
1
67
4
12
123
147
101
57
16
13
1
67
4
12
123
147
101
57
16
13
1
67
4
12
123
147
101
57
16
13
1
67
4
12
123
147
101
57
16
13
1
67
4
12
123
147
101
57
16
13
1
67
4
12
123
147
101
57
16
13
1
67
4
12
123
147
101
57
16
13
1
67
4
12
123
147
101
57
16
13
1
67
4
12
123
147
101
57
16
13
1
67
4
12
123
147
101
57
16
13
1
67
4
12
123
147
101
57
16
13
1
67
4
12
123
147
101
57
16
13
1
67
4
12
123
147
101
57
16
13
1
67
4
12
123
147
101
57
16
13
1
67
4
12
123
147
101
57
16
13
1
67
4
12
123
147
101
57
16
13
1
67
4
12
123
147
101
57
16
13
1
67
4
12
123
147
101
57
16
13
1
67
4
12
123
147
101
57
16
13
1
67
4
12
123
147
101
57
16
13
1
67
4
12
123
147
101
57
16
13
1
67
4
12
123
147
101
57
16
13
1
67
4
12
123
147
101
57
16
13
1
67
4
12
123
147
101
57
16
13
1
67
4
12
123
147
101
57
16
13
1