67
142
4
101
13
119
154
123
147
193
67
142
4
101
13
119
154
123
147
193
67
142
4
101
13
119
154
123
147
193
67
142
4
101
13
119
154
123
147
193
67
142
4
101
13
119
154
123
147
193
67
142
4
101
13
119
154
123
147
193
67
142
4
101
13
119
154
123
147
193
67
142
4
101
13
119
154
123
147
193
67
142
4
101
13
119
154
123
147
193
67
142
4
101
13
119
154
123
147
193
67
142
4
101
13
119
154
123
147
193
67
142
4
101
13
119
154
123
147
193
67
142
4
101
13
119
154
123
147
193
67
142
4
101
13
119
154
123
147
193
67
142
4
101
13
119
154
123
147
193
67
142
4
101
13
119
154
123
147
193
67
142
4
101
13
119
154
123
147
193
67
142
4
101
13
119
154
123
147
193
67
142
4
101
13
119
154
123
147
193
67
142
4
101
13
119
154
123
147
193
67
142
4
101
13
119
154
123
147
193
67
142
4
101
13
119
154
123
147
193
67
142
4
101
13
119
154
123
147
193
67
142
4
101
13
119
154
123
147
193
67
142
4
101
13
119
154
123
147
193
67
142
4
101
13
119
154
123
147
193
67
142
4
101
13
119
154
123
147
193
67
142
4
101
13
119
154
123
147
193
67
142
4
101
13
119
154
123
147
193
67
142
4
101
13
119
154
123
147
193
67
142
4
101
13
119
154
123
147
193
67
142
4
101
13
119
154
123
147
193
67
142
4
101
13
119
154
123
147
193
67
142
4
101
13
119
154
123
147
193
67
142
4
101
13
119
154
123
147
193
67
142
4
101
13
119
154
123
147
193
67
142
4
101
13
119
154
123
147
193
67
142
4
101
13
119
154
123
147
193
67
142
4
101
13
119
154
123
147
193
67
142
4
101
13
119
154
123
147
193
67
142
4
101
13
119
154
123
147
193
67
142
4
101
13
119
154
123
147
193
67
142
4
101
13
119
154
123
147
193
67
142
4
101
13
119
154
123
147
193
67
142
4
101
13
119
154
123
147
193
67
142
4
101
13
119
154
123
147
193
67
142
4
101
13
119
154
123
147
193
67
142
4
101
13
119
154
123
147
193
67
142
4
101
13
119
154
123
147
193
67
142
4
101
13
119
154
123
147
193