4
13
1
193
57
123
154
119
67
16
4
13
1
193
57
123
154
119
67
16
4
13
1
193
57
123
154
119
67
16
4
13
1
193
57
123
154
119
67
16
4
13
1
193
57
123
154
119
67
16
4
13
1
193
57
123
154
119
67
16
4
13
1
193
57
123
154
119
67
16
4
13
1
193
57
123
154
119
67
16
4
13
1
193
57
123
154
119
67
16
4
13
1
193
57
123
154
119
67
16
4
13
1
193
57
123
154
119
67
16
4
13
1
193
57
123
154
119
67
16
4
13
1
193
57
123
154
119
67
16
4
13
1
193
57
123
154
119
67
16
4
13
1
193
57
123
154
119
67
16
4
13
1
193
57
123
154
119
67
16
4
13
1
193
57
123
154
119
67
16
4
13
1
193
57
123
154
119
67
16
4
13
1
193
57
123
154
119
67
16
4
13
1
193
57
123
154
119
67
16
4
13
1
193
57
123
154
119
67
16
4
13
1
193
57
123
154
119
67
16
4
13
1
193
57
123
154
119
67
16
4
13
1
193
57
123
154
119
67
16
4
13
1
193
57
123
154
119
67
16
4
13
1
193
57
123
154
119
67
16
4
13
1
193
57
123
154
119
67
16
4
13
1
193
57
123
154
119
67
16
4
13
1
193
57
123
154
119
67
16
4
13
1
193
57
123
154
119
67
16
4
13
1
193
57
123
154
119
67
16
4
13
1
193
57
123
154
119
67
16
4
13
1
193
57
123
154
119
67
16
4
13
1
193
57
123
154
119
67
16
4
13
1
193
57
123
154
119
67
16
4
13
1
193
57
123
154
119
67
16
4
13
1
193
57
123
154
119
67
16
4
13
1
193
57
123
154
119
67
16
4
13
1
193
57
123
154
119
67
16
4
13
1
193
57
123
154
119
67
16
4
13
1
193
57
123
154
119
67
16
4
13
1
193
57
123
154
119
67
16
4
13
1
193
57
123
154
119
67
16
4
13
1
193
57
123
154
119
67
16
4
13
1
193
57
123
154
119
67
16
4
13
1
193
57
123
154
119
67
16
4
13
1
193
57
123
154
119
67
16
4
13
1
193
57
123
154
119
67
16
4
13
1
193
57
123
154
119
67
16
4
13
1
193
57
123
154
119
67
16