67
142
193
16
57
12
147
119
13
1
67
142
193
16
57
12
147
119
13
1
67
142
193
16
57
12
147
119
13
1
67
142
193
16
57
12
147
119
13
1
67
142
193
16
57
12
147
119
13
1
67
142
193
16
57
12
147
119
13
1
67
142
193
16
57
12
147
119
13
1
67
142
193
16
57
12
147
119
13
1
67
142
193
16
57
12
147
119
13
1
67
142
193
16
57
12
147
119
13
1
67
142
193
16
57
12
147
119
13
1
67
142
193
16
57
12
147
119
13
1
67
142
193
16
57
12
147
119
13
1
67
142
193
16
57
12
147
119
13
1
67
142
193
16
57
12
147
119
13
1
67
142
193
16
57
12
147
119
13
1
67
142
193
16
57
12
147
119
13
1
67
142
193
16
57
12
147
119
13
1
67
142
193
16
57
12
147
119
13
1
67
142
193
16
57
12
147
119
13
1
67
142
193
16
57
12
147
119
13
1
67
142
193
16
57
12
147
119
13
1
67
142
193
16
57
12
147
119
13
1
67
142
193
16
57
12
147
119
13
1
67
142
193
16
57
12
147
119
13
1
67
142
193
16
57
12
147
119
13
1
67
142
193
16
57
12
147
119
13
1
67
142
193
16
57
12
147
119
13
1
67
142
193
16
57
12
147
119
13
1
67
142
193
16
57
12
147
119
13
1
67
142
193
16
57
12
147
119
13
1
67
142
193
16
57
12
147
119
13
1
67
142
193
16
57
12
147
119
13
1
67
142
193
16
57
12
147
119
13
1
67
142
193
16
57
12
147
119
13
1
67
142
193
16
57
12
147
119
13
1
67
142
193
16
57
12
147
119
13
1
67
142
193
16
57
12
147
119
13
1
67
142
193
16
57
12
147
119
13
1
67
142
193
16
57
12
147
119
13
1
67
142
193
16
57
12
147
119
13
1
67
142
193
16
57
12
147
119
13
1
67
142
193
16
57
12
147
119
13
1
67
142
193
16
57
12
147
119
13
1
67
142
193
16
57
12
147
119
13
1
67
142
193
16
57
12
147
119
13
1
67
142
193
16
57
12
147
119
13
1
67
142
193
16
57
12
147
119
13
1
67
142
193
16
57
12
147
119
13
1
67
142
193
16
57
12
147
119
13
1