119
193
147
1
13
57
154
142
16
67
119
193
147
1
13
57
154
142
16
67
119
193
147
1
13
57
154
142
16
67
119
193
147
1
13
57
154
142
16
67
119
193
147
1
13
57
154
142
16
67
119
193
147
1
13
57
154
142
16
67
119
193
147
1
13
57
154
142
16
67
119
193
147
1
13
57
154
142
16
67
119
193
147
1
13
57
154
142
16
67
119
193
147
1
13
57
154
142
16
67
119
193
147
1
13
57
154
142
16
67
119
193
147
1
13
57
154
142
16
67
119
193
147
1
13
57
154
142
16
67
119
193
147
1
13
57
154
142
16
67
119
193
147
1
13
57
154
142
16
67
119
193
147
1
13
57
154
142
16
67
119
193
147
1
13
57
154
142
16
67
119
193
147
1
13
57
154
142
16
67
119
193
147
1
13
57
154
142
16
67
119
193
147
1
13
57
154
142
16
67
119
193
147
1
13
57
154
142
16
67
119
193
147
1
13
57
154
142
16
67
119
193
147
1
13
57
154
142
16
67
119
193
147
1
13
57
154
142
16
67
119
193
147
1
13
57
154
142
16
67
119
193
147
1
13
57
154
142
16
67
119
193
147
1
13
57
154
142
16
67
119
193
147
1
13
57
154
142
16
67
119
193
147
1
13
57
154
142
16
67
119
193
147
1
13
57
154
142
16
67
119
193
147
1
13
57
154
142
16
67
119
193
147
1
13
57
154
142
16
67
119
193
147
1
13
57
154
142
16
67
119
193
147
1
13
57
154
142
16
67
119
193
147
1
13
57
154
142
16
67
119
193
147
1
13
57
154
142
16
67
119
193
147
1
13
57
154
142
16
67
119
193
147
1
13
57
154
142
16
67
119
193
147
1
13
57
154
142
16
67
119
193
147
1
13
57
154
142
16
67
119
193
147
1
13
57
154
142
16
67
119
193
147
1
13
57
154
142
16
67
119
193
147
1
13
57
154
142
16
67
119
193
147
1
13
57
154
142
16
67
119
193
147
1
13
57
154
142
16
67
119
193
147
1
13
57
154
142
16
67
119
193
147
1
13
57
154
142
16
67
119
193
147
1
13
57
154
142
16
67
119
193
147
1
13
57
154
142
16
67
119
193
147
1
13
57
154
142
16
67