12
4
1
119
193
147
101
16
67
154
12
4
1
119
193
147
101
16
67
154
12
4
1
119
193
147
101
16
67
154
12
4
1
119
193
147
101
16
67
154
12
4
1
119
193
147
101
16
67
154
12
4
1
119
193
147
101
16
67
154
12
4
1
119
193
147
101
16
67
154
12
4
1
119
193
147
101
16
67
154
12
4
1
119
193
147
101
16
67
154
12
4
1
119
193
147
101
16
67
154
12
4
1
119
193
147
101
16
67
154
12
4
1
119
193
147
101
16
67
154
12
4
1
119
193
147
101
16
67
154
12
4
1
119
193
147
101
16
67
154
12
4
1
119
193
147
101
16
67
154
12
4
1
119
193
147
101
16
67
154
12
4
1
119
193
147
101
16
67
154
12
4
1
119
193
147
101
16
67
154
12
4
1
119
193
147
101
16
67
154
12
4
1
119
193
147
101
16
67
154
12
4
1
119
193
147
101
16
67
154
12
4
1
119
193
147
101
16
67
154
12
4
1
119
193
147
101
16
67
154
12
4
1
119
193
147
101
16
67
154
12
4
1
119
193
147
101
16
67
154
12
4
1
119
193
147
101
16
67
154
12
4
1
119
193
147
101
16
67
154
12
4
1
119
193
147
101
16
67
154
12
4
1
119
193
147
101
16
67
154
12
4
1
119
193
147
101
16
67
154
12
4
1
119
193
147
101
16
67
154
12
4
1
119
193
147
101
16
67
154
12
4
1
119
193
147
101
16
67
154
12
4
1
119
193
147
101
16
67
154
12
4
1
119
193
147
101
16
67
154
12
4
1
119
193
147
101
16
67
154
12
4
1
119
193
147
101
16
67
154
12
4
1
119
193
147
101
16
67
154
12
4
1
119
193
147
101
16
67
154
12
4
1
119
193
147
101
16
67
154
12
4
1
119
193
147
101
16
67
154
12
4
1
119
193
147
101
16
67
154
12
4
1
119
193
147
101
16
67
154
12
4
1
119
193
147
101
16
67
154
12
4
1
119
193
147
101
16
67
154
12
4
1
119
193
147
101
16
67
154
12
4
1
119
193
147
101
16
67
154
12
4
1
119
193
147
101
16
67
154
12
4
1
119
193
147
101
16
67
154
12
4
1
119
193
147
101
16
67
154