119
193
67
123
1
142
57
154
147
16
119
193
67
123
1
142
57
154
147
16
119
193
67
123
1
142
57
154
147
16
119
193
67
123
1
142
57
154
147
16
119
193
67
123
1
142
57
154
147
16
119
193
67
123
1
142
57
154
147
16
119
193
67
123
1
142
57
154
147
16
119
193
67
123
1
142
57
154
147
16
119
193
67
123
1
142
57
154
147
16
119
193
67
123
1
142
57
154
147
16
119
193
67
123
1
142
57
154
147
16
119
193
67
123
1
142
57
154
147
16
119
193
67
123
1
142
57
154
147
16
119
193
67
123
1
142
57
154
147
16
119
193
67
123
1
142
57
154
147
16
119
193
67
123
1
142
57
154
147
16
119
193
67
123
1
142
57
154
147
16
119
193
67
123
1
142
57
154
147
16
119
193
67
123
1
142
57
154
147
16
119
193
67
123
1
142
57
154
147
16
119
193
67
123
1
142
57
154
147
16
119
193
67
123
1
142
57
154
147
16
119
193
67
123
1
142
57
154
147
16
119
193
67
123
1
142
57
154
147
16
119
193
67
123
1
142
57
154
147
16
119
193
67
123
1
142
57
154
147
16
119
193
67
123
1
142
57
154
147
16
119
193
67
123
1
142
57
154
147
16
119
193
67
123
1
142
57
154
147
16
119
193
67
123
1
142
57
154
147
16
119
193
67
123
1
142
57
154
147
16
119
193
67
123
1
142
57
154
147
16
119
193
67
123
1
142
57
154
147
16
119
193
67
123
1
142
57
154
147
16
119
193
67
123
1
142
57
154
147
16
119
193
67
123
1
142
57
154
147
16
119
193
67
123
1
142
57
154
147
16
119
193
67
123
1
142
57
154
147
16
119
193
67
123
1
142
57
154
147
16
119
193
67
123
1
142
57
154
147
16
119
193
67
123
1
142
57
154
147
16
119
193
67
123
1
142
57
154
147
16
119
193
67
123
1
142
57
154
147
16
119
193
67
123
1
142
57
154
147
16
119
193
67
123
1
142
57
154
147
16
119
193
67
123
1
142
57
154
147
16
119
193
67
123
1
142
57
154
147
16
119
193
67
123
1
142
57
154
147
16
119
193
67
123
1
142
57
154
147
16
119
193
67
123
1
142
57
154
147
16