16
67
1
12
123
119
142
15
101
193
16
67
1
12
123
119
142
15
101
193
16
67
1
12
123
119
142
15
101
193
16
67
1
12
123
119
142
15
101
193
16
67
1
12
123
119
142
15
101
193
16
67
1
12
123
119
142
15
101
193
16
67
1
12
123
119
142
15
101
193
16
67
1
12
123
119
142
15
101
193
16
67
1
12
123
119
142
15
101
193
16
67
1
12
123
119
142
15
101
193
16
67
1
12
123
119
142
15
101
193
16
67
1
12
123
119
142
15
101
193
16
67
1
12
123
119
142
15
101
193
16
67
1
12
123
119
142
15
101
193
16
67
1
12
123
119
142
15
101
193
16
67
1
12
123
119
142
15
101
193
16
67
1
12
123
119
142
15
101
193
16
67
1
12
123
119
142
15
101
193
16
67
1
12
123
119
142
15
101
193
16
67
1
12
123
119
142
15
101
193
16
67
1
12
123
119
142
15
101
193
16
67
1
12
123
119
142
15
101
193
16
67
1
12
123
119
142
15
101
193
16
67
1
12
123
119
142
15
101
193
16
67
1
12
123
119
142
15
101
193
16
67
1
12
123
119
142
15
101
193
16
67
1
12
123
119
142
15
101
193
16
67
1
12
123
119
142
15
101
193
16
67
1
12
123
119
142
15
101
193
16
67
1
12
123
119
142
15
101
193
16
67
1
12
123
119
142
15
101
193
16
67
1
12
123
119
142
15
101
193
16
67
1
12
123
119
142
15
101
193
16
67
1
12
123
119
142
15
101
193
16
67
1
12
123
119
142
15
101
193
16
67
1
12
123
119
142
15
101
193
16
67
1
12
123
119
142
15
101
193
16
67
1
12
123
119
142
15
101
193
16
67
1
12
123
119
142
15
101
193
16
67
1
12
123
119
142
15
101
193
16
67
1
12
123
119
142
15
101
193
16
67
1
12
123
119
142
15
101
193
16
67
1
12
123
119
142
15
101
193
16
67
1
12
123
119
142
15
101
193
16
67
1
12
123
119
142
15
101
193
16
67
1
12
123
119
142
15
101
193
16
67
1
12
123
119
142
15
101
193
16
67
1
12
123
119
142
15
101
193
16
67
1
12
123
119
142
15
101
193
16
67
1
12
123
119
142
15
101
193