16
1
123
119
4
57
142
15
101
193
16
1
123
119
4
57
142
15
101
193
16
1
123
119
4
57
142
15
101
193
16
1
123
119
4
57
142
15
101
193
16
1
123
119
4
57
142
15
101
193
16
1
123
119
4
57
142
15
101
193
16
1
123
119
4
57
142
15
101
193
16
1
123
119
4
57
142
15
101
193
16
1
123
119
4
57
142
15
101
193
16
1
123
119
4
57
142
15
101
193
16
1
123
119
4
57
142
15
101
193
16
1
123
119
4
57
142
15
101
193
16
1
123
119
4
57
142
15
101
193
16
1
123
119
4
57
142
15
101
193
16
1
123
119
4
57
142
15
101
193
16
1
123
119
4
57
142
15
101
193
16
1
123
119
4
57
142
15
101
193
16
1
123
119
4
57
142
15
101
193
16
1
123
119
4
57
142
15
101
193
16
1
123
119
4
57
142
15
101
193
16
1
123
119
4
57
142
15
101
193
16
1
123
119
4
57
142
15
101
193
16
1
123
119
4
57
142
15
101
193
16
1
123
119
4
57
142
15
101
193
16
1
123
119
4
57
142
15
101
193
16
1
123
119
4
57
142
15
101
193
16
1
123
119
4
57
142
15
101
193
16
1
123
119
4
57
142
15
101
193
16
1
123
119
4
57
142
15
101
193
16
1
123
119
4
57
142
15
101
193
16
1
123
119
4
57
142
15
101
193
16
1
123
119
4
57
142
15
101
193
16
1
123
119
4
57
142
15
101
193
16
1
123
119
4
57
142
15
101
193
16
1
123
119
4
57
142
15
101
193
16
1
123
119
4
57
142
15
101
193
16
1
123
119
4
57
142
15
101
193
16
1
123
119
4
57
142
15
101
193
16
1
123
119
4
57
142
15
101
193
16
1
123
119
4
57
142
15
101
193
16
1
123
119
4
57
142
15
101
193
16
1
123
119
4
57
142
15
101
193
16
1
123
119
4
57
142
15
101
193
16
1
123
119
4
57
142
15
101
193
16
1
123
119
4
57
142
15
101
193
16
1
123
119
4
57
142
15
101
193
16
1
123
119
4
57
142
15
101
193
16
1
123
119
4
57
142
15
101
193
16
1
123
119
4
57
142
15
101
193
16
1
123
119
4
57
142
15
101
193