16
67
1
12
119
4
142
15
101
193
16
67
1
12
119
4
142
15
101
193
16
67
1
12
119
4
142
15
101
193
16
67
1
12
119
4
142
15
101
193
16
67
1
12
119
4
142
15
101
193
16
67
1
12
119
4
142
15
101
193
16
67
1
12
119
4
142
15
101
193
16
67
1
12
119
4
142
15
101
193
16
67
1
12
119
4
142
15
101
193
16
67
1
12
119
4
142
15
101
193
16
67
1
12
119
4
142
15
101
193
16
67
1
12
119
4
142
15
101
193
16
67
1
12
119
4
142
15
101
193
16
67
1
12
119
4
142
15
101
193
16
67
1
12
119
4
142
15
101
193
16
67
1
12
119
4
142
15
101
193
16
67
1
12
119
4
142
15
101
193
16
67
1
12
119
4
142
15
101
193
16
67
1
12
119
4
142
15
101
193
16
67
1
12
119
4
142
15
101
193
16
67
1
12
119
4
142
15
101
193
16
67
1
12
119
4
142
15
101
193
16
67
1
12
119
4
142
15
101
193
16
67
1
12
119
4
142
15
101
193
16
67
1
12
119
4
142
15
101
193
16
67
1
12
119
4
142
15
101
193
16
67
1
12
119
4
142
15
101
193
16
67
1
12
119
4
142
15
101
193
16
67
1
12
119
4
142
15
101
193
16
67
1
12
119
4
142
15
101
193
16
67
1
12
119
4
142
15
101
193
16
67
1
12
119
4
142
15
101
193
16
67
1
12
119
4
142
15
101
193
16
67
1
12
119
4
142
15
101
193
16
67
1
12
119
4
142
15
101
193
16
67
1
12
119
4
142
15
101
193
16
67
1
12
119
4
142
15
101
193
16
67
1
12
119
4
142
15
101
193
16
67
1
12
119
4
142
15
101
193
16
67
1
12
119
4
142
15
101
193
16
67
1
12
119
4
142
15
101
193
16
67
1
12
119
4
142
15
101
193
16
67
1
12
119
4
142
15
101
193
16
67
1
12
119
4
142
15
101
193
16
67
1
12
119
4
142
15
101
193
16
67
1
12
119
4
142
15
101
193
16
67
1
12
119
4
142
15
101
193
16
67
1
12
119
4
142
15
101
193
16
67
1
12
119
4
142
15
101
193
16
67
1
12
119
4
142
15
101
193