67
1
12
123
119
4
57
142
15
101
67
1
12
123
119
4
57
142
15
101
67
1
12
123
119
4
57
142
15
101
67
1
12
123
119
4
57
142
15
101
67
1
12
123
119
4
57
142
15
101
67
1
12
123
119
4
57
142
15
101
67
1
12
123
119
4
57
142
15
101
67
1
12
123
119
4
57
142
15
101
67
1
12
123
119
4
57
142
15
101
67
1
12
123
119
4
57
142
15
101
67
1
12
123
119
4
57
142
15
101
67
1
12
123
119
4
57
142
15
101
67
1
12
123
119
4
57
142
15
101
67
1
12
123
119
4
57
142
15
101
67
1
12
123
119
4
57
142
15
101
67
1
12
123
119
4
57
142
15
101
67
1
12
123
119
4
57
142
15
101
67
1
12
123
119
4
57
142
15
101
67
1
12
123
119
4
57
142
15
101
67
1
12
123
119
4
57
142
15
101
67
1
12
123
119
4
57
142
15
101
67
1
12
123
119
4
57
142
15
101
67
1
12
123
119
4
57
142
15
101
67
1
12
123
119
4
57
142
15
101
67
1
12
123
119
4
57
142
15
101
67
1
12
123
119
4
57
142
15
101
67
1
12
123
119
4
57
142
15
101
67
1
12
123
119
4
57
142
15
101
67
1
12
123
119
4
57
142
15
101
67
1
12
123
119
4
57
142
15
101
67
1
12
123
119
4
57
142
15
101
67
1
12
123
119
4
57
142
15
101
67
1
12
123
119
4
57
142
15
101
67
1
12
123
119
4
57
142
15
101
67
1
12
123
119
4
57
142
15
101
67
1
12
123
119
4
57
142
15
101
67
1
12
123
119
4
57
142
15
101
67
1
12
123
119
4
57
142
15
101
67
1
12
123
119
4
57
142
15
101
67
1
12
123
119
4
57
142
15
101
67
1
12
123
119
4
57
142
15
101
67
1
12
123
119
4
57
142
15
101
67
1
12
123
119
4
57
142
15
101
67
1
12
123
119
4
57
142
15
101
67
1
12
123
119
4
57
142
15
101
67
1
12
123
119
4
57
142
15
101
67
1
12
123
119
4
57
142
15
101
67
1
12
123
119
4
57
142
15
101
67
1
12
123
119
4
57
142
15
101
67
1
12
123
119
4
57
142
15
101