16
67
1
12
123
4
57
142
101
193
16
67
1
12
123
4
57
142
101
193
16
67
1
12
123
4
57
142
101
193
16
67
1
12
123
4
57
142
101
193
16
67
1
12
123
4
57
142
101
193
16
67
1
12
123
4
57
142
101
193
16
67
1
12
123
4
57
142
101
193
16
67
1
12
123
4
57
142
101
193
16
67
1
12
123
4
57
142
101
193
16
67
1
12
123
4
57
142
101
193
16
67
1
12
123
4
57
142
101
193
16
67
1
12
123
4
57
142
101
193
16
67
1
12
123
4
57
142
101
193
16
67
1
12
123
4
57
142
101
193
16
67
1
12
123
4
57
142
101
193
16
67
1
12
123
4
57
142
101
193
16
67
1
12
123
4
57
142
101
193
16
67
1
12
123
4
57
142
101
193
16
67
1
12
123
4
57
142
101
193
16
67
1
12
123
4
57
142
101
193
16
67
1
12
123
4
57
142
101
193
16
67
1
12
123
4
57
142
101
193
16
67
1
12
123
4
57
142
101
193
16
67
1
12
123
4
57
142
101
193
16
67
1
12
123
4
57
142
101
193
16
67
1
12
123
4
57
142
101
193
16
67
1
12
123
4
57
142
101
193
16
67
1
12
123
4
57
142
101
193
16
67
1
12
123
4
57
142
101
193
16
67
1
12
123
4
57
142
101
193
16
67
1
12
123
4
57
142
101
193
16
67
1
12
123
4
57
142
101
193
16
67
1
12
123
4
57
142
101
193
16
67
1
12
123
4
57
142
101
193
16
67
1
12
123
4
57
142
101
193
16
67
1
12
123
4
57
142
101
193
16
67
1
12
123
4
57
142
101
193
16
67
1
12
123
4
57
142
101
193
16
67
1
12
123
4
57
142
101
193
16
67
1
12
123
4
57
142
101
193
16
67
1
12
123
4
57
142
101
193
16
67
1
12
123
4
57
142
101
193
16
67
1
12
123
4
57
142
101
193
16
67
1
12
123
4
57
142
101
193
16
67
1
12
123
4
57
142
101
193
16
67
1
12
123
4
57
142
101
193
16
67
1
12
123
4
57
142
101
193
16
67
1
12
123
4
57
142
101
193
16
67
1
12
123
4
57
142
101
193
16
67
1
12
123
4
57
142
101
193