67
12
123
119
4
57
142
15
101
193
67
12
123
119
4
57
142
15
101
193
67
12
123
119
4
57
142
15
101
193
67
12
123
119
4
57
142
15
101
193
67
12
123
119
4
57
142
15
101
193
67
12
123
119
4
57
142
15
101
193
67
12
123
119
4
57
142
15
101
193
67
12
123
119
4
57
142
15
101
193
67
12
123
119
4
57
142
15
101
193
67
12
123
119
4
57
142
15
101
193
67
12
123
119
4
57
142
15
101
193
67
12
123
119
4
57
142
15
101
193
67
12
123
119
4
57
142
15
101
193
67
12
123
119
4
57
142
15
101
193
67
12
123
119
4
57
142
15
101
193
67
12
123
119
4
57
142
15
101
193
67
12
123
119
4
57
142
15
101
193
67
12
123
119
4
57
142
15
101
193
67
12
123
119
4
57
142
15
101
193
67
12
123
119
4
57
142
15
101
193
67
12
123
119
4
57
142
15
101
193
67
12
123
119
4
57
142
15
101
193
67
12
123
119
4
57
142
15
101
193
67
12
123
119
4
57
142
15
101
193
67
12
123
119
4
57
142
15
101
193
67
12
123
119
4
57
142
15
101
193
67
12
123
119
4
57
142
15
101
193
67
12
123
119
4
57
142
15
101
193
67
12
123
119
4
57
142
15
101
193
67
12
123
119
4
57
142
15
101
193
67
12
123
119
4
57
142
15
101
193
67
12
123
119
4
57
142
15
101
193
67
12
123
119
4
57
142
15
101
193
67
12
123
119
4
57
142
15
101
193
67
12
123
119
4
57
142
15
101
193
67
12
123
119
4
57
142
15
101
193
67
12
123
119
4
57
142
15
101
193
67
12
123
119
4
57
142
15
101
193
67
12
123
119
4
57
142
15
101
193
67
12
123
119
4
57
142
15
101
193
67
12
123
119
4
57
142
15
101
193
67
12
123
119
4
57
142
15
101
193
67
12
123
119
4
57
142
15
101
193
67
12
123
119
4
57
142
15
101
193
67
12
123
119
4
57
142
15
101
193
67
12
123
119
4
57
142
15
101
193
67
12
123
119
4
57
142
15
101
193
67
12
123
119
4
57
142
15
101
193
67
12
123
119
4
57
142
15
101
193
67
12
123
119
4
57
142
15
101
193