16
67
1
12
123
119
4
57
15
193
16
67
1
12
123
119
4
57
15
193
16
67
1
12
123
119
4
57
15
193
16
67
1
12
123
119
4
57
15
193
16
67
1
12
123
119
4
57
15
193
16
67
1
12
123
119
4
57
15
193
16
67
1
12
123
119
4
57
15
193
16
67
1
12
123
119
4
57
15
193
16
67
1
12
123
119
4
57
15
193
16
67
1
12
123
119
4
57
15
193
16
67
1
12
123
119
4
57
15
193
16
67
1
12
123
119
4
57
15
193
16
67
1
12
123
119
4
57
15
193
16
67
1
12
123
119
4
57
15
193
16
67
1
12
123
119
4
57
15
193
16
67
1
12
123
119
4
57
15
193
16
67
1
12
123
119
4
57
15
193
16
67
1
12
123
119
4
57
15
193
16
67
1
12
123
119
4
57
15
193
16
67
1
12
123
119
4
57
15
193
16
67
1
12
123
119
4
57
15
193
16
67
1
12
123
119
4
57
15
193
16
67
1
12
123
119
4
57
15
193
16
67
1
12
123
119
4
57
15
193
16
67
1
12
123
119
4
57
15
193
16
67
1
12
123
119
4
57
15
193
16
67
1
12
123
119
4
57
15
193
16
67
1
12
123
119
4
57
15
193
16
67
1
12
123
119
4
57
15
193
16
67
1
12
123
119
4
57
15
193
16
67
1
12
123
119
4
57
15
193
16
67
1
12
123
119
4
57
15
193
16
67
1
12
123
119
4
57
15
193
16
67
1
12
123
119
4
57
15
193
16
67
1
12
123
119
4
57
15
193
16
67
1
12
123
119
4
57
15
193
16
67
1
12
123
119
4
57
15
193
16
67
1
12
123
119
4
57
15
193
16
67
1
12
123
119
4
57
15
193
16
67
1
12
123
119
4
57
15
193
16
67
1
12
123
119
4
57
15
193
16
67
1
12
123
119
4
57
15
193
16
67
1
12
123
119
4
57
15
193
16
67
1
12
123
119
4
57
15
193
16
67
1
12
123
119
4
57
15
193
16
67
1
12
123
119
4
57
15
193
16
67
1
12
123
119
4
57
15
193
16
67
1
12
123
119
4
57
15
193
16
67
1
12
123
119
4
57
15
193
16
67
1
12
123
119
4
57
15
193