16
67
1
12
123
119
4
142
101
193
16
67
1
12
123
119
4
142
101
193
16
67
1
12
123
119
4
142
101
193
16
67
1
12
123
119
4
142
101
193
16
67
1
12
123
119
4
142
101
193
16
67
1
12
123
119
4
142
101
193
16
67
1
12
123
119
4
142
101
193
16
67
1
12
123
119
4
142
101
193
16
67
1
12
123
119
4
142
101
193
16
67
1
12
123
119
4
142
101
193
16
67
1
12
123
119
4
142
101
193
16
67
1
12
123
119
4
142
101
193
16
67
1
12
123
119
4
142
101
193
16
67
1
12
123
119
4
142
101
193
16
67
1
12
123
119
4
142
101
193
16
67
1
12
123
119
4
142
101
193
16
67
1
12
123
119
4
142
101
193
16
67
1
12
123
119
4
142
101
193
16
67
1
12
123
119
4
142
101
193
16
67
1
12
123
119
4
142
101
193
16
67
1
12
123
119
4
142
101
193
16
67
1
12
123
119
4
142
101
193
16
67
1
12
123
119
4
142
101
193
16
67
1
12
123
119
4
142
101
193
16
67
1
12
123
119
4
142
101
193
16
67
1
12
123
119
4
142
101
193
16
67
1
12
123
119
4
142
101
193
16
67
1
12
123
119
4
142
101
193
16
67
1
12
123
119
4
142
101
193
16
67
1
12
123
119
4
142
101
193
16
67
1
12
123
119
4
142
101
193
16
67
1
12
123
119
4
142
101
193
16
67
1
12
123
119
4
142
101
193
16
67
1
12
123
119
4
142
101
193
16
67
1
12
123
119
4
142
101
193
16
67
1
12
123
119
4
142
101
193
16
67
1
12
123
119
4
142
101
193
16
67
1
12
123
119
4
142
101
193
16
67
1
12
123
119
4
142
101
193
16
67
1
12
123
119
4
142
101
193
16
67
1
12
123
119
4
142
101
193
16
67
1
12
123
119
4
142
101
193
16
67
1
12
123
119
4
142
101
193
16
67
1
12
123
119
4
142
101
193
16
67
1
12
123
119
4
142
101
193
16
67
1
12
123
119
4
142
101
193
16
67
1
12
123
119
4
142
101
193
16
67
1
12
123
119
4
142
101
193
16
67
1
12
123
119
4
142
101
193
16
67
1
12
123
119
4
142
101
193