411
408
409
467
410
411
408
409
467
410
411
408
409
467
410
411
408
409
467
410
411
408
409
467
410
411
408
409
467
410
411
408
409
467
410
411
408
409
467
410
411
408
409
467
410
411
408
409
467
410
411
408
409
467
410
411
408
409
467
410
411
408
409
467
410
411
408
409
467
410
411
408
409
467
410
411
408
409
467
410
411
408
409
467
410
411
408
409
467
410
411
408
409
467
410
411
408
409
467
410
411
408
409
467
410
411
408
409
467
410
411
408
409
467
410
411
408
409
467
410
411
408
409
467
410
411
408
409
467
410
411
408
409
467
410
411
408
409
467
410
411
408
409
467
410
411
408
409
467
410
411
408
409
467
410
411
408
409
467
410
411
408
409
467
410
411
408
409
467
410
411
408
409
467
410
411
408
409
467
410
411
408
409
467
410
411
408
409
467
410
411
408
409
467
410
411
408
409
467
410
411
408
409
467
410
411
408
409
467
410
411
408
409
467
410
411
408
409
467
410
411
408
409
467
410
411
408
409
467
410
411
408
409
467
410
411
408
409
467
410
411
408
409
467
410
411
408
409
467
410