33
43
21
1
77
33
43
21
1
77
33
43
21
1
77
33
43
21
1
77
33
43
21
1
77
33
43
21
1
77
33
43
21
1
77
33
43
21
1
77
33
43
21
1
77
33
43
21
1
77
33
43
21
1
77
33
43
21
1
77
33
43
21
1
77
33
43
21
1
77
33
43
21
1
77
33
43
21
1
77
33
43
21
1
77
33
43
21
1
77
33
43
21
1
77
33
43
21
1
77
33
43
21
1
77
33
43
21
1
77
33
43
21
1
77
33
43
21
1
77
33
43
21
1
77
33
43
21
1
77
33
43
21
1
77
33
43
21
1
77
33
43
21
1
77
33
43
21
1
77
33
43
21
1
77
33
43
21
1
77
33
43
21
1
77
33
43
21
1
77
33
43
21
1
77
33
43
21
1
77
33
43
21
1
77
33
43
21
1
77
33
43
21
1
77
33
43
21
1
77
33
43
21
1
77
33
43
21
1
77
33
43
21
1
77
33
43
21
1
77
33
43
21
1
77
33
43
21
1
77
33
43
21
1
77
33
43
21
1
77
33
43
21
1
77
33
43
21
1
77