21
107
1
77
80
21
107
1
77
80
21
107
1
77
80
21
107
1
77
80
21
107
1
77
80
21
107
1
77
80
21
107
1
77
80
21
107
1
77
80
21
107
1
77
80
21
107
1
77
80
21
107
1
77
80
21
107
1
77
80
21
107
1
77
80
21
107
1
77
80
21
107
1
77
80
21
107
1
77
80
21
107
1
77
80
21
107
1
77
80
21
107
1
77
80
21
107
1
77
80
21
107
1
77
80
21
107
1
77
80
21
107
1
77
80
21
107
1
77
80
21
107
1
77
80
21
107
1
77
80
21
107
1
77
80
21
107
1
77
80
21
107
1
77
80
21
107
1
77
80
21
107
1
77
80
21
107
1
77
80
21
107
1
77
80
21
107
1
77
80
21
107
1
77
80
21
107
1
77
80
21
107
1
77
80
21
107
1
77
80
21
107
1
77
80
21
107
1
77
80
21
107
1
77
80
21
107
1
77
80
21
107
1
77
80
21
107
1
77
80
21
107
1
77
80
21
107
1
77
80
21
107
1
77
80
21
107
1
77
80
21
107
1
77
80
21
107
1
77
80