43
33
77
80
21
43
33
77
80
21
43
33
77
80
21
43
33
77
80
21
43
33
77
80
21
43
33
77
80
21
43
33
77
80
21
43
33
77
80
21
43
33
77
80
21
43
33
77
80
21
43
33
77
80
21
43
33
77
80
21
43
33
77
80
21
43
33
77
80
21
43
33
77
80
21
43
33
77
80
21
43
33
77
80
21
43
33
77
80
21
43
33
77
80
21
43
33
77
80
21
43
33
77
80
21
43
33
77
80
21
43
33
77
80
21
43
33
77
80
21
43
33
77
80
21
43
33
77
80
21
43
33
77
80
21
43
33
77
80
21
43
33
77
80
21
43
33
77
80
21
43
33
77
80
21
43
33
77
80
21
43
33
77
80
21
43
33
77
80
21
43
33
77
80
21
43
33
77
80
21
43
33
77
80
21
43
33
77
80
21
43
33
77
80
21
43
33
77
80
21
43
33
77
80
21
43
33
77
80
21
43
33
77
80
21
43
33
77
80
21
43
33
77
80
21
43
33
77
80
21
43
33
77
80
21
43
33
77
80
21
43
33
77
80
21
43
33
77
80
21