5
25
23
18
30
5
25
23
18
30
5
25
23
18
30
5
25
23
18
30
5
25
23
18
30
5
25
23
18
30
5
25
23
18
30
5
25
23
18
30
5
25
23
18
30
5
25
23
18
30
5
25
23
18
30
5
25
23
18
30
5
25
23
18
30
5
25
23
18
30
5
25
23
18
30
5
25
23
18
30
5
25
23
18
30
5
25
23
18
30
5
25
23
18
30
5
25
23
18
30
5
25
23
18
30
5
25
23
18
30
5
25
23
18
30
5
25
23
18
30
5
25
23
18
30
5
25
23
18
30
5
25
23
18
30
5
25
23
18
30
5
25
23
18
30
5
25
23
18
30
5
25
23
18
30
5
25
23
18
30
5
25
23
18
30
5
25
23
18
30
5
25
23
18
30
5
25
23
18
30
5
25
23
18
30
5
25
23
18
30
5
25
23
18
30
5
25
23
18
30
5
25
23
18
30
5
25
23
18
30
5
25
23
18
30
5
25
23
18
30
5
25
23
18
30
5
25
23
18
30
5
25
23
18
30
5
25
23
18
30
5
25
23
18
30
5
25
23
18
30