30
25
83
18
29
30
25
83
18
29
30
25
83
18
29
30
25
83
18
29
30
25
83
18
29
30
25
83
18
29
30
25
83
18
29
30
25
83
18
29
30
25
83
18
29
30
25
83
18
29
30
25
83
18
29
30
25
83
18
29
30
25
83
18
29
30
25
83
18
29
30
25
83
18
29
30
25
83
18
29
30
25
83
18
29
30
25
83
18
29
30
25
83
18
29
30
25
83
18
29
30
25
83
18
29
30
25
83
18
29
30
25
83
18
29
30
25
83
18
29
30
25
83
18
29
30
25
83
18
29
30
25
83
18
29
30
25
83
18
29
30
25
83
18
29
30
25
83
18
29
30
25
83
18
29
30
25
83
18
29
30
25
83
18
29
30
25
83
18
29
30
25
83
18
29
30
25
83
18
29
30
25
83
18
29
30
25
83
18
29
30
25
83
18
29
30
25
83
18
29
30
25
83
18
29
30
25
83
18
29
30
25
83
18
29
30
25
83
18
29
30
25
83
18
29
30
25
83
18
29
30
25
83
18
29
30
25
83
18
29
30
25
83
18
29
30
25
83
18
29