5
23
67
18
29
5
23
67
18
29
5
23
67
18
29
5
23
67
18
29
5
23
67
18
29
5
23
67
18
29
5
23
67
18
29
5
23
67
18
29
5
23
67
18
29
5
23
67
18
29
5
23
67
18
29
5
23
67
18
29
5
23
67
18
29
5
23
67
18
29
5
23
67
18
29
5
23
67
18
29
5
23
67
18
29
5
23
67
18
29
5
23
67
18
29
5
23
67
18
29
5
23
67
18
29
5
23
67
18
29
5
23
67
18
29
5
23
67
18
29
5
23
67
18
29
5
23
67
18
29
5
23
67
18
29
5
23
67
18
29
5
23
67
18
29
5
23
67
18
29
5
23
67
18
29
5
23
67
18
29
5
23
67
18
29
5
23
67
18
29
5
23
67
18
29
5
23
67
18
29
5
23
67
18
29
5
23
67
18
29
5
23
67
18
29
5
23
67
18
29
5
23
67
18
29
5
23
67
18
29
5
23
67
18
29
5
23
67
18
29
5
23
67
18
29
5
23
67
18
29
5
23
67
18
29
5
23
67
18
29
5
23
67
18
29
5
23
67
18
29