83
25
67
18
5
83
25
67
18
5
83
25
67
18
5
83
25
67
18
5
83
25
67
18
5
83
25
67
18
5
83
25
67
18
5
83
25
67
18
5
83
25
67
18
5
83
25
67
18
5
83
25
67
18
5
83
25
67
18
5
83
25
67
18
5
83
25
67
18
5
83
25
67
18
5
83
25
67
18
5
83
25
67
18
5
83
25
67
18
5
83
25
67
18
5
83
25
67
18
5
83
25
67
18
5
83
25
67
18
5
83
25
67
18
5
83
25
67
18
5
83
25
67
18
5
83
25
67
18
5
83
25
67
18
5
83
25
67
18
5
83
25
67
18
5
83
25
67
18
5
83
25
67
18
5
83
25
67
18
5
83
25
67
18
5
83
25
67
18
5
83
25
67
18
5
83
25
67
18
5
83
25
67
18
5
83
25
67
18
5
83
25
67
18
5
83
25
67
18
5
83
25
67
18
5
83
25
67
18
5
83
25
67
18
5
83
25
67
18
5
83
25
67
18
5
83
25
67
18
5
83
25
67
18
5
83
25
67
18
5
83
25
67
18
5
83
25
67
18
5