83
18
30
25
67
83
18
30
25
67
83
18
30
25
67
83
18
30
25
67
83
18
30
25
67
83
18
30
25
67
83
18
30
25
67
83
18
30
25
67
83
18
30
25
67
83
18
30
25
67
83
18
30
25
67
83
18
30
25
67
83
18
30
25
67
83
18
30
25
67
83
18
30
25
67
83
18
30
25
67
83
18
30
25
67
83
18
30
25
67
83
18
30
25
67
83
18
30
25
67
83
18
30
25
67
83
18
30
25
67
83
18
30
25
67
83
18
30
25
67
83
18
30
25
67
83
18
30
25
67
83
18
30
25
67
83
18
30
25
67
83
18
30
25
67
83
18
30
25
67
83
18
30
25
67
83
18
30
25
67
83
18
30
25
67
83
18
30
25
67
83
18
30
25
67
83
18
30
25
67
83
18
30
25
67
83
18
30
25
67
83
18
30
25
67
83
18
30
25
67
83
18
30
25
67
83
18
30
25
67
83
18
30
25
67
83
18
30
25
67
83
18
30
25
67
83
18
30
25
67
83
18
30
25
67
83
18
30
25
67
83
18
30
25
67
83
18
30
25
67