25
83
18
67
29
25
83
18
67
29
25
83
18
67
29
25
83
18
67
29
25
83
18
67
29
25
83
18
67
29
25
83
18
67
29
25
83
18
67
29
25
83
18
67
29
25
83
18
67
29
25
83
18
67
29
25
83
18
67
29
25
83
18
67
29
25
83
18
67
29
25
83
18
67
29
25
83
18
67
29
25
83
18
67
29
25
83
18
67
29
25
83
18
67
29
25
83
18
67
29
25
83
18
67
29
25
83
18
67
29
25
83
18
67
29
25
83
18
67
29
25
83
18
67
29
25
83
18
67
29
25
83
18
67
29
25
83
18
67
29
25
83
18
67
29
25
83
18
67
29
25
83
18
67
29
25
83
18
67
29
25
83
18
67
29
25
83
18
67
29
25
83
18
67
29
25
83
18
67
29
25
83
18
67
29
25
83
18
67
29
25
83
18
67
29
25
83
18
67
29
25
83
18
67
29
25
83
18
67
29
25
83
18
67
29
25
83
18
67
29
25
83
18
67
29
25
83
18
67
29
25
83
18
67
29
25
83
18
67
29
25
83
18
67
29
25
83
18
67
29