23
30
29
67
5
23
30
29
67
5
23
30
29
67
5
23
30
29
67
5
23
30
29
67
5
23
30
29
67
5
23
30
29
67
5
23
30
29
67
5
23
30
29
67
5
23
30
29
67
5
23
30
29
67
5
23
30
29
67
5
23
30
29
67
5
23
30
29
67
5
23
30
29
67
5
23
30
29
67
5
23
30
29
67
5
23
30
29
67
5
23
30
29
67
5
23
30
29
67
5
23
30
29
67
5
23
30
29
67
5
23
30
29
67
5
23
30
29
67
5
23
30
29
67
5
23
30
29
67
5
23
30
29
67
5
23
30
29
67
5
23
30
29
67
5
23
30
29
67
5
23
30
29
67
5
23
30
29
67
5
23
30
29
67
5
23
30
29
67
5
23
30
29
67
5
23
30
29
67
5
23
30
29
67
5
23
30
29
67
5
23
30
29
67
5
23
30
29
67
5
23
30
29
67
5
23
30
29
67
5
23
30
29
67
5
23
30
29
67
5
23
30
29
67
5
23
30
29
67
5
23
30
29
67
5
23
30
29
67
5
23
30
29
67
5
23
30
29
67
5