30
29
83
67
23
30
29
83
67
23
30
29
83
67
23
30
29
83
67
23
30
29
83
67
23
30
29
83
67
23
30
29
83
67
23
30
29
83
67
23
30
29
83
67
23
30
29
83
67
23
30
29
83
67
23
30
29
83
67
23
30
29
83
67
23
30
29
83
67
23
30
29
83
67
23
30
29
83
67
23
30
29
83
67
23
30
29
83
67
23
30
29
83
67
23
30
29
83
67
23
30
29
83
67
23
30
29
83
67
23
30
29
83
67
23
30
29
83
67
23
30
29
83
67
23
30
29
83
67
23
30
29
83
67
23
30
29
83
67
23
30
29
83
67
23
30
29
83
67
23
30
29
83
67
23
30
29
83
67
23
30
29
83
67
23
30
29
83
67
23
30
29
83
67
23
30
29
83
67
23
30
29
83
67
23
30
29
83
67
23
30
29
83
67
23
30
29
83
67
23
30
29
83
67
23
30
29
83
67
23
30
29
83
67
23
30
29
83
67
23
30
29
83
67
23
30
29
83
67
23
30
29
83
67
23
30
29
83
67
23
30
29
83
67
23
30
29
83
67
23