18
30
5
29
83
18
30
5
29
83
18
30
5
29
83
18
30
5
29
83
18
30
5
29
83
18
30
5
29
83
18
30
5
29
83
18
30
5
29
83
18
30
5
29
83
18
30
5
29
83
18
30
5
29
83
18
30
5
29
83
18
30
5
29
83
18
30
5
29
83
18
30
5
29
83
18
30
5
29
83
18
30
5
29
83
18
30
5
29
83
18
30
5
29
83
18
30
5
29
83
18
30
5
29
83
18
30
5
29
83
18
30
5
29
83
18
30
5
29
83
18
30
5
29
83
18
30
5
29
83
18
30
5
29
83
18
30
5
29
83
18
30
5
29
83
18
30
5
29
83
18
30
5
29
83
18
30
5
29
83
18
30
5
29
83
18
30
5
29
83
18
30
5
29
83
18
30
5
29
83
18
30
5
29
83
18
30
5
29
83
18
30
5
29
83
18
30
5
29
83
18
30
5
29
83
18
30
5
29
83
18
30
5
29
83
18
30
5
29
83
18
30
5
29
83
18
30
5
29
83
18
30
5
29
83
18
30
5
29
83
18
30
5
29
83
18
30
5
29
83