25
29
67
18
5
25
29
67
18
5
25
29
67
18
5
25
29
67
18
5
25
29
67
18
5
25
29
67
18
5
25
29
67
18
5
25
29
67
18
5
25
29
67
18
5
25
29
67
18
5
25
29
67
18
5
25
29
67
18
5
25
29
67
18
5
25
29
67
18
5
25
29
67
18
5
25
29
67
18
5
25
29
67
18
5
25
29
67
18
5
25
29
67
18
5
25
29
67
18
5
25
29
67
18
5
25
29
67
18
5
25
29
67
18
5
25
29
67
18
5
25
29
67
18
5
25
29
67
18
5
25
29
67
18
5
25
29
67
18
5
25
29
67
18
5
25
29
67
18
5
25
29
67
18
5
25
29
67
18
5
25
29
67
18
5
25
29
67
18
5
25
29
67
18
5
25
29
67
18
5
25
29
67
18
5
25
29
67
18
5
25
29
67
18
5
25
29
67
18
5
25
29
67
18
5
25
29
67
18
5
25
29
67
18
5
25
29
67
18
5
25
29
67
18
5
25
29
67
18
5
25
29
67
18
5
25
29
67
18
5
25
29
67
18
5
25
29
67
18
5