23
29
5
25
83
23
29
5
25
83
23
29
5
25
83
23
29
5
25
83
23
29
5
25
83
23
29
5
25
83
23
29
5
25
83
23
29
5
25
83
23
29
5
25
83
23
29
5
25
83
23
29
5
25
83
23
29
5
25
83
23
29
5
25
83
23
29
5
25
83
23
29
5
25
83
23
29
5
25
83
23
29
5
25
83
23
29
5
25
83
23
29
5
25
83
23
29
5
25
83
23
29
5
25
83
23
29
5
25
83
23
29
5
25
83
23
29
5
25
83
23
29
5
25
83
23
29
5
25
83
23
29
5
25
83
23
29
5
25
83
23
29
5
25
83
23
29
5
25
83
23
29
5
25
83
23
29
5
25
83
23
29
5
25
83
23
29
5
25
83
23
29
5
25
83
23
29
5
25
83
23
29
5
25
83
23
29
5
25
83
23
29
5
25
83
23
29
5
25
83
23
29
5
25
83
23
29
5
25
83
23
29
5
25
83
23
29
5
25
83
23
29
5
25
83
23
29
5
25
83
23
29
5
25
83
23
29
5
25
83
23
29
5
25
83
23
29
5
25
83