67
25
30
5
83
67
25
30
5
83
67
25
30
5
83
67
25
30
5
83
67
25
30
5
83
67
25
30
5
83
67
25
30
5
83
67
25
30
5
83
67
25
30
5
83
67
25
30
5
83
67
25
30
5
83
67
25
30
5
83
67
25
30
5
83
67
25
30
5
83
67
25
30
5
83
67
25
30
5
83
67
25
30
5
83
67
25
30
5
83
67
25
30
5
83
67
25
30
5
83
67
25
30
5
83
67
25
30
5
83
67
25
30
5
83
67
25
30
5
83
67
25
30
5
83
67
25
30
5
83
67
25
30
5
83
67
25
30
5
83
67
25
30
5
83
67
25
30
5
83
67
25
30
5
83
67
25
30
5
83
67
25
30
5
83
67
25
30
5
83
67
25
30
5
83
67
25
30
5
83
67
25
30
5
83
67
25
30
5
83
67
25
30
5
83
67
25
30
5
83
67
25
30
5
83
67
25
30
5
83
67
25
30
5
83
67
25
30
5
83
67
25
30
5
83
67
25
30
5
83
67
25
30
5
83
67
25
30
5
83
67
25
30
5
83
67
25
30
5
83