30
29
67
83
25
30
29
67
83
25
30
29
67
83
25
30
29
67
83
25
30
29
67
83
25
30
29
67
83
25
30
29
67
83
25
30
29
67
83
25
30
29
67
83
25
30
29
67
83
25
30
29
67
83
25
30
29
67
83
25
30
29
67
83
25
30
29
67
83
25
30
29
67
83
25
30
29
67
83
25
30
29
67
83
25
30
29
67
83
25
30
29
67
83
25
30
29
67
83
25
30
29
67
83
25
30
29
67
83
25
30
29
67
83
25
30
29
67
83
25
30
29
67
83
25
30
29
67
83
25
30
29
67
83
25
30
29
67
83
25
30
29
67
83
25
30
29
67
83
25
30
29
67
83
25
30
29
67
83
25
30
29
67
83
25
30
29
67
83
25
30
29
67
83
25
30
29
67
83
25
30
29
67
83
25
30
29
67
83
25
30
29
67
83
25
30
29
67
83
25
30
29
67
83
25
30
29
67
83
25
30
29
67
83
25
30
29
67
83
25
30
29
67
83
25
30
29
67
83
25
30
29
67
83
25
30
29
67
83
25
30
29
67
83
25
30
29
67
83
25