5
25
23
67
30
5
25
23
67
30
5
25
23
67
30
5
25
23
67
30
5
25
23
67
30
5
25
23
67
30
5
25
23
67
30
5
25
23
67
30
5
25
23
67
30
5
25
23
67
30
5
25
23
67
30
5
25
23
67
30
5
25
23
67
30
5
25
23
67
30
5
25
23
67
30
5
25
23
67
30
5
25
23
67
30
5
25
23
67
30
5
25
23
67
30
5
25
23
67
30
5
25
23
67
30
5
25
23
67
30
5
25
23
67
30
5
25
23
67
30
5
25
23
67
30
5
25
23
67
30
5
25
23
67
30
5
25
23
67
30
5
25
23
67
30
5
25
23
67
30
5
25
23
67
30
5
25
23
67
30
5
25
23
67
30
5
25
23
67
30
5
25
23
67
30
5
25
23
67
30
5
25
23
67
30
5
25
23
67
30
5
25
23
67
30
5
25
23
67
30
5
25
23
67
30
5
25
23
67
30
5
25
23
67
30
5
25
23
67
30
5
25
23
67
30
5
25
23
67
30
5
25
23
67
30
5
25
23
67
30
5
25
23
67
30
5
25
23
67
30