67
5
25
23
29
67
5
25
23
29
67
5
25
23
29
67
5
25
23
29
67
5
25
23
29
67
5
25
23
29
67
5
25
23
29
67
5
25
23
29
67
5
25
23
29
67
5
25
23
29
67
5
25
23
29
67
5
25
23
29
67
5
25
23
29
67
5
25
23
29
67
5
25
23
29
67
5
25
23
29
67
5
25
23
29
67
5
25
23
29
67
5
25
23
29
67
5
25
23
29
67
5
25
23
29
67
5
25
23
29
67
5
25
23
29
67
5
25
23
29
67
5
25
23
29
67
5
25
23
29
67
5
25
23
29
67
5
25
23
29
67
5
25
23
29
67
5
25
23
29
67
5
25
23
29
67
5
25
23
29
67
5
25
23
29
67
5
25
23
29
67
5
25
23
29
67
5
25
23
29
67
5
25
23
29
67
5
25
23
29
67
5
25
23
29
67
5
25
23
29
67
5
25
23
29
67
5
25
23
29
67
5
25
23
29
67
5
25
23
29
67
5
25
23
29
67
5
25
23
29
67
5
25
23
29
67
5
25
23
29
67
5
25
23
29
67
5
25
23
29