25
67
23
5
83
25
67
23
5
83
25
67
23
5
83
25
67
23
5
83
25
67
23
5
83
25
67
23
5
83
25
67
23
5
83
25
67
23
5
83
25
67
23
5
83
25
67
23
5
83
25
67
23
5
83
25
67
23
5
83
25
67
23
5
83
25
67
23
5
83
25
67
23
5
83
25
67
23
5
83
25
67
23
5
83
25
67
23
5
83
25
67
23
5
83
25
67
23
5
83
25
67
23
5
83
25
67
23
5
83
25
67
23
5
83
25
67
23
5
83
25
67
23
5
83
25
67
23
5
83
25
67
23
5
83
25
67
23
5
83
25
67
23
5
83
25
67
23
5
83
25
67
23
5
83
25
67
23
5
83
25
67
23
5
83
25
67
23
5
83
25
67
23
5
83
25
67
23
5
83
25
67
23
5
83
25
67
23
5
83
25
67
23
5
83
25
67
23
5
83
25
67
23
5
83
25
67
23
5
83
25
67
23
5
83
25
67
23
5
83
25
67
23
5
83
25
67
23
5
83
25
67
23
5
83
25
67
23
5
83
25
67
23
5
83
25
67
23
5
83