67
5
25
18
83
67
5
25
18
83
67
5
25
18
83
67
5
25
18
83
67
5
25
18
83
67
5
25
18
83
67
5
25
18
83
67
5
25
18
83
67
5
25
18
83
67
5
25
18
83
67
5
25
18
83
67
5
25
18
83
67
5
25
18
83
67
5
25
18
83
67
5
25
18
83
67
5
25
18
83
67
5
25
18
83
67
5
25
18
83
67
5
25
18
83
67
5
25
18
83
67
5
25
18
83
67
5
25
18
83
67
5
25
18
83
67
5
25
18
83
67
5
25
18
83
67
5
25
18
83
67
5
25
18
83
67
5
25
18
83
67
5
25
18
83
67
5
25
18
83
67
5
25
18
83
67
5
25
18
83
67
5
25
18
83
67
5
25
18
83
67
5
25
18
83
67
5
25
18
83
67
5
25
18
83
67
5
25
18
83
67
5
25
18
83
67
5
25
18
83
67
5
25
18
83
67
5
25
18
83
67
5
25
18
83
67
5
25
18
83
67
5
25
18
83
67
5
25
18
83
67
5
25
18
83
67
5
25
18
83
67
5
25
18
83
67
5
25
18
83