18
83
23
30
25
18
83
23
30
25
18
83
23
30
25
18
83
23
30
25
18
83
23
30
25
18
83
23
30
25
18
83
23
30
25
18
83
23
30
25
18
83
23
30
25
18
83
23
30
25
18
83
23
30
25
18
83
23
30
25
18
83
23
30
25
18
83
23
30
25
18
83
23
30
25
18
83
23
30
25
18
83
23
30
25
18
83
23
30
25
18
83
23
30
25
18
83
23
30
25
18
83
23
30
25
18
83
23
30
25
18
83
23
30
25
18
83
23
30
25
18
83
23
30
25
18
83
23
30
25
18
83
23
30
25
18
83
23
30
25
18
83
23
30
25
18
83
23
30
25
18
83
23
30
25
18
83
23
30
25
18
83
23
30
25
18
83
23
30
25
18
83
23
30
25
18
83
23
30
25
18
83
23
30
25
18
83
23
30
25
18
83
23
30
25
18
83
23
30
25
18
83
23
30
25
18
83
23
30
25
18
83
23
30
25
18
83
23
30
25
18
83
23
30
25
18
83
23
30
25
18
83
23
30
25
18
83
23
30
25
18
83
23
30
25
18
83
23
30
25