29
30
18
83
23
29
30
18
83
23
29
30
18
83
23
29
30
18
83
23
29
30
18
83
23
29
30
18
83
23
29
30
18
83
23
29
30
18
83
23
29
30
18
83
23
29
30
18
83
23
29
30
18
83
23
29
30
18
83
23
29
30
18
83
23
29
30
18
83
23
29
30
18
83
23
29
30
18
83
23
29
30
18
83
23
29
30
18
83
23
29
30
18
83
23
29
30
18
83
23
29
30
18
83
23
29
30
18
83
23
29
30
18
83
23
29
30
18
83
23
29
30
18
83
23
29
30
18
83
23
29
30
18
83
23
29
30
18
83
23
29
30
18
83
23
29
30
18
83
23
29
30
18
83
23
29
30
18
83
23
29
30
18
83
23
29
30
18
83
23
29
30
18
83
23
29
30
18
83
23
29
30
18
83
23
29
30
18
83
23
29
30
18
83
23
29
30
18
83
23
29
30
18
83
23
29
30
18
83
23
29
30
18
83
23
29
30
18
83
23
29
30
18
83
23
29
30
18
83
23
29
30
18
83
23
29
30
18
83
23
29
30
18
83
23
29
30
18
83
23