23
83
25
67
30
23
83
25
67
30
23
83
25
67
30
23
83
25
67
30
23
83
25
67
30
23
83
25
67
30
23
83
25
67
30
23
83
25
67
30
23
83
25
67
30
23
83
25
67
30
23
83
25
67
30
23
83
25
67
30
23
83
25
67
30
23
83
25
67
30
23
83
25
67
30
23
83
25
67
30
23
83
25
67
30
23
83
25
67
30
23
83
25
67
30
23
83
25
67
30
23
83
25
67
30
23
83
25
67
30
23
83
25
67
30
23
83
25
67
30
23
83
25
67
30
23
83
25
67
30
23
83
25
67
30
23
83
25
67
30
23
83
25
67
30
23
83
25
67
30
23
83
25
67
30
23
83
25
67
30
23
83
25
67
30
23
83
25
67
30
23
83
25
67
30
23
83
25
67
30
23
83
25
67
30
23
83
25
67
30
23
83
25
67
30
23
83
25
67
30
23
83
25
67
30
23
83
25
67
30
23
83
25
67
30
23
83
25
67
30
23
83
25
67
30
23
83
25
67
30
23
83
25
67
30
23
83
25
67
30
23
83
25
67
30
23
83
25
67
30