29
67
83
30
23
29
67
83
30
23
29
67
83
30
23
29
67
83
30
23
29
67
83
30
23
29
67
83
30
23
29
67
83
30
23
29
67
83
30
23
29
67
83
30
23
29
67
83
30
23
29
67
83
30
23
29
67
83
30
23
29
67
83
30
23
29
67
83
30
23
29
67
83
30
23
29
67
83
30
23
29
67
83
30
23
29
67
83
30
23
29
67
83
30
23
29
67
83
30
23
29
67
83
30
23
29
67
83
30
23
29
67
83
30
23
29
67
83
30
23
29
67
83
30
23
29
67
83
30
23
29
67
83
30
23
29
67
83
30
23
29
67
83
30
23
29
67
83
30
23
29
67
83
30
23
29
67
83
30
23
29
67
83
30
23
29
67
83
30
23
29
67
83
30
23
29
67
83
30
23
29
67
83
30
23
29
67
83
30
23
29
67
83
30
23
29
67
83
30
23
29
67
83
30
23
29
67
83
30
23
29
67
83
30
23
29
67
83
30
23
29
67
83
30
23
29
67
83
30
23
29
67
83
30
23
29
67
83
30
23
29
67
83
30
23
29
67
83
30
23