67
30
23
83
29
67
30
23
83
29
67
30
23
83
29
67
30
23
83
29
67
30
23
83
29
67
30
23
83
29
67
30
23
83
29
67
30
23
83
29
67
30
23
83
29
67
30
23
83
29
67
30
23
83
29
67
30
23
83
29
67
30
23
83
29
67
30
23
83
29
67
30
23
83
29
67
30
23
83
29
67
30
23
83
29
67
30
23
83
29
67
30
23
83
29
67
30
23
83
29
67
30
23
83
29
67
30
23
83
29
67
30
23
83
29
67
30
23
83
29
67
30
23
83
29
67
30
23
83
29
67
30
23
83
29
67
30
23
83
29
67
30
23
83
29
67
30
23
83
29
67
30
23
83
29
67
30
23
83
29
67
30
23
83
29
67
30
23
83
29
67
30
23
83
29
67
30
23
83
29
67
30
23
83
29
67
30
23
83
29
67
30
23
83
29
67
30
23
83
29
67
30
23
83
29
67
30
23
83
29
67
30
23
83
29
67
30
23
83
29
67
30
23
83
29
67
30
23
83
29
67
30
23
83
29
67
30
23
83
29
67
30
23
83
29
67
30
23
83
29