5
18
25
30
29
5
18
25
30
29
5
18
25
30
29
5
18
25
30
29
5
18
25
30
29
5
18
25
30
29
5
18
25
30
29
5
18
25
30
29
5
18
25
30
29
5
18
25
30
29
5
18
25
30
29
5
18
25
30
29
5
18
25
30
29
5
18
25
30
29
5
18
25
30
29
5
18
25
30
29
5
18
25
30
29
5
18
25
30
29
5
18
25
30
29
5
18
25
30
29
5
18
25
30
29
5
18
25
30
29
5
18
25
30
29
5
18
25
30
29
5
18
25
30
29
5
18
25
30
29
5
18
25
30
29
5
18
25
30
29
5
18
25
30
29
5
18
25
30
29
5
18
25
30
29
5
18
25
30
29
5
18
25
30
29
5
18
25
30
29
5
18
25
30
29
5
18
25
30
29
5
18
25
30
29
5
18
25
30
29
5
18
25
30
29
5
18
25
30
29
5
18
25
30
29
5
18
25
30
29
5
18
25
30
29
5
18
25
30
29
5
18
25
30
29
5
18
25
30
29
5
18
25
30
29
5
18
25
30
29
5
18
25
30
29
5
18
25
30
29