67
5
23
30
18
67
5
23
30
18
67
5
23
30
18
67
5
23
30
18
67
5
23
30
18
67
5
23
30
18
67
5
23
30
18
67
5
23
30
18
67
5
23
30
18
67
5
23
30
18
67
5
23
30
18
67
5
23
30
18
67
5
23
30
18
67
5
23
30
18
67
5
23
30
18
67
5
23
30
18
67
5
23
30
18
67
5
23
30
18
67
5
23
30
18
67
5
23
30
18
67
5
23
30
18
67
5
23
30
18
67
5
23
30
18
67
5
23
30
18
67
5
23
30
18
67
5
23
30
18
67
5
23
30
18
67
5
23
30
18
67
5
23
30
18
67
5
23
30
18
67
5
23
30
18
67
5
23
30
18
67
5
23
30
18
67
5
23
30
18
67
5
23
30
18
67
5
23
30
18
67
5
23
30
18
67
5
23
30
18
67
5
23
30
18
67
5
23
30
18
67
5
23
30
18
67
5
23
30
18
67
5
23
30
18
67
5
23
30
18
67
5
23
30
18
67
5
23
30
18
67
5
23
30
18
67
5
23
30
18
67
5
23
30
18
67
5
23
30
18