67
23
30
25
18
67
23
30
25
18
67
23
30
25
18
67
23
30
25
18
67
23
30
25
18
67
23
30
25
18
67
23
30
25
18
67
23
30
25
18
67
23
30
25
18
67
23
30
25
18
67
23
30
25
18
67
23
30
25
18
67
23
30
25
18
67
23
30
25
18
67
23
30
25
18
67
23
30
25
18
67
23
30
25
18
67
23
30
25
18
67
23
30
25
18
67
23
30
25
18
67
23
30
25
18
67
23
30
25
18
67
23
30
25
18
67
23
30
25
18
67
23
30
25
18
67
23
30
25
18
67
23
30
25
18
67
23
30
25
18
67
23
30
25
18
67
23
30
25
18
67
23
30
25
18
67
23
30
25
18
67
23
30
25
18
67
23
30
25
18
67
23
30
25
18
67
23
30
25
18
67
23
30
25
18
67
23
30
25
18
67
23
30
25
18
67
23
30
25
18
67
23
30
25
18
67
23
30
25
18
67
23
30
25
18
67
23
30
25
18
67
23
30
25
18
67
23
30
25
18
67
23
30
25
18
67
23
30
25
18
67
23
30
25
18
67
23
30
25
18