25
5
67
29
18
25
5
67
29
18
25
5
67
29
18
25
5
67
29
18
25
5
67
29
18
25
5
67
29
18
25
5
67
29
18
25
5
67
29
18
25
5
67
29
18
25
5
67
29
18
25
5
67
29
18
25
5
67
29
18
25
5
67
29
18
25
5
67
29
18
25
5
67
29
18
25
5
67
29
18
25
5
67
29
18
25
5
67
29
18
25
5
67
29
18
25
5
67
29
18
25
5
67
29
18
25
5
67
29
18
25
5
67
29
18
25
5
67
29
18
25
5
67
29
18
25
5
67
29
18
25
5
67
29
18
25
5
67
29
18
25
5
67
29
18
25
5
67
29
18
25
5
67
29
18
25
5
67
29
18
25
5
67
29
18
25
5
67
29
18
25
5
67
29
18
25
5
67
29
18
25
5
67
29
18
25
5
67
29
18
25
5
67
29
18
25
5
67
29
18
25
5
67
29
18
25
5
67
29
18
25
5
67
29
18
25
5
67
29
18
25
5
67
29
18
25
5
67
29
18
25
5
67
29
18
25
5
67
29
18
25
5
67
29
18
25
5
67
29
18