23
29
18
30
83
23
29
18
30
83
23
29
18
30
83
23
29
18
30
83
23
29
18
30
83
23
29
18
30
83
23
29
18
30
83
23
29
18
30
83
23
29
18
30
83
23
29
18
30
83
23
29
18
30
83
23
29
18
30
83
23
29
18
30
83
23
29
18
30
83
23
29
18
30
83
23
29
18
30
83
23
29
18
30
83
23
29
18
30
83
23
29
18
30
83
23
29
18
30
83
23
29
18
30
83
23
29
18
30
83
23
29
18
30
83
23
29
18
30
83
23
29
18
30
83
23
29
18
30
83
23
29
18
30
83
23
29
18
30
83
23
29
18
30
83
23
29
18
30
83
23
29
18
30
83
23
29
18
30
83
23
29
18
30
83
23
29
18
30
83
23
29
18
30
83
23
29
18
30
83
23
29
18
30
83
23
29
18
30
83
23
29
18
30
83
23
29
18
30
83
23
29
18
30
83
23
29
18
30
83
23
29
18
30
83
23
29
18
30
83
23
29
18
30
83
23
29
18
30
83
23
29
18
30
83
23
29
18
30
83
23
29
18
30
83
23
29
18
30
83