18
29
23
25
67
18
29
23
25
67
18
29
23
25
67
18
29
23
25
67
18
29
23
25
67
18
29
23
25
67
18
29
23
25
67
18
29
23
25
67
18
29
23
25
67
18
29
23
25
67
18
29
23
25
67
18
29
23
25
67
18
29
23
25
67
18
29
23
25
67
18
29
23
25
67
18
29
23
25
67
18
29
23
25
67
18
29
23
25
67
18
29
23
25
67
18
29
23
25
67
18
29
23
25
67
18
29
23
25
67
18
29
23
25
67
18
29
23
25
67
18
29
23
25
67
18
29
23
25
67
18
29
23
25
67
18
29
23
25
67
18
29
23
25
67
18
29
23
25
67
18
29
23
25
67
18
29
23
25
67
18
29
23
25
67
18
29
23
25
67
18
29
23
25
67
18
29
23
25
67
18
29
23
25
67
18
29
23
25
67
18
29
23
25
67
18
29
23
25
67
18
29
23
25
67
18
29
23
25
67
18
29
23
25
67
18
29
23
25
67
18
29
23
25
67
18
29
23
25
67
18
29
23
25
67
18
29
23
25
67
18
29
23
25
67
18
29
23
25
67