23
5
18
67
30
23
5
18
67
30
23
5
18
67
30
23
5
18
67
30
23
5
18
67
30
23
5
18
67
30
23
5
18
67
30
23
5
18
67
30
23
5
18
67
30
23
5
18
67
30
23
5
18
67
30
23
5
18
67
30
23
5
18
67
30
23
5
18
67
30
23
5
18
67
30
23
5
18
67
30
23
5
18
67
30
23
5
18
67
30
23
5
18
67
30
23
5
18
67
30
23
5
18
67
30
23
5
18
67
30
23
5
18
67
30
23
5
18
67
30
23
5
18
67
30
23
5
18
67
30
23
5
18
67
30
23
5
18
67
30
23
5
18
67
30
23
5
18
67
30
23
5
18
67
30
23
5
18
67
30
23
5
18
67
30
23
5
18
67
30
23
5
18
67
30
23
5
18
67
30
23
5
18
67
30
23
5
18
67
30
23
5
18
67
30
23
5
18
67
30
23
5
18
67
30
23
5
18
67
30
23
5
18
67
30
23
5
18
67
30
23
5
18
67
30
23
5
18
67
30
23
5
18
67
30
23
5
18
67
30
23
5
18
67
30
23
5
18
67
30