25
67
18
30
5
25
67
18
30
5
25
67
18
30
5
25
67
18
30
5
25
67
18
30
5
25
67
18
30
5
25
67
18
30
5
25
67
18
30
5
25
67
18
30
5
25
67
18
30
5
25
67
18
30
5
25
67
18
30
5
25
67
18
30
5
25
67
18
30
5
25
67
18
30
5
25
67
18
30
5
25
67
18
30
5
25
67
18
30
5
25
67
18
30
5
25
67
18
30
5
25
67
18
30
5
25
67
18
30
5
25
67
18
30
5
25
67
18
30
5
25
67
18
30
5
25
67
18
30
5
25
67
18
30
5
25
67
18
30
5
25
67
18
30
5
25
67
18
30
5
25
67
18
30
5
25
67
18
30
5
25
67
18
30
5
25
67
18
30
5
25
67
18
30
5
25
67
18
30
5
25
67
18
30
5
25
67
18
30
5
25
67
18
30
5
25
67
18
30
5
25
67
18
30
5
25
67
18
30
5
25
67
18
30
5
25
67
18
30
5
25
67
18
30
5
25
67
18
30
5
25
67
18
30
5
25
67
18
30
5
25
67
18
30
5
25
67
18
30
5