67
30
18
83
5
67
30
18
83
5
67
30
18
83
5
67
30
18
83
5
67
30
18
83
5
67
30
18
83
5
67
30
18
83
5
67
30
18
83
5
67
30
18
83
5
67
30
18
83
5
67
30
18
83
5
67
30
18
83
5
67
30
18
83
5
67
30
18
83
5
67
30
18
83
5
67
30
18
83
5
67
30
18
83
5
67
30
18
83
5
67
30
18
83
5
67
30
18
83
5
67
30
18
83
5
67
30
18
83
5
67
30
18
83
5
67
30
18
83
5
67
30
18
83
5
67
30
18
83
5
67
30
18
83
5
67
30
18
83
5
67
30
18
83
5
67
30
18
83
5
67
30
18
83
5
67
30
18
83
5
67
30
18
83
5
67
30
18
83
5
67
30
18
83
5
67
30
18
83
5
67
30
18
83
5
67
30
18
83
5
67
30
18
83
5
67
30
18
83
5
67
30
18
83
5
67
30
18
83
5
67
30
18
83
5
67
30
18
83
5
67
30
18
83
5
67
30
18
83
5
67
30
18
83
5
67
30
18
83
5
67
30
18
83
5
67
30
18
83
5