83
29
18
30
67
83
29
18
30
67
83
29
18
30
67
83
29
18
30
67
83
29
18
30
67
83
29
18
30
67
83
29
18
30
67
83
29
18
30
67
83
29
18
30
67
83
29
18
30
67
83
29
18
30
67
83
29
18
30
67
83
29
18
30
67
83
29
18
30
67
83
29
18
30
67
83
29
18
30
67
83
29
18
30
67
83
29
18
30
67
83
29
18
30
67
83
29
18
30
67
83
29
18
30
67
83
29
18
30
67
83
29
18
30
67
83
29
18
30
67
83
29
18
30
67
83
29
18
30
67
83
29
18
30
67
83
29
18
30
67
83
29
18
30
67
83
29
18
30
67
83
29
18
30
67
83
29
18
30
67
83
29
18
30
67
83
29
18
30
67
83
29
18
30
67
83
29
18
30
67
83
29
18
30
67
83
29
18
30
67
83
29
18
30
67
83
29
18
30
67
83
29
18
30
67
83
29
18
30
67
83
29
18
30
67
83
29
18
30
67
83
29
18
30
67
83
29
18
30
67
83
29
18
30
67
83
29
18
30
67
83
29
18
30
67
83
29
18
30
67