83
23
30
5
25
83
23
30
5
25
83
23
30
5
25
83
23
30
5
25
83
23
30
5
25
83
23
30
5
25
83
23
30
5
25
83
23
30
5
25
83
23
30
5
25
83
23
30
5
25
83
23
30
5
25
83
23
30
5
25
83
23
30
5
25
83
23
30
5
25
83
23
30
5
25
83
23
30
5
25
83
23
30
5
25
83
23
30
5
25
83
23
30
5
25
83
23
30
5
25
83
23
30
5
25
83
23
30
5
25
83
23
30
5
25
83
23
30
5
25
83
23
30
5
25
83
23
30
5
25
83
23
30
5
25
83
23
30
5
25
83
23
30
5
25
83
23
30
5
25
83
23
30
5
25
83
23
30
5
25
83
23
30
5
25
83
23
30
5
25
83
23
30
5
25
83
23
30
5
25
83
23
30
5
25
83
23
30
5
25
83
23
30
5
25
83
23
30
5
25
83
23
30
5
25
83
23
30
5
25
83
23
30
5
25
83
23
30
5
25
83
23
30
5
25
83
23
30
5
25
83
23
30
5
25
83
23
30
5
25
83
23
30
5
25
83
23
30
5
25