67
23
29
30
25
67
23
29
30
25
67
23
29
30
25
67
23
29
30
25
67
23
29
30
25
67
23
29
30
25
67
23
29
30
25
67
23
29
30
25
67
23
29
30
25
67
23
29
30
25
67
23
29
30
25
67
23
29
30
25
67
23
29
30
25
67
23
29
30
25
67
23
29
30
25
67
23
29
30
25
67
23
29
30
25
67
23
29
30
25
67
23
29
30
25
67
23
29
30
25
67
23
29
30
25
67
23
29
30
25
67
23
29
30
25
67
23
29
30
25
67
23
29
30
25
67
23
29
30
25
67
23
29
30
25
67
23
29
30
25
67
23
29
30
25
67
23
29
30
25
67
23
29
30
25
67
23
29
30
25
67
23
29
30
25
67
23
29
30
25
67
23
29
30
25
67
23
29
30
25
67
23
29
30
25
67
23
29
30
25
67
23
29
30
25
67
23
29
30
25
67
23
29
30
25
67
23
29
30
25
67
23
29
30
25
67
23
29
30
25
67
23
29
30
25
67
23
29
30
25
67
23
29
30
25
67
23
29
30
25
67
23
29
30
25
67
23
29
30
25