18
5
23
25
30
18
5
23
25
30
18
5
23
25
30
18
5
23
25
30
18
5
23
25
30
18
5
23
25
30
18
5
23
25
30
18
5
23
25
30
18
5
23
25
30
18
5
23
25
30
18
5
23
25
30
18
5
23
25
30
18
5
23
25
30
18
5
23
25
30
18
5
23
25
30
18
5
23
25
30
18
5
23
25
30
18
5
23
25
30
18
5
23
25
30
18
5
23
25
30
18
5
23
25
30
18
5
23
25
30
18
5
23
25
30
18
5
23
25
30
18
5
23
25
30
18
5
23
25
30
18
5
23
25
30
18
5
23
25
30
18
5
23
25
30
18
5
23
25
30
18
5
23
25
30
18
5
23
25
30
18
5
23
25
30
18
5
23
25
30
18
5
23
25
30
18
5
23
25
30
18
5
23
25
30
18
5
23
25
30
18
5
23
25
30
18
5
23
25
30
18
5
23
25
30
18
5
23
25
30
18
5
23
25
30
18
5
23
25
30
18
5
23
25
30
18
5
23
25
30
18
5
23
25
30
18
5
23
25
30
18
5
23
25
30
18
5
23
25
30