83
23
5
30
29
83
23
5
30
29
83
23
5
30
29
83
23
5
30
29
83
23
5
30
29
83
23
5
30
29
83
23
5
30
29
83
23
5
30
29
83
23
5
30
29
83
23
5
30
29
83
23
5
30
29
83
23
5
30
29
83
23
5
30
29
83
23
5
30
29
83
23
5
30
29
83
23
5
30
29
83
23
5
30
29
83
23
5
30
29
83
23
5
30
29
83
23
5
30
29
83
23
5
30
29
83
23
5
30
29
83
23
5
30
29
83
23
5
30
29
83
23
5
30
29
83
23
5
30
29
83
23
5
30
29
83
23
5
30
29
83
23
5
30
29
83
23
5
30
29
83
23
5
30
29
83
23
5
30
29
83
23
5
30
29
83
23
5
30
29
83
23
5
30
29
83
23
5
30
29
83
23
5
30
29
83
23
5
30
29
83
23
5
30
29
83
23
5
30
29
83
23
5
30
29
83
23
5
30
29
83
23
5
30
29
83
23
5
30
29
83
23
5
30
29
83
23
5
30
29
83
23
5
30
29
83
23
5
30
29
83
23
5
30
29
83
23
5
30
29