23
83
25
18
67
23
83
25
18
67
23
83
25
18
67
23
83
25
18
67
23
83
25
18
67
23
83
25
18
67
23
83
25
18
67
23
83
25
18
67
23
83
25
18
67
23
83
25
18
67
23
83
25
18
67
23
83
25
18
67
23
83
25
18
67
23
83
25
18
67
23
83
25
18
67
23
83
25
18
67
23
83
25
18
67
23
83
25
18
67
23
83
25
18
67
23
83
25
18
67
23
83
25
18
67
23
83
25
18
67
23
83
25
18
67
23
83
25
18
67
23
83
25
18
67
23
83
25
18
67
23
83
25
18
67
23
83
25
18
67
23
83
25
18
67
23
83
25
18
67
23
83
25
18
67
23
83
25
18
67
23
83
25
18
67
23
83
25
18
67
23
83
25
18
67
23
83
25
18
67
23
83
25
18
67
23
83
25
18
67
23
83
25
18
67
23
83
25
18
67
23
83
25
18
67
23
83
25
18
67
23
83
25
18
67
23
83
25
18
67
23
83
25
18
67
23
83
25
18
67
23
83
25
18
67
23
83
25
18
67
23
83
25
18
67
23
83
25
18
67