23
25
18
83
30
23
25
18
83
30
23
25
18
83
30
23
25
18
83
30
23
25
18
83
30
23
25
18
83
30
23
25
18
83
30
23
25
18
83
30
23
25
18
83
30
23
25
18
83
30
23
25
18
83
30
23
25
18
83
30
23
25
18
83
30
23
25
18
83
30
23
25
18
83
30
23
25
18
83
30
23
25
18
83
30
23
25
18
83
30
23
25
18
83
30
23
25
18
83
30
23
25
18
83
30
23
25
18
83
30
23
25
18
83
30
23
25
18
83
30
23
25
18
83
30
23
25
18
83
30
23
25
18
83
30
23
25
18
83
30
23
25
18
83
30
23
25
18
83
30
23
25
18
83
30
23
25
18
83
30
23
25
18
83
30
23
25
18
83
30
23
25
18
83
30
23
25
18
83
30
23
25
18
83
30
23
25
18
83
30
23
25
18
83
30
23
25
18
83
30
23
25
18
83
30
23
25
18
83
30
23
25
18
83
30
23
25
18
83
30
23
25
18
83
30
23
25
18
83
30
23
25
18
83
30
23
25
18
83
30
23
25
18
83
30
23
25
18
83
30