23
18
25
67
29
23
18
25
67
29
23
18
25
67
29
23
18
25
67
29
23
18
25
67
29
23
18
25
67
29
23
18
25
67
29
23
18
25
67
29
23
18
25
67
29
23
18
25
67
29
23
18
25
67
29
23
18
25
67
29
23
18
25
67
29
23
18
25
67
29
23
18
25
67
29
23
18
25
67
29
23
18
25
67
29
23
18
25
67
29
23
18
25
67
29
23
18
25
67
29
23
18
25
67
29
23
18
25
67
29
23
18
25
67
29
23
18
25
67
29
23
18
25
67
29
23
18
25
67
29
23
18
25
67
29
23
18
25
67
29
23
18
25
67
29
23
18
25
67
29
23
18
25
67
29
23
18
25
67
29
23
18
25
67
29
23
18
25
67
29
23
18
25
67
29
23
18
25
67
29
23
18
25
67
29
23
18
25
67
29
23
18
25
67
29
23
18
25
67
29
23
18
25
67
29
23
18
25
67
29
23
18
25
67
29
23
18
25
67
29
23
18
25
67
29
23
18
25
67
29
23
18
25
67
29
23
18
25
67
29
23
18
25
67
29
23
18
25
67
29