67
23
83
18
25
67
23
83
18
25
67
23
83
18
25
67
23
83
18
25
67
23
83
18
25
67
23
83
18
25
67
23
83
18
25
67
23
83
18
25
67
23
83
18
25
67
23
83
18
25
67
23
83
18
25
67
23
83
18
25
67
23
83
18
25
67
23
83
18
25
67
23
83
18
25
67
23
83
18
25
67
23
83
18
25
67
23
83
18
25
67
23
83
18
25
67
23
83
18
25
67
23
83
18
25
67
23
83
18
25
67
23
83
18
25
67
23
83
18
25
67
23
83
18
25
67
23
83
18
25
67
23
83
18
25
67
23
83
18
25
67
23
83
18
25
67
23
83
18
25
67
23
83
18
25
67
23
83
18
25
67
23
83
18
25
67
23
83
18
25
67
23
83
18
25
67
23
83
18
25
67
23
83
18
25
67
23
83
18
25
67
23
83
18
25
67
23
83
18
25
67
23
83
18
25
67
23
83
18
25
67
23
83
18
25
67
23
83
18
25
67
23
83
18
25
67
23
83
18
25
67
23
83
18
25
67
23
83
18
25
67
23
83
18
25
67
23
83
18
25