18
30
83
25
67
18
30
83
25
67
18
30
83
25
67
18
30
83
25
67
18
30
83
25
67
18
30
83
25
67
18
30
83
25
67
18
30
83
25
67
18
30
83
25
67
18
30
83
25
67
18
30
83
25
67
18
30
83
25
67
18
30
83
25
67
18
30
83
25
67
18
30
83
25
67
18
30
83
25
67
18
30
83
25
67
18
30
83
25
67
18
30
83
25
67
18
30
83
25
67
18
30
83
25
67
18
30
83
25
67
18
30
83
25
67
18
30
83
25
67
18
30
83
25
67
18
30
83
25
67
18
30
83
25
67
18
30
83
25
67
18
30
83
25
67
18
30
83
25
67
18
30
83
25
67
18
30
83
25
67
18
30
83
25
67
18
30
83
25
67
18
30
83
25
67
18
30
83
25
67
18
30
83
25
67
18
30
83
25
67
18
30
83
25
67
18
30
83
25
67
18
30
83
25
67
18
30
83
25
67
18
30
83
25
67
18
30
83
25
67
18
30
83
25
67
18
30
83
25
67
18
30
83
25
67
18
30
83
25
67
18
30
83
25
67
18
30
83
25
67