5
83
29
30
25
5
83
29
30
25
5
83
29
30
25
5
83
29
30
25
5
83
29
30
25
5
83
29
30
25
5
83
29
30
25
5
83
29
30
25
5
83
29
30
25
5
83
29
30
25
5
83
29
30
25
5
83
29
30
25
5
83
29
30
25
5
83
29
30
25
5
83
29
30
25
5
83
29
30
25
5
83
29
30
25
5
83
29
30
25
5
83
29
30
25
5
83
29
30
25
5
83
29
30
25
5
83
29
30
25
5
83
29
30
25
5
83
29
30
25
5
83
29
30
25
5
83
29
30
25
5
83
29
30
25
5
83
29
30
25
5
83
29
30
25
5
83
29
30
25
5
83
29
30
25
5
83
29
30
25
5
83
29
30
25
5
83
29
30
25
5
83
29
30
25
5
83
29
30
25
5
83
29
30
25
5
83
29
30
25
5
83
29
30
25
5
83
29
30
25
5
83
29
30
25
5
83
29
30
25
5
83
29
30
25
5
83
29
30
25
5
83
29
30
25
5
83
29
30
25
5
83
29
30
25
5
83
29
30
25
5
83
29
30
25
5
83
29
30
25