83
30
67
23
25
83
30
67
23
25
83
30
67
23
25
83
30
67
23
25
83
30
67
23
25
83
30
67
23
25
83
30
67
23
25
83
30
67
23
25
83
30
67
23
25
83
30
67
23
25
83
30
67
23
25
83
30
67
23
25
83
30
67
23
25
83
30
67
23
25
83
30
67
23
25
83
30
67
23
25
83
30
67
23
25
83
30
67
23
25
83
30
67
23
25
83
30
67
23
25
83
30
67
23
25
83
30
67
23
25
83
30
67
23
25
83
30
67
23
25
83
30
67
23
25
83
30
67
23
25
83
30
67
23
25
83
30
67
23
25
83
30
67
23
25
83
30
67
23
25
83
30
67
23
25
83
30
67
23
25
83
30
67
23
25
83
30
67
23
25
83
30
67
23
25
83
30
67
23
25
83
30
67
23
25
83
30
67
23
25
83
30
67
23
25
83
30
67
23
25
83
30
67
23
25
83
30
67
23
25
83
30
67
23
25
83
30
67
23
25
83
30
67
23
25
83
30
67
23
25
83
30
67
23
25
83
30
67
23
25
83
30
67
23
25
83
30
67
23
25