23
83
25
29
18
23
83
25
29
18
23
83
25
29
18
23
83
25
29
18
23
83
25
29
18
23
83
25
29
18
23
83
25
29
18
23
83
25
29
18
23
83
25
29
18
23
83
25
29
18
23
83
25
29
18
23
83
25
29
18
23
83
25
29
18
23
83
25
29
18
23
83
25
29
18
23
83
25
29
18
23
83
25
29
18
23
83
25
29
18
23
83
25
29
18
23
83
25
29
18
23
83
25
29
18
23
83
25
29
18
23
83
25
29
18
23
83
25
29
18
23
83
25
29
18
23
83
25
29
18
23
83
25
29
18
23
83
25
29
18
23
83
25
29
18
23
83
25
29
18
23
83
25
29
18
23
83
25
29
18
23
83
25
29
18
23
83
25
29
18
23
83
25
29
18
23
83
25
29
18
23
83
25
29
18
23
83
25
29
18
23
83
25
29
18
23
83
25
29
18
23
83
25
29
18
23
83
25
29
18
23
83
25
29
18
23
83
25
29
18
23
83
25
29
18
23
83
25
29
18
23
83
25
29
18
23
83
25
29
18
23
83
25
29
18
23
83
25
29
18