67
5
30
18
29
67
5
30
18
29
67
5
30
18
29
67
5
30
18
29
67
5
30
18
29
67
5
30
18
29
67
5
30
18
29
67
5
30
18
29
67
5
30
18
29
67
5
30
18
29
67
5
30
18
29
67
5
30
18
29
67
5
30
18
29
67
5
30
18
29
67
5
30
18
29
67
5
30
18
29
67
5
30
18
29
67
5
30
18
29
67
5
30
18
29
67
5
30
18
29
67
5
30
18
29
67
5
30
18
29
67
5
30
18
29
67
5
30
18
29
67
5
30
18
29
67
5
30
18
29
67
5
30
18
29
67
5
30
18
29
67
5
30
18
29
67
5
30
18
29
67
5
30
18
29
67
5
30
18
29
67
5
30
18
29
67
5
30
18
29
67
5
30
18
29
67
5
30
18
29
67
5
30
18
29
67
5
30
18
29
67
5
30
18
29
67
5
30
18
29
67
5
30
18
29
67
5
30
18
29
67
5
30
18
29
67
5
30
18
29
67
5
30
18
29
67
5
30
18
29
67
5
30
18
29
67
5
30
18
29
67
5
30
18
29
67
5
30
18
29