30
29
67
18
25
30
29
67
18
25
30
29
67
18
25
30
29
67
18
25
30
29
67
18
25
30
29
67
18
25
30
29
67
18
25
30
29
67
18
25
30
29
67
18
25
30
29
67
18
25
30
29
67
18
25
30
29
67
18
25
30
29
67
18
25
30
29
67
18
25
30
29
67
18
25
30
29
67
18
25
30
29
67
18
25
30
29
67
18
25
30
29
67
18
25
30
29
67
18
25
30
29
67
18
25
30
29
67
18
25
30
29
67
18
25
30
29
67
18
25
30
29
67
18
25
30
29
67
18
25
30
29
67
18
25
30
29
67
18
25
30
29
67
18
25
30
29
67
18
25
30
29
67
18
25
30
29
67
18
25
30
29
67
18
25
30
29
67
18
25
30
29
67
18
25
30
29
67
18
25
30
29
67
18
25
30
29
67
18
25
30
29
67
18
25
30
29
67
18
25
30
29
67
18
25
30
29
67
18
25
30
29
67
18
25
30
29
67
18
25
30
29
67
18
25
30
29
67
18
25
30
29
67
18
25
30
29
67
18
25
30
29
67
18
25
30
29
67
18
25