25
30
29
83
18
25
30
29
83
18
25
30
29
83
18
25
30
29
83
18
25
30
29
83
18
25
30
29
83
18
25
30
29
83
18
25
30
29
83
18
25
30
29
83
18
25
30
29
83
18
25
30
29
83
18
25
30
29
83
18
25
30
29
83
18
25
30
29
83
18
25
30
29
83
18
25
30
29
83
18
25
30
29
83
18
25
30
29
83
18
25
30
29
83
18
25
30
29
83
18
25
30
29
83
18
25
30
29
83
18
25
30
29
83
18
25
30
29
83
18
25
30
29
83
18
25
30
29
83
18
25
30
29
83
18
25
30
29
83
18
25
30
29
83
18
25
30
29
83
18
25
30
29
83
18
25
30
29
83
18
25
30
29
83
18
25
30
29
83
18
25
30
29
83
18
25
30
29
83
18
25
30
29
83
18
25
30
29
83
18
25
30
29
83
18
25
30
29
83
18
25
30
29
83
18
25
30
29
83
18
25
30
29
83
18
25
30
29
83
18
25
30
29
83
18
25
30
29
83
18
25
30
29
83
18
25
30
29
83
18
25
30
29
83
18
25
30
29
83
18