23
5
83
29
67
23
5
83
29
67
23
5
83
29
67
23
5
83
29
67
23
5
83
29
67
23
5
83
29
67
23
5
83
29
67
23
5
83
29
67
23
5
83
29
67
23
5
83
29
67
23
5
83
29
67
23
5
83
29
67
23
5
83
29
67
23
5
83
29
67
23
5
83
29
67
23
5
83
29
67
23
5
83
29
67
23
5
83
29
67
23
5
83
29
67
23
5
83
29
67
23
5
83
29
67
23
5
83
29
67
23
5
83
29
67
23
5
83
29
67
23
5
83
29
67
23
5
83
29
67
23
5
83
29
67
23
5
83
29
67
23
5
83
29
67
23
5
83
29
67
23
5
83
29
67
23
5
83
29
67
23
5
83
29
67
23
5
83
29
67
23
5
83
29
67
23
5
83
29
67
23
5
83
29
67
23
5
83
29
67
23
5
83
29
67
23
5
83
29
67
23
5
83
29
67
23
5
83
29
67
23
5
83
29
67
23
5
83
29
67
23
5
83
29
67
23
5
83
29
67
23
5
83
29
67
23
5
83
29
67
23
5
83
29
67
23
5
83
29
67