29
30
18
23
83
29
30
18
23
83
29
30
18
23
83
29
30
18
23
83
29
30
18
23
83
29
30
18
23
83
29
30
18
23
83
29
30
18
23
83
29
30
18
23
83
29
30
18
23
83
29
30
18
23
83
29
30
18
23
83
29
30
18
23
83
29
30
18
23
83
29
30
18
23
83
29
30
18
23
83
29
30
18
23
83
29
30
18
23
83
29
30
18
23
83
29
30
18
23
83
29
30
18
23
83
29
30
18
23
83
29
30
18
23
83
29
30
18
23
83
29
30
18
23
83
29
30
18
23
83
29
30
18
23
83
29
30
18
23
83
29
30
18
23
83
29
30
18
23
83
29
30
18
23
83
29
30
18
23
83
29
30
18
23
83
29
30
18
23
83
29
30
18
23
83
29
30
18
23
83
29
30
18
23
83
29
30
18
23
83
29
30
18
23
83
29
30
18
23
83
29
30
18
23
83
29
30
18
23
83
29
30
18
23
83
29
30
18
23
83
29
30
18
23
83
29
30
18
23
83
29
30
18
23
83
29
30
18
23
83
29
30
18
23
83
29
30
18
23
83