67
83
18
25
29
67
83
18
25
29
67
83
18
25
29
67
83
18
25
29
67
83
18
25
29
67
83
18
25
29
67
83
18
25
29
67
83
18
25
29
67
83
18
25
29
67
83
18
25
29
67
83
18
25
29
67
83
18
25
29
67
83
18
25
29
67
83
18
25
29
67
83
18
25
29
67
83
18
25
29
67
83
18
25
29
67
83
18
25
29
67
83
18
25
29
67
83
18
25
29
67
83
18
25
29
67
83
18
25
29
67
83
18
25
29
67
83
18
25
29
67
83
18
25
29
67
83
18
25
29
67
83
18
25
29
67
83
18
25
29
67
83
18
25
29
67
83
18
25
29
67
83
18
25
29
67
83
18
25
29
67
83
18
25
29
67
83
18
25
29
67
83
18
25
29
67
83
18
25
29
67
83
18
25
29
67
83
18
25
29
67
83
18
25
29
67
83
18
25
29
67
83
18
25
29
67
83
18
25
29
67
83
18
25
29
67
83
18
25
29
67
83
18
25
29
67
83
18
25
29
67
83
18
25
29
67
83
18
25
29
67
83
18
25
29
67
83
18
25
29