5
29
23
30
25
5
29
23
30
25
5
29
23
30
25
5
29
23
30
25
5
29
23
30
25
5
29
23
30
25
5
29
23
30
25
5
29
23
30
25
5
29
23
30
25
5
29
23
30
25
5
29
23
30
25
5
29
23
30
25
5
29
23
30
25
5
29
23
30
25
5
29
23
30
25
5
29
23
30
25
5
29
23
30
25
5
29
23
30
25
5
29
23
30
25
5
29
23
30
25
5
29
23
30
25
5
29
23
30
25
5
29
23
30
25
5
29
23
30
25
5
29
23
30
25
5
29
23
30
25
5
29
23
30
25
5
29
23
30
25
5
29
23
30
25
5
29
23
30
25
5
29
23
30
25
5
29
23
30
25
5
29
23
30
25
5
29
23
30
25
5
29
23
30
25
5
29
23
30
25
5
29
23
30
25
5
29
23
30
25
5
29
23
30
25
5
29
23
30
25
5
29
23
30
25
5
29
23
30
25
5
29
23
30
25
5
29
23
30
25
5
29
23
30
25
5
29
23
30
25
5
29
23
30
25
5
29
23
30
25
5
29
23
30
25
5
29
23
30
25