83
18
29
23
5
83
18
29
23
5
83
18
29
23
5
83
18
29
23
5
83
18
29
23
5
83
18
29
23
5
83
18
29
23
5
83
18
29
23
5
83
18
29
23
5
83
18
29
23
5
83
18
29
23
5
83
18
29
23
5
83
18
29
23
5
83
18
29
23
5
83
18
29
23
5
83
18
29
23
5
83
18
29
23
5
83
18
29
23
5
83
18
29
23
5
83
18
29
23
5
83
18
29
23
5
83
18
29
23
5
83
18
29
23
5
83
18
29
23
5
83
18
29
23
5
83
18
29
23
5
83
18
29
23
5
83
18
29
23
5
83
18
29
23
5
83
18
29
23
5
83
18
29
23
5
83
18
29
23
5
83
18
29
23
5
83
18
29
23
5
83
18
29
23
5
83
18
29
23
5
83
18
29
23
5
83
18
29
23
5
83
18
29
23
5
83
18
29
23
5
83
18
29
23
5
83
18
29
23
5
83
18
29
23
5
83
18
29
23
5
83
18
29
23
5
83
18
29
23
5
83
18
29
23
5
83
18
29
23
5
83
18
29
23
5
83
18
29
23
5