5
29
23
18
67
5
29
23
18
67
5
29
23
18
67
5
29
23
18
67
5
29
23
18
67
5
29
23
18
67
5
29
23
18
67
5
29
23
18
67
5
29
23
18
67
5
29
23
18
67
5
29
23
18
67
5
29
23
18
67
5
29
23
18
67
5
29
23
18
67
5
29
23
18
67
5
29
23
18
67
5
29
23
18
67
5
29
23
18
67
5
29
23
18
67
5
29
23
18
67
5
29
23
18
67
5
29
23
18
67
5
29
23
18
67
5
29
23
18
67
5
29
23
18
67
5
29
23
18
67
5
29
23
18
67
5
29
23
18
67
5
29
23
18
67
5
29
23
18
67
5
29
23
18
67
5
29
23
18
67
5
29
23
18
67
5
29
23
18
67
5
29
23
18
67
5
29
23
18
67
5
29
23
18
67
5
29
23
18
67
5
29
23
18
67
5
29
23
18
67
5
29
23
18
67
5
29
23
18
67
5
29
23
18
67
5
29
23
18
67
5
29
23
18
67
5
29
23
18
67
5
29
23
18
67
5
29
23
18
67
5
29
23
18
67
5
29
23
18
67