83
30
29
25
5
83
30
29
25
5
83
30
29
25
5
83
30
29
25
5
83
30
29
25
5
83
30
29
25
5
83
30
29
25
5
83
30
29
25
5
83
30
29
25
5
83
30
29
25
5
83
30
29
25
5
83
30
29
25
5
83
30
29
25
5
83
30
29
25
5
83
30
29
25
5
83
30
29
25
5
83
30
29
25
5
83
30
29
25
5
83
30
29
25
5
83
30
29
25
5
83
30
29
25
5
83
30
29
25
5
83
30
29
25
5
83
30
29
25
5
83
30
29
25
5
83
30
29
25
5
83
30
29
25
5
83
30
29
25
5
83
30
29
25
5
83
30
29
25
5
83
30
29
25
5
83
30
29
25
5
83
30
29
25
5
83
30
29
25
5
83
30
29
25
5
83
30
29
25
5
83
30
29
25
5
83
30
29
25
5
83
30
29
25
5
83
30
29
25
5
83
30
29
25
5
83
30
29
25
5
83
30
29
25
5
83
30
29
25
5
83
30
29
25
5
83
30
29
25
5
83
30
29
25
5
83
30
29
25
5
83
30
29
25
5
83
30
29
25
5