67
83
5
25
18
67
83
5
25
18
67
83
5
25
18
67
83
5
25
18
67
83
5
25
18
67
83
5
25
18
67
83
5
25
18
67
83
5
25
18
67
83
5
25
18
67
83
5
25
18
67
83
5
25
18
67
83
5
25
18
67
83
5
25
18
67
83
5
25
18
67
83
5
25
18
67
83
5
25
18
67
83
5
25
18
67
83
5
25
18
67
83
5
25
18
67
83
5
25
18
67
83
5
25
18
67
83
5
25
18
67
83
5
25
18
67
83
5
25
18
67
83
5
25
18
67
83
5
25
18
67
83
5
25
18
67
83
5
25
18
67
83
5
25
18
67
83
5
25
18
67
83
5
25
18
67
83
5
25
18
67
83
5
25
18
67
83
5
25
18
67
83
5
25
18
67
83
5
25
18
67
83
5
25
18
67
83
5
25
18
67
83
5
25
18
67
83
5
25
18
67
83
5
25
18
67
83
5
25
18
67
83
5
25
18
67
83
5
25
18
67
83
5
25
18
67
83
5
25
18
67
83
5
25
18
67
83
5
25
18
67
83
5
25
18
67
83
5
25
18