29
83
5
23
25
29
83
5
23
25
29
83
5
23
25
29
83
5
23
25
29
83
5
23
25
29
83
5
23
25
29
83
5
23
25
29
83
5
23
25
29
83
5
23
25
29
83
5
23
25
29
83
5
23
25
29
83
5
23
25
29
83
5
23
25
29
83
5
23
25
29
83
5
23
25
29
83
5
23
25
29
83
5
23
25
29
83
5
23
25
29
83
5
23
25
29
83
5
23
25
29
83
5
23
25
29
83
5
23
25
29
83
5
23
25
29
83
5
23
25
29
83
5
23
25
29
83
5
23
25
29
83
5
23
25
29
83
5
23
25
29
83
5
23
25
29
83
5
23
25
29
83
5
23
25
29
83
5
23
25
29
83
5
23
25
29
83
5
23
25
29
83
5
23
25
29
83
5
23
25
29
83
5
23
25
29
83
5
23
25
29
83
5
23
25
29
83
5
23
25
29
83
5
23
25
29
83
5
23
25
29
83
5
23
25
29
83
5
23
25
29
83
5
23
25
29
83
5
23
25
29
83
5
23
25
29
83
5
23
25
29
83
5
23
25
29
83
5
23
25