30
67
23
29
18
30
67
23
29
18
30
67
23
29
18
30
67
23
29
18
30
67
23
29
18
30
67
23
29
18
30
67
23
29
18
30
67
23
29
18
30
67
23
29
18
30
67
23
29
18
30
67
23
29
18
30
67
23
29
18
30
67
23
29
18
30
67
23
29
18
30
67
23
29
18
30
67
23
29
18
30
67
23
29
18
30
67
23
29
18
30
67
23
29
18
30
67
23
29
18
30
67
23
29
18
30
67
23
29
18
30
67
23
29
18
30
67
23
29
18
30
67
23
29
18
30
67
23
29
18
30
67
23
29
18
30
67
23
29
18
30
67
23
29
18
30
67
23
29
18
30
67
23
29
18
30
67
23
29
18
30
67
23
29
18
30
67
23
29
18
30
67
23
29
18
30
67
23
29
18
30
67
23
29
18
30
67
23
29
18
30
67
23
29
18
30
67
23
29
18
30
67
23
29
18
30
67
23
29
18
30
67
23
29
18
30
67
23
29
18
30
67
23
29
18
30
67
23
29
18
30
67
23
29
18
30
67
23
29
18
30
67
23
29
18
30
67
23
29
18