83
25
18
23
29
83
25
18
23
29
83
25
18
23
29
83
25
18
23
29
83
25
18
23
29
83
25
18
23
29
83
25
18
23
29
83
25
18
23
29
83
25
18
23
29
83
25
18
23
29
83
25
18
23
29
83
25
18
23
29
83
25
18
23
29
83
25
18
23
29
83
25
18
23
29
83
25
18
23
29
83
25
18
23
29
83
25
18
23
29
83
25
18
23
29
83
25
18
23
29
83
25
18
23
29
83
25
18
23
29
83
25
18
23
29
83
25
18
23
29
83
25
18
23
29
83
25
18
23
29
83
25
18
23
29
83
25
18
23
29
83
25
18
23
29
83
25
18
23
29
83
25
18
23
29
83
25
18
23
29
83
25
18
23
29
83
25
18
23
29
83
25
18
23
29
83
25
18
23
29
83
25
18
23
29
83
25
18
23
29
83
25
18
23
29
83
25
18
23
29
83
25
18
23
29
83
25
18
23
29
83
25
18
23
29
83
25
18
23
29
83
25
18
23
29
83
25
18
23
29
83
25
18
23
29
83
25
18
23
29
83
25
18
23
29
83
25
18
23
29