5
25
23
29
83
5
25
23
29
83
5
25
23
29
83
5
25
23
29
83
5
25
23
29
83
5
25
23
29
83
5
25
23
29
83
5
25
23
29
83
5
25
23
29
83
5
25
23
29
83
5
25
23
29
83
5
25
23
29
83
5
25
23
29
83
5
25
23
29
83
5
25
23
29
83
5
25
23
29
83
5
25
23
29
83
5
25
23
29
83
5
25
23
29
83
5
25
23
29
83
5
25
23
29
83
5
25
23
29
83
5
25
23
29
83
5
25
23
29
83
5
25
23
29
83
5
25
23
29
83
5
25
23
29
83
5
25
23
29
83
5
25
23
29
83
5
25
23
29
83
5
25
23
29
83
5
25
23
29
83
5
25
23
29
83
5
25
23
29
83
5
25
23
29
83
5
25
23
29
83
5
25
23
29
83
5
25
23
29
83
5
25
23
29
83
5
25
23
29
83
5
25
23
29
83
5
25
23
29
83
5
25
23
29
83
5
25
23
29
83
5
25
23
29
83
5
25
23
29
83
5
25
23
29
83
5
25
23
29
83
5
25
23
29
83
5
25
23
29
83