25
5
30
18
67
25
5
30
18
67
25
5
30
18
67
25
5
30
18
67
25
5
30
18
67
25
5
30
18
67
25
5
30
18
67
25
5
30
18
67
25
5
30
18
67
25
5
30
18
67
25
5
30
18
67
25
5
30
18
67
25
5
30
18
67
25
5
30
18
67
25
5
30
18
67
25
5
30
18
67
25
5
30
18
67
25
5
30
18
67
25
5
30
18
67
25
5
30
18
67
25
5
30
18
67
25
5
30
18
67
25
5
30
18
67
25
5
30
18
67
25
5
30
18
67
25
5
30
18
67
25
5
30
18
67
25
5
30
18
67
25
5
30
18
67
25
5
30
18
67
25
5
30
18
67
25
5
30
18
67
25
5
30
18
67
25
5
30
18
67
25
5
30
18
67
25
5
30
18
67
25
5
30
18
67
25
5
30
18
67
25
5
30
18
67
25
5
30
18
67
25
5
30
18
67
25
5
30
18
67
25
5
30
18
67
25
5
30
18
67
25
5
30
18
67
25
5
30
18
67
25
5
30
18
67
25
5
30
18
67
25
5
30
18
67
25
5
30
18
67