23
83
67
25
5
23
83
67
25
5
23
83
67
25
5
23
83
67
25
5
23
83
67
25
5
23
83
67
25
5
23
83
67
25
5
23
83
67
25
5
23
83
67
25
5
23
83
67
25
5
23
83
67
25
5
23
83
67
25
5
23
83
67
25
5
23
83
67
25
5
23
83
67
25
5
23
83
67
25
5
23
83
67
25
5
23
83
67
25
5
23
83
67
25
5
23
83
67
25
5
23
83
67
25
5
23
83
67
25
5
23
83
67
25
5
23
83
67
25
5
23
83
67
25
5
23
83
67
25
5
23
83
67
25
5
23
83
67
25
5
23
83
67
25
5
23
83
67
25
5
23
83
67
25
5
23
83
67
25
5
23
83
67
25
5
23
83
67
25
5
23
83
67
25
5
23
83
67
25
5
23
83
67
25
5
23
83
67
25
5
23
83
67
25
5
23
83
67
25
5
23
83
67
25
5
23
83
67
25
5
23
83
67
25
5
23
83
67
25
5
23
83
67
25
5
23
83
67
25
5
23
83
67
25
5
23
83
67
25
5
23
83
67
25
5
23
83
67
25
5