67
5
23
25
83
67
5
23
25
83
67
5
23
25
83
67
5
23
25
83
67
5
23
25
83
67
5
23
25
83
67
5
23
25
83
67
5
23
25
83
67
5
23
25
83
67
5
23
25
83
67
5
23
25
83
67
5
23
25
83
67
5
23
25
83
67
5
23
25
83
67
5
23
25
83
67
5
23
25
83
67
5
23
25
83
67
5
23
25
83
67
5
23
25
83
67
5
23
25
83
67
5
23
25
83
67
5
23
25
83
67
5
23
25
83
67
5
23
25
83
67
5
23
25
83
67
5
23
25
83
67
5
23
25
83
67
5
23
25
83
67
5
23
25
83
67
5
23
25
83
67
5
23
25
83
67
5
23
25
83
67
5
23
25
83
67
5
23
25
83
67
5
23
25
83
67
5
23
25
83
67
5
23
25
83
67
5
23
25
83
67
5
23
25
83
67
5
23
25
83
67
5
23
25
83
67
5
23
25
83
67
5
23
25
83
67
5
23
25
83
67
5
23
25
83
67
5
23
25
83
67
5
23
25
83
67
5
23
25
83
67
5
23
25
83
67
5
23
25
83