25
30
83
18
29
25
30
83
18
29
25
30
83
18
29
25
30
83
18
29
25
30
83
18
29
25
30
83
18
29
25
30
83
18
29
25
30
83
18
29
25
30
83
18
29
25
30
83
18
29
25
30
83
18
29
25
30
83
18
29
25
30
83
18
29
25
30
83
18
29
25
30
83
18
29
25
30
83
18
29
25
30
83
18
29
25
30
83
18
29
25
30
83
18
29
25
30
83
18
29
25
30
83
18
29
25
30
83
18
29
25
30
83
18
29
25
30
83
18
29
25
30
83
18
29
25
30
83
18
29
25
30
83
18
29
25
30
83
18
29
25
30
83
18
29
25
30
83
18
29
25
30
83
18
29
25
30
83
18
29
25
30
83
18
29
25
30
83
18
29
25
30
83
18
29
25
30
83
18
29
25
30
83
18
29
25
30
83
18
29
25
30
83
18
29
25
30
83
18
29
25
30
83
18
29
25
30
83
18
29
25
30
83
18
29
25
30
83
18
29
25
30
83
18
29
25
30
83
18
29
25
30
83
18
29
25
30
83
18
29
25
30
83
18
29
25
30
83
18
29