18
25
29
30
67
18
25
29
30
67
18
25
29
30
67
18
25
29
30
67
18
25
29
30
67
18
25
29
30
67
18
25
29
30
67
18
25
29
30
67
18
25
29
30
67
18
25
29
30
67
18
25
29
30
67
18
25
29
30
67
18
25
29
30
67
18
25
29
30
67
18
25
29
30
67
18
25
29
30
67
18
25
29
30
67
18
25
29
30
67
18
25
29
30
67
18
25
29
30
67
18
25
29
30
67
18
25
29
30
67
18
25
29
30
67
18
25
29
30
67
18
25
29
30
67
18
25
29
30
67
18
25
29
30
67
18
25
29
30
67
18
25
29
30
67
18
25
29
30
67
18
25
29
30
67
18
25
29
30
67
18
25
29
30
67
18
25
29
30
67
18
25
29
30
67
18
25
29
30
67
18
25
29
30
67
18
25
29
30
67
18
25
29
30
67
18
25
29
30
67
18
25
29
30
67
18
25
29
30
67
18
25
29
30
67
18
25
29
30
67
18
25
29
30
67
18
25
29
30
67
18
25
29
30
67
18
25
29
30
67
18
25
29
30
67
18
25
29
30
67