5
29
67
25
23
5
29
67
25
23
5
29
67
25
23
5
29
67
25
23
5
29
67
25
23
5
29
67
25
23
5
29
67
25
23
5
29
67
25
23
5
29
67
25
23
5
29
67
25
23
5
29
67
25
23
5
29
67
25
23
5
29
67
25
23
5
29
67
25
23
5
29
67
25
23
5
29
67
25
23
5
29
67
25
23
5
29
67
25
23
5
29
67
25
23
5
29
67
25
23
5
29
67
25
23
5
29
67
25
23
5
29
67
25
23
5
29
67
25
23
5
29
67
25
23
5
29
67
25
23
5
29
67
25
23
5
29
67
25
23
5
29
67
25
23
5
29
67
25
23
5
29
67
25
23
5
29
67
25
23
5
29
67
25
23
5
29
67
25
23
5
29
67
25
23
5
29
67
25
23
5
29
67
25
23
5
29
67
25
23
5
29
67
25
23
5
29
67
25
23
5
29
67
25
23
5
29
67
25
23
5
29
67
25
23
5
29
67
25
23
5
29
67
25
23
5
29
67
25
23
5
29
67
25
23
5
29
67
25
23
5
29
67
25
23
5
29
67
25
23