30
5
29
25
23
30
5
29
25
23
30
5
29
25
23
30
5
29
25
23
30
5
29
25
23
30
5
29
25
23
30
5
29
25
23
30
5
29
25
23
30
5
29
25
23
30
5
29
25
23
30
5
29
25
23
30
5
29
25
23
30
5
29
25
23
30
5
29
25
23
30
5
29
25
23
30
5
29
25
23
30
5
29
25
23
30
5
29
25
23
30
5
29
25
23
30
5
29
25
23
30
5
29
25
23
30
5
29
25
23
30
5
29
25
23
30
5
29
25
23
30
5
29
25
23
30
5
29
25
23
30
5
29
25
23
30
5
29
25
23
30
5
29
25
23
30
5
29
25
23
30
5
29
25
23
30
5
29
25
23
30
5
29
25
23
30
5
29
25
23
30
5
29
25
23
30
5
29
25
23
30
5
29
25
23
30
5
29
25
23
30
5
29
25
23
30
5
29
25
23
30
5
29
25
23
30
5
29
25
23
30
5
29
25
23
30
5
29
25
23
30
5
29
25
23
30
5
29
25
23
30
5
29
25
23
30
5
29
25
23
30
5
29
25
23
30
5
29
25
23