18
29
25
23
83
18
29
25
23
83
18
29
25
23
83
18
29
25
23
83
18
29
25
23
83
18
29
25
23
83
18
29
25
23
83
18
29
25
23
83
18
29
25
23
83
18
29
25
23
83
18
29
25
23
83
18
29
25
23
83
18
29
25
23
83
18
29
25
23
83
18
29
25
23
83
18
29
25
23
83
18
29
25
23
83
18
29
25
23
83
18
29
25
23
83
18
29
25
23
83
18
29
25
23
83
18
29
25
23
83
18
29
25
23
83
18
29
25
23
83
18
29
25
23
83
18
29
25
23
83
18
29
25
23
83
18
29
25
23
83
18
29
25
23
83
18
29
25
23
83
18
29
25
23
83
18
29
25
23
83
18
29
25
23
83
18
29
25
23
83
18
29
25
23
83
18
29
25
23
83
18
29
25
23
83
18
29
25
23
83
18
29
25
23
83
18
29
25
23
83
18
29
25
23
83
18
29
25
23
83
18
29
25
23
83
18
29
25
23
83
18
29
25
23
83
18
29
25
23
83
18
29
25
23
83
18
29
25
23
83
18
29
25
23
83
18
29
25
23
83