18
5
29
23
83
18
5
29
23
83
18
5
29
23
83
18
5
29
23
83
18
5
29
23
83
18
5
29
23
83
18
5
29
23
83
18
5
29
23
83
18
5
29
23
83
18
5
29
23
83
18
5
29
23
83
18
5
29
23
83
18
5
29
23
83
18
5
29
23
83
18
5
29
23
83
18
5
29
23
83
18
5
29
23
83
18
5
29
23
83
18
5
29
23
83
18
5
29
23
83
18
5
29
23
83
18
5
29
23
83
18
5
29
23
83
18
5
29
23
83
18
5
29
23
83
18
5
29
23
83
18
5
29
23
83
18
5
29
23
83
18
5
29
23
83
18
5
29
23
83
18
5
29
23
83
18
5
29
23
83
18
5
29
23
83
18
5
29
23
83
18
5
29
23
83
18
5
29
23
83
18
5
29
23
83
18
5
29
23
83
18
5
29
23
83
18
5
29
23
83
18
5
29
23
83
18
5
29
23
83
18
5
29
23
83
18
5
29
23
83
18
5
29
23
83
18
5
29
23
83
18
5
29
23
83
18
5
29
23
83
18
5
29
23
83
18
5
29
23
83