18
30
25
23
83
18
30
25
23
83
18
30
25
23
83
18
30
25
23
83
18
30
25
23
83
18
30
25
23
83
18
30
25
23
83
18
30
25
23
83
18
30
25
23
83
18
30
25
23
83
18
30
25
23
83
18
30
25
23
83
18
30
25
23
83
18
30
25
23
83
18
30
25
23
83
18
30
25
23
83
18
30
25
23
83
18
30
25
23
83
18
30
25
23
83
18
30
25
23
83
18
30
25
23
83
18
30
25
23
83
18
30
25
23
83
18
30
25
23
83
18
30
25
23
83
18
30
25
23
83
18
30
25
23
83
18
30
25
23
83
18
30
25
23
83
18
30
25
23
83
18
30
25
23
83
18
30
25
23
83
18
30
25
23
83
18
30
25
23
83
18
30
25
23
83
18
30
25
23
83
18
30
25
23
83
18
30
25
23
83
18
30
25
23
83
18
30
25
23
83
18
30
25
23
83
18
30
25
23
83
18
30
25
23
83
18
30
25
23
83
18
30
25
23
83
18
30
25
23
83
18
30
25
23
83
18
30
25
23
83
18
30
25
23
83
18
30
25
23
83