3
13
8
40
106
61
42
222
46
144
3
13
8
40
106
61
42
222
46
144
3
13
8
40
106
61
42
222
46
144
3
13
8
40
106
61
42
222
46
144
3
13
8
40
106
61
42
222
46
144
3
13
8
40
106
61
42
222
46
144
3
13
8
40
106
61
42
222
46
144
3
13
8
40
106
61
42
222
46
144
3
13
8
40
106
61
42
222
46
144
3
13
8
40
106
61
42
222
46
144
3
13
8
40
106
61
42
222
46
144
3
13
8
40
106
61
42
222
46
144
3
13
8
40
106
61
42
222
46
144
3
13
8
40
106
61
42
222
46
144
3
13
8
40
106
61
42
222
46
144
3
13
8
40
106
61
42
222
46
144
3
13
8
40
106
61
42
222
46
144
3
13
8
40
106
61
42
222
46
144
3
13
8
40
106
61
42
222
46
144
3
13
8
40
106
61
42
222
46
144
3
13
8
40
106
61
42
222
46
144
3
13
8
40
106
61
42
222
46
144
3
13
8
40
106
61
42
222
46
144
3
13
8
40
106
61
42
222
46
144
3
13
8
40
106
61
42
222
46
144
3
13
8
40
106
61
42
222
46
144
3
13
8
40
106
61
42
222
46
144
3
13
8
40
106
61
42
222
46
144
3
13
8
40
106
61
42
222
46
144
3
13
8
40
106
61
42
222
46
144
3
13
8
40
106
61
42
222
46
144
3
13
8
40
106
61
42
222
46
144
3
13
8
40
106
61
42
222
46
144
3
13
8
40
106
61
42
222
46
144
3
13
8
40
106
61
42
222
46
144
3
13
8
40
106
61
42
222
46
144
3
13
8
40
106
61
42
222
46
144
3
13
8
40
106
61
42
222
46
144
3
13
8
40
106
61
42
222
46
144
3
13
8
40
106
61
42
222
46
144
3
13
8
40
106
61
42
222
46
144
3
13
8
40
106
61
42
222
46
144
3
13
8
40
106
61
42
222
46
144
3
13
8
40
106
61
42
222
46
144
3
13
8
40
106
61
42
222
46
144
3
13
8
40
106
61
42
222
46
144
3
13
8
40
106
61
42
222
46
144
3
13
8
40
106
61
42
222
46
144
3
13
8
40
106
61
42
222
46
144
3
13
8
40
106
61
42
222
46
144