3
170
39
4
40
106
61
42
222
46
3
170
39
4
40
106
61
42
222
46
3
170
39
4
40
106
61
42
222
46
3
170
39
4
40
106
61
42
222
46
3
170
39
4
40
106
61
42
222
46
3
170
39
4
40
106
61
42
222
46
3
170
39
4
40
106
61
42
222
46
3
170
39
4
40
106
61
42
222
46
3
170
39
4
40
106
61
42
222
46
3
170
39
4
40
106
61
42
222
46
3
170
39
4
40
106
61
42
222
46
3
170
39
4
40
106
61
42
222
46
3
170
39
4
40
106
61
42
222
46
3
170
39
4
40
106
61
42
222
46
3
170
39
4
40
106
61
42
222
46
3
170
39
4
40
106
61
42
222
46
3
170
39
4
40
106
61
42
222
46
3
170
39
4
40
106
61
42
222
46
3
170
39
4
40
106
61
42
222
46
3
170
39
4
40
106
61
42
222
46
3
170
39
4
40
106
61
42
222
46
3
170
39
4
40
106
61
42
222
46
3
170
39
4
40
106
61
42
222
46
3
170
39
4
40
106
61
42
222
46
3
170
39
4
40
106
61
42
222
46
3
170
39
4
40
106
61
42
222
46
3
170
39
4
40
106
61
42
222
46
3
170
39
4
40
106
61
42
222
46
3
170
39
4
40
106
61
42
222
46
3
170
39
4
40
106
61
42
222
46
3
170
39
4
40
106
61
42
222
46
3
170
39
4
40
106
61
42
222
46
3
170
39
4
40
106
61
42
222
46
3
170
39
4
40
106
61
42
222
46
3
170
39
4
40
106
61
42
222
46
3
170
39
4
40
106
61
42
222
46
3
170
39
4
40
106
61
42
222
46
3
170
39
4
40
106
61
42
222
46
3
170
39
4
40
106
61
42
222
46
3
170
39
4
40
106
61
42
222
46
3
170
39
4
40
106
61
42
222
46
3
170
39
4
40
106
61
42
222
46
3
170
39
4
40
106
61
42
222
46
3
170
39
4
40
106
61
42
222
46
3
170
39
4
40
106
61
42
222
46
3
170
39
4
40
106
61
42
222
46
3
170
39
4
40
106
61
42
222
46
3
170
39
4
40
106
61
42
222
46
3
170
39
4
40
106
61
42
222
46
3
170
39
4
40
106
61
42
222
46