3
170
13
4
40
106
42
222
46
144
3
170
13
4
40
106
42
222
46
144
3
170
13
4
40
106
42
222
46
144
3
170
13
4
40
106
42
222
46
144
3
170
13
4
40
106
42
222
46
144
3
170
13
4
40
106
42
222
46
144
3
170
13
4
40
106
42
222
46
144
3
170
13
4
40
106
42
222
46
144
3
170
13
4
40
106
42
222
46
144
3
170
13
4
40
106
42
222
46
144
3
170
13
4
40
106
42
222
46
144
3
170
13
4
40
106
42
222
46
144
3
170
13
4
40
106
42
222
46
144
3
170
13
4
40
106
42
222
46
144
3
170
13
4
40
106
42
222
46
144
3
170
13
4
40
106
42
222
46
144
3
170
13
4
40
106
42
222
46
144
3
170
13
4
40
106
42
222
46
144
3
170
13
4
40
106
42
222
46
144
3
170
13
4
40
106
42
222
46
144
3
170
13
4
40
106
42
222
46
144
3
170
13
4
40
106
42
222
46
144
3
170
13
4
40
106
42
222
46
144
3
170
13
4
40
106
42
222
46
144
3
170
13
4
40
106
42
222
46
144
3
170
13
4
40
106
42
222
46
144
3
170
13
4
40
106
42
222
46
144
3
170
13
4
40
106
42
222
46
144
3
170
13
4
40
106
42
222
46
144
3
170
13
4
40
106
42
222
46
144
3
170
13
4
40
106
42
222
46
144
3
170
13
4
40
106
42
222
46
144
3
170
13
4
40
106
42
222
46
144
3
170
13
4
40
106
42
222
46
144
3
170
13
4
40
106
42
222
46
144
3
170
13
4
40
106
42
222
46
144
3
170
13
4
40
106
42
222
46
144
3
170
13
4
40
106
42
222
46
144
3
170
13
4
40
106
42
222
46
144
3
170
13
4
40
106
42
222
46
144
3
170
13
4
40
106
42
222
46
144
3
170
13
4
40
106
42
222
46
144
3
170
13
4
40
106
42
222
46
144
3
170
13
4
40
106
42
222
46
144
3
170
13
4
40
106
42
222
46
144
3
170
13
4
40
106
42
222
46
144
3
170
13
4
40
106
42
222
46
144
3
170
13
4
40
106
42
222
46
144
3
170
13
4
40
106
42
222
46
144
3
170
13
4
40
106
42
222
46
144