39
13
8
4
40
106
61
42
46
144
39
13
8
4
40
106
61
42
46
144
39
13
8
4
40
106
61
42
46
144
39
13
8
4
40
106
61
42
46
144
39
13
8
4
40
106
61
42
46
144
39
13
8
4
40
106
61
42
46
144
39
13
8
4
40
106
61
42
46
144
39
13
8
4
40
106
61
42
46
144
39
13
8
4
40
106
61
42
46
144
39
13
8
4
40
106
61
42
46
144
39
13
8
4
40
106
61
42
46
144
39
13
8
4
40
106
61
42
46
144
39
13
8
4
40
106
61
42
46
144
39
13
8
4
40
106
61
42
46
144
39
13
8
4
40
106
61
42
46
144
39
13
8
4
40
106
61
42
46
144
39
13
8
4
40
106
61
42
46
144
39
13
8
4
40
106
61
42
46
144
39
13
8
4
40
106
61
42
46
144
39
13
8
4
40
106
61
42
46
144
39
13
8
4
40
106
61
42
46
144
39
13
8
4
40
106
61
42
46
144
39
13
8
4
40
106
61
42
46
144
39
13
8
4
40
106
61
42
46
144
39
13
8
4
40
106
61
42
46
144
39
13
8
4
40
106
61
42
46
144
39
13
8
4
40
106
61
42
46
144
39
13
8
4
40
106
61
42
46
144
39
13
8
4
40
106
61
42
46
144
39
13
8
4
40
106
61
42
46
144
39
13
8
4
40
106
61
42
46
144
39
13
8
4
40
106
61
42
46
144
39
13
8
4
40
106
61
42
46
144
39
13
8
4
40
106
61
42
46
144
39
13
8
4
40
106
61
42
46
144
39
13
8
4
40
106
61
42
46
144
39
13
8
4
40
106
61
42
46
144
39
13
8
4
40
106
61
42
46
144
39
13
8
4
40
106
61
42
46
144
39
13
8
4
40
106
61
42
46
144
39
13
8
4
40
106
61
42
46
144
39
13
8
4
40
106
61
42
46
144
39
13
8
4
40
106
61
42
46
144
39
13
8
4
40
106
61
42
46
144
39
13
8
4
40
106
61
42
46
144
39
13
8
4
40
106
61
42
46
144
39
13
8
4
40
106
61
42
46
144
39
13
8
4
40
106
61
42
46
144
39
13
8
4
40
106
61
42
46
144
39
13
8
4
40
106
61
42
46
144