3
170
39
8
61
40
106
222
42
144
3
170
39
8
61
40
106
222
42
144
3
170
39
8
61
40
106
222
42
144
3
170
39
8
61
40
106
222
42
144
3
170
39
8
61
40
106
222
42
144
3
170
39
8
61
40
106
222
42
144
3
170
39
8
61
40
106
222
42
144
3
170
39
8
61
40
106
222
42
144
3
170
39
8
61
40
106
222
42
144
3
170
39
8
61
40
106
222
42
144
3
170
39
8
61
40
106
222
42
144
3
170
39
8
61
40
106
222
42
144
3
170
39
8
61
40
106
222
42
144
3
170
39
8
61
40
106
222
42
144
3
170
39
8
61
40
106
222
42
144
3
170
39
8
61
40
106
222
42
144
3
170
39
8
61
40
106
222
42
144
3
170
39
8
61
40
106
222
42
144
3
170
39
8
61
40
106
222
42
144
3
170
39
8
61
40
106
222
42
144
3
170
39
8
61
40
106
222
42
144
3
170
39
8
61
40
106
222
42
144
3
170
39
8
61
40
106
222
42
144
3
170
39
8
61
40
106
222
42
144
3
170
39
8
61
40
106
222
42
144
3
170
39
8
61
40
106
222
42
144
3
170
39
8
61
40
106
222
42
144
3
170
39
8
61
40
106
222
42
144
3
170
39
8
61
40
106
222
42
144
3
170
39
8
61
40
106
222
42
144
3
170
39
8
61
40
106
222
42
144
3
170
39
8
61
40
106
222
42
144
3
170
39
8
61
40
106
222
42
144
3
170
39
8
61
40
106
222
42
144
3
170
39
8
61
40
106
222
42
144
3
170
39
8
61
40
106
222
42
144
3
170
39
8
61
40
106
222
42
144
3
170
39
8
61
40
106
222
42
144
3
170
39
8
61
40
106
222
42
144
3
170
39
8
61
40
106
222
42
144
3
170
39
8
61
40
106
222
42
144
3
170
39
8
61
40
106
222
42
144
3
170
39
8
61
40
106
222
42
144
3
170
39
8
61
40
106
222
42
144
3
170
39
8
61
40
106
222
42
144
3
170
39
8
61
40
106
222
42
144
3
170
39
8
61
40
106
222
42
144
3
170
39
8
61
40
106
222
42
144
3
170
39
8
61
40
106
222
42
144
3
170
39
8
61
40
106
222
42
144