3
170
13
8
4
40
106
222
42
144
3
170
13
8
4
40
106
222
42
144
3
170
13
8
4
40
106
222
42
144
3
170
13
8
4
40
106
222
42
144
3
170
13
8
4
40
106
222
42
144
3
170
13
8
4
40
106
222
42
144
3
170
13
8
4
40
106
222
42
144
3
170
13
8
4
40
106
222
42
144
3
170
13
8
4
40
106
222
42
144
3
170
13
8
4
40
106
222
42
144
3
170
13
8
4
40
106
222
42
144
3
170
13
8
4
40
106
222
42
144
3
170
13
8
4
40
106
222
42
144
3
170
13
8
4
40
106
222
42
144
3
170
13
8
4
40
106
222
42
144
3
170
13
8
4
40
106
222
42
144
3
170
13
8
4
40
106
222
42
144
3
170
13
8
4
40
106
222
42
144
3
170
13
8
4
40
106
222
42
144
3
170
13
8
4
40
106
222
42
144
3
170
13
8
4
40
106
222
42
144
3
170
13
8
4
40
106
222
42
144
3
170
13
8
4
40
106
222
42
144
3
170
13
8
4
40
106
222
42
144
3
170
13
8
4
40
106
222
42
144
3
170
13
8
4
40
106
222
42
144
3
170
13
8
4
40
106
222
42
144
3
170
13
8
4
40
106
222
42
144
3
170
13
8
4
40
106
222
42
144
3
170
13
8
4
40
106
222
42
144
3
170
13
8
4
40
106
222
42
144
3
170
13
8
4
40
106
222
42
144
3
170
13
8
4
40
106
222
42
144
3
170
13
8
4
40
106
222
42
144
3
170
13
8
4
40
106
222
42
144
3
170
13
8
4
40
106
222
42
144
3
170
13
8
4
40
106
222
42
144
3
170
13
8
4
40
106
222
42
144
3
170
13
8
4
40
106
222
42
144
3
170
13
8
4
40
106
222
42
144
3
170
13
8
4
40
106
222
42
144
3
170
13
8
4
40
106
222
42
144
3
170
13
8
4
40
106
222
42
144
3
170
13
8
4
40
106
222
42
144
3
170
13
8
4
40
106
222
42
144
3
170
13
8
4
40
106
222
42
144
3
170
13
8
4
40
106
222
42
144
3
170
13
8
4
40
106
222
42
144
3
170
13
8
4
40
106
222
42
144
3
170
13
8
4
40
106
222
42
144