170
39
13
4
40
106
61
42
46
144
170
39
13
4
40
106
61
42
46
144
170
39
13
4
40
106
61
42
46
144
170
39
13
4
40
106
61
42
46
144
170
39
13
4
40
106
61
42
46
144
170
39
13
4
40
106
61
42
46
144
170
39
13
4
40
106
61
42
46
144
170
39
13
4
40
106
61
42
46
144
170
39
13
4
40
106
61
42
46
144
170
39
13
4
40
106
61
42
46
144
170
39
13
4
40
106
61
42
46
144
170
39
13
4
40
106
61
42
46
144
170
39
13
4
40
106
61
42
46
144
170
39
13
4
40
106
61
42
46
144
170
39
13
4
40
106
61
42
46
144
170
39
13
4
40
106
61
42
46
144
170
39
13
4
40
106
61
42
46
144
170
39
13
4
40
106
61
42
46
144
170
39
13
4
40
106
61
42
46
144
170
39
13
4
40
106
61
42
46
144
170
39
13
4
40
106
61
42
46
144
170
39
13
4
40
106
61
42
46
144
170
39
13
4
40
106
61
42
46
144
170
39
13
4
40
106
61
42
46
144
170
39
13
4
40
106
61
42
46
144
170
39
13
4
40
106
61
42
46
144
170
39
13
4
40
106
61
42
46
144
170
39
13
4
40
106
61
42
46
144
170
39
13
4
40
106
61
42
46
144
170
39
13
4
40
106
61
42
46
144
170
39
13
4
40
106
61
42
46
144
170
39
13
4
40
106
61
42
46
144
170
39
13
4
40
106
61
42
46
144
170
39
13
4
40
106
61
42
46
144
170
39
13
4
40
106
61
42
46
144
170
39
13
4
40
106
61
42
46
144
170
39
13
4
40
106
61
42
46
144
170
39
13
4
40
106
61
42
46
144
170
39
13
4
40
106
61
42
46
144
170
39
13
4
40
106
61
42
46
144
170
39
13
4
40
106
61
42
46
144
170
39
13
4
40
106
61
42
46
144
170
39
13
4
40
106
61
42
46
144
170
39
13
4
40
106
61
42
46
144
170
39
13
4
40
106
61
42
46
144
170
39
13
4
40
106
61
42
46
144
170
39
13
4
40
106
61
42
46
144
170
39
13
4
40
106
61
42
46
144
170
39
13
4
40
106
61
42
46
144
170
39
13
4
40
106
61
42
46
144