3
170
13
8
4
40
61
42
222
144
3
170
13
8
4
40
61
42
222
144
3
170
13
8
4
40
61
42
222
144
3
170
13
8
4
40
61
42
222
144
3
170
13
8
4
40
61
42
222
144
3
170
13
8
4
40
61
42
222
144
3
170
13
8
4
40
61
42
222
144
3
170
13
8
4
40
61
42
222
144
3
170
13
8
4
40
61
42
222
144
3
170
13
8
4
40
61
42
222
144
3
170
13
8
4
40
61
42
222
144
3
170
13
8
4
40
61
42
222
144
3
170
13
8
4
40
61
42
222
144
3
170
13
8
4
40
61
42
222
144
3
170
13
8
4
40
61
42
222
144
3
170
13
8
4
40
61
42
222
144
3
170
13
8
4
40
61
42
222
144
3
170
13
8
4
40
61
42
222
144
3
170
13
8
4
40
61
42
222
144
3
170
13
8
4
40
61
42
222
144
3
170
13
8
4
40
61
42
222
144
3
170
13
8
4
40
61
42
222
144
3
170
13
8
4
40
61
42
222
144
3
170
13
8
4
40
61
42
222
144
3
170
13
8
4
40
61
42
222
144
3
170
13
8
4
40
61
42
222
144
3
170
13
8
4
40
61
42
222
144
3
170
13
8
4
40
61
42
222
144
3
170
13
8
4
40
61
42
222
144
3
170
13
8
4
40
61
42
222
144
3
170
13
8
4
40
61
42
222
144
3
170
13
8
4
40
61
42
222
144
3
170
13
8
4
40
61
42
222
144
3
170
13
8
4
40
61
42
222
144
3
170
13
8
4
40
61
42
222
144
3
170
13
8
4
40
61
42
222
144
3
170
13
8
4
40
61
42
222
144
3
170
13
8
4
40
61
42
222
144
3
170
13
8
4
40
61
42
222
144
3
170
13
8
4
40
61
42
222
144
3
170
13
8
4
40
61
42
222
144
3
170
13
8
4
40
61
42
222
144
3
170
13
8
4
40
61
42
222
144
3
170
13
8
4
40
61
42
222
144
3
170
13
8
4
40
61
42
222
144
3
170
13
8
4
40
61
42
222
144
3
170
13
8
4
40
61
42
222
144
3
170
13
8
4
40
61
42
222
144
3
170
13
8
4
40
61
42
222
144
3
170
13
8
4
40
61
42
222
144