39
13
8
4
40
61
42
222
46
144
39
13
8
4
40
61
42
222
46
144
39
13
8
4
40
61
42
222
46
144
39
13
8
4
40
61
42
222
46
144
39
13
8
4
40
61
42
222
46
144
39
13
8
4
40
61
42
222
46
144
39
13
8
4
40
61
42
222
46
144
39
13
8
4
40
61
42
222
46
144
39
13
8
4
40
61
42
222
46
144
39
13
8
4
40
61
42
222
46
144
39
13
8
4
40
61
42
222
46
144
39
13
8
4
40
61
42
222
46
144
39
13
8
4
40
61
42
222
46
144
39
13
8
4
40
61
42
222
46
144
39
13
8
4
40
61
42
222
46
144
39
13
8
4
40
61
42
222
46
144
39
13
8
4
40
61
42
222
46
144
39
13
8
4
40
61
42
222
46
144
39
13
8
4
40
61
42
222
46
144
39
13
8
4
40
61
42
222
46
144
39
13
8
4
40
61
42
222
46
144
39
13
8
4
40
61
42
222
46
144
39
13
8
4
40
61
42
222
46
144
39
13
8
4
40
61
42
222
46
144
39
13
8
4
40
61
42
222
46
144
39
13
8
4
40
61
42
222
46
144
39
13
8
4
40
61
42
222
46
144
39
13
8
4
40
61
42
222
46
144
39
13
8
4
40
61
42
222
46
144
39
13
8
4
40
61
42
222
46
144
39
13
8
4
40
61
42
222
46
144
39
13
8
4
40
61
42
222
46
144
39
13
8
4
40
61
42
222
46
144
39
13
8
4
40
61
42
222
46
144
39
13
8
4
40
61
42
222
46
144
39
13
8
4
40
61
42
222
46
144
39
13
8
4
40
61
42
222
46
144
39
13
8
4
40
61
42
222
46
144
39
13
8
4
40
61
42
222
46
144
39
13
8
4
40
61
42
222
46
144
39
13
8
4
40
61
42
222
46
144
39
13
8
4
40
61
42
222
46
144
39
13
8
4
40
61
42
222
46
144
39
13
8
4
40
61
42
222
46
144
39
13
8
4
40
61
42
222
46
144
39
13
8
4
40
61
42
222
46
144
39
13
8
4
40
61
42
222
46
144
39
13
8
4
40
61
42
222
46
144
39
13
8
4
40
61
42
222
46
144
39
13
8
4
40
61
42
222
46
144