3
170
13
4
40
106
61
42
222
144
3
170
13
4
40
106
61
42
222
144
3
170
13
4
40
106
61
42
222
144
3
170
13
4
40
106
61
42
222
144
3
170
13
4
40
106
61
42
222
144
3
170
13
4
40
106
61
42
222
144
3
170
13
4
40
106
61
42
222
144
3
170
13
4
40
106
61
42
222
144
3
170
13
4
40
106
61
42
222
144
3
170
13
4
40
106
61
42
222
144
3
170
13
4
40
106
61
42
222
144
3
170
13
4
40
106
61
42
222
144
3
170
13
4
40
106
61
42
222
144
3
170
13
4
40
106
61
42
222
144
3
170
13
4
40
106
61
42
222
144
3
170
13
4
40
106
61
42
222
144
3
170
13
4
40
106
61
42
222
144
3
170
13
4
40
106
61
42
222
144
3
170
13
4
40
106
61
42
222
144
3
170
13
4
40
106
61
42
222
144
3
170
13
4
40
106
61
42
222
144
3
170
13
4
40
106
61
42
222
144
3
170
13
4
40
106
61
42
222
144
3
170
13
4
40
106
61
42
222
144
3
170
13
4
40
106
61
42
222
144
3
170
13
4
40
106
61
42
222
144
3
170
13
4
40
106
61
42
222
144
3
170
13
4
40
106
61
42
222
144
3
170
13
4
40
106
61
42
222
144
3
170
13
4
40
106
61
42
222
144
3
170
13
4
40
106
61
42
222
144
3
170
13
4
40
106
61
42
222
144
3
170
13
4
40
106
61
42
222
144
3
170
13
4
40
106
61
42
222
144
3
170
13
4
40
106
61
42
222
144
3
170
13
4
40
106
61
42
222
144
3
170
13
4
40
106
61
42
222
144
3
170
13
4
40
106
61
42
222
144
3
170
13
4
40
106
61
42
222
144
3
170
13
4
40
106
61
42
222
144
3
170
13
4
40
106
61
42
222
144
3
170
13
4
40
106
61
42
222
144
3
170
13
4
40
106
61
42
222
144
3
170
13
4
40
106
61
42
222
144
3
170
13
4
40
106
61
42
222
144
3
170
13
4
40
106
61
42
222
144
3
170
13
4
40
106
61
42
222
144
3
170
13
4
40
106
61
42
222
144
3
170
13
4
40
106
61
42
222
144
3
170
13
4
40
106
61
42
222
144