3
170
8
4
61
40
106
222
42
144
3
170
8
4
61
40
106
222
42
144
3
170
8
4
61
40
106
222
42
144
3
170
8
4
61
40
106
222
42
144
3
170
8
4
61
40
106
222
42
144
3
170
8
4
61
40
106
222
42
144
3
170
8
4
61
40
106
222
42
144
3
170
8
4
61
40
106
222
42
144
3
170
8
4
61
40
106
222
42
144
3
170
8
4
61
40
106
222
42
144
3
170
8
4
61
40
106
222
42
144
3
170
8
4
61
40
106
222
42
144
3
170
8
4
61
40
106
222
42
144
3
170
8
4
61
40
106
222
42
144
3
170
8
4
61
40
106
222
42
144
3
170
8
4
61
40
106
222
42
144
3
170
8
4
61
40
106
222
42
144
3
170
8
4
61
40
106
222
42
144
3
170
8
4
61
40
106
222
42
144
3
170
8
4
61
40
106
222
42
144
3
170
8
4
61
40
106
222
42
144
3
170
8
4
61
40
106
222
42
144
3
170
8
4
61
40
106
222
42
144
3
170
8
4
61
40
106
222
42
144
3
170
8
4
61
40
106
222
42
144
3
170
8
4
61
40
106
222
42
144
3
170
8
4
61
40
106
222
42
144
3
170
8
4
61
40
106
222
42
144
3
170
8
4
61
40
106
222
42
144
3
170
8
4
61
40
106
222
42
144
3
170
8
4
61
40
106
222
42
144
3
170
8
4
61
40
106
222
42
144
3
170
8
4
61
40
106
222
42
144
3
170
8
4
61
40
106
222
42
144
3
170
8
4
61
40
106
222
42
144
3
170
8
4
61
40
106
222
42
144
3
170
8
4
61
40
106
222
42
144
3
170
8
4
61
40
106
222
42
144
3
170
8
4
61
40
106
222
42
144
3
170
8
4
61
40
106
222
42
144
3
170
8
4
61
40
106
222
42
144
3
170
8
4
61
40
106
222
42
144
3
170
8
4
61
40
106
222
42
144
3
170
8
4
61
40
106
222
42
144
3
170
8
4
61
40
106
222
42
144
3
170
8
4
61
40
106
222
42
144
3
170
8
4
61
40
106
222
42
144
3
170
8
4
61
40
106
222
42
144
3
170
8
4
61
40
106
222
42
144
3
170
8
4
61
40
106
222
42
144