3
170
13
8
4
61
40
106
222
144
3
170
13
8
4
61
40
106
222
144
3
170
13
8
4
61
40
106
222
144
3
170
13
8
4
61
40
106
222
144
3
170
13
8
4
61
40
106
222
144
3
170
13
8
4
61
40
106
222
144
3
170
13
8
4
61
40
106
222
144
3
170
13
8
4
61
40
106
222
144
3
170
13
8
4
61
40
106
222
144
3
170
13
8
4
61
40
106
222
144
3
170
13
8
4
61
40
106
222
144
3
170
13
8
4
61
40
106
222
144
3
170
13
8
4
61
40
106
222
144
3
170
13
8
4
61
40
106
222
144
3
170
13
8
4
61
40
106
222
144
3
170
13
8
4
61
40
106
222
144
3
170
13
8
4
61
40
106
222
144
3
170
13
8
4
61
40
106
222
144
3
170
13
8
4
61
40
106
222
144
3
170
13
8
4
61
40
106
222
144
3
170
13
8
4
61
40
106
222
144
3
170
13
8
4
61
40
106
222
144
3
170
13
8
4
61
40
106
222
144
3
170
13
8
4
61
40
106
222
144
3
170
13
8
4
61
40
106
222
144
3
170
13
8
4
61
40
106
222
144
3
170
13
8
4
61
40
106
222
144
3
170
13
8
4
61
40
106
222
144
3
170
13
8
4
61
40
106
222
144
3
170
13
8
4
61
40
106
222
144
3
170
13
8
4
61
40
106
222
144
3
170
13
8
4
61
40
106
222
144
3
170
13
8
4
61
40
106
222
144
3
170
13
8
4
61
40
106
222
144
3
170
13
8
4
61
40
106
222
144
3
170
13
8
4
61
40
106
222
144
3
170
13
8
4
61
40
106
222
144
3
170
13
8
4
61
40
106
222
144
3
170
13
8
4
61
40
106
222
144
3
170
13
8
4
61
40
106
222
144
3
170
13
8
4
61
40
106
222
144
3
170
13
8
4
61
40
106
222
144
3
170
13
8
4
61
40
106
222
144
3
170
13
8
4
61
40
106
222
144
3
170
13
8
4
61
40
106
222
144
3
170
13
8
4
61
40
106
222
144
3
170
13
8
4
61
40
106
222
144
3
170
13
8
4
61
40
106
222
144
3
170
13
8
4
61
40
106
222
144
3
170
13
8
4
61
40
106
222
144