3
170
39
8
4
61
40
106
42
144
3
170
39
8
4
61
40
106
42
144
3
170
39
8
4
61
40
106
42
144
3
170
39
8
4
61
40
106
42
144
3
170
39
8
4
61
40
106
42
144
3
170
39
8
4
61
40
106
42
144
3
170
39
8
4
61
40
106
42
144
3
170
39
8
4
61
40
106
42
144
3
170
39
8
4
61
40
106
42
144
3
170
39
8
4
61
40
106
42
144
3
170
39
8
4
61
40
106
42
144
3
170
39
8
4
61
40
106
42
144
3
170
39
8
4
61
40
106
42
144
3
170
39
8
4
61
40
106
42
144
3
170
39
8
4
61
40
106
42
144
3
170
39
8
4
61
40
106
42
144
3
170
39
8
4
61
40
106
42
144
3
170
39
8
4
61
40
106
42
144
3
170
39
8
4
61
40
106
42
144
3
170
39
8
4
61
40
106
42
144
3
170
39
8
4
61
40
106
42
144
3
170
39
8
4
61
40
106
42
144
3
170
39
8
4
61
40
106
42
144
3
170
39
8
4
61
40
106
42
144
3
170
39
8
4
61
40
106
42
144
3
170
39
8
4
61
40
106
42
144
3
170
39
8
4
61
40
106
42
144
3
170
39
8
4
61
40
106
42
144
3
170
39
8
4
61
40
106
42
144
3
170
39
8
4
61
40
106
42
144
3
170
39
8
4
61
40
106
42
144
3
170
39
8
4
61
40
106
42
144
3
170
39
8
4
61
40
106
42
144
3
170
39
8
4
61
40
106
42
144
3
170
39
8
4
61
40
106
42
144
3
170
39
8
4
61
40
106
42
144
3
170
39
8
4
61
40
106
42
144
3
170
39
8
4
61
40
106
42
144
3
170
39
8
4
61
40
106
42
144
3
170
39
8
4
61
40
106
42
144
3
170
39
8
4
61
40
106
42
144
3
170
39
8
4
61
40
106
42
144
3
170
39
8
4
61
40
106
42
144
3
170
39
8
4
61
40
106
42
144
3
170
39
8
4
61
40
106
42
144
3
170
39
8
4
61
40
106
42
144
3
170
39
8
4
61
40
106
42
144
3
170
39
8
4
61
40
106
42
144
3
170
39
8
4
61
40
106
42
144
3
170
39
8
4
61
40
106
42
144