3
39
13
8
4
106
61
42
222
46
3
39
13
8
4
106
61
42
222
46
3
39
13
8
4
106
61
42
222
46
3
39
13
8
4
106
61
42
222
46
3
39
13
8
4
106
61
42
222
46
3
39
13
8
4
106
61
42
222
46
3
39
13
8
4
106
61
42
222
46
3
39
13
8
4
106
61
42
222
46
3
39
13
8
4
106
61
42
222
46
3
39
13
8
4
106
61
42
222
46
3
39
13
8
4
106
61
42
222
46
3
39
13
8
4
106
61
42
222
46
3
39
13
8
4
106
61
42
222
46
3
39
13
8
4
106
61
42
222
46
3
39
13
8
4
106
61
42
222
46
3
39
13
8
4
106
61
42
222
46
3
39
13
8
4
106
61
42
222
46
3
39
13
8
4
106
61
42
222
46
3
39
13
8
4
106
61
42
222
46
3
39
13
8
4
106
61
42
222
46
3
39
13
8
4
106
61
42
222
46
3
39
13
8
4
106
61
42
222
46
3
39
13
8
4
106
61
42
222
46
3
39
13
8
4
106
61
42
222
46
3
39
13
8
4
106
61
42
222
46
3
39
13
8
4
106
61
42
222
46
3
39
13
8
4
106
61
42
222
46
3
39
13
8
4
106
61
42
222
46
3
39
13
8
4
106
61
42
222
46
3
39
13
8
4
106
61
42
222
46
3
39
13
8
4
106
61
42
222
46
3
39
13
8
4
106
61
42
222
46
3
39
13
8
4
106
61
42
222
46
3
39
13
8
4
106
61
42
222
46
3
39
13
8
4
106
61
42
222
46
3
39
13
8
4
106
61
42
222
46
3
39
13
8
4
106
61
42
222
46
3
39
13
8
4
106
61
42
222
46
3
39
13
8
4
106
61
42
222
46
3
39
13
8
4
106
61
42
222
46
3
39
13
8
4
106
61
42
222
46
3
39
13
8
4
106
61
42
222
46
3
39
13
8
4
106
61
42
222
46
3
39
13
8
4
106
61
42
222
46
3
39
13
8
4
106
61
42
222
46
3
39
13
8
4
106
61
42
222
46
3
39
13
8
4
106
61
42
222
46
3
39
13
8
4
106
61
42
222
46
3
39
13
8
4
106
61
42
222
46
3
39
13
8
4
106
61
42
222
46