170
13
4
40
106
61
42
222
46
144
170
13
4
40
106
61
42
222
46
144
170
13
4
40
106
61
42
222
46
144
170
13
4
40
106
61
42
222
46
144
170
13
4
40
106
61
42
222
46
144
170
13
4
40
106
61
42
222
46
144
170
13
4
40
106
61
42
222
46
144
170
13
4
40
106
61
42
222
46
144
170
13
4
40
106
61
42
222
46
144
170
13
4
40
106
61
42
222
46
144
170
13
4
40
106
61
42
222
46
144
170
13
4
40
106
61
42
222
46
144
170
13
4
40
106
61
42
222
46
144
170
13
4
40
106
61
42
222
46
144
170
13
4
40
106
61
42
222
46
144
170
13
4
40
106
61
42
222
46
144
170
13
4
40
106
61
42
222
46
144
170
13
4
40
106
61
42
222
46
144
170
13
4
40
106
61
42
222
46
144
170
13
4
40
106
61
42
222
46
144
170
13
4
40
106
61
42
222
46
144
170
13
4
40
106
61
42
222
46
144
170
13
4
40
106
61
42
222
46
144
170
13
4
40
106
61
42
222
46
144
170
13
4
40
106
61
42
222
46
144
170
13
4
40
106
61
42
222
46
144
170
13
4
40
106
61
42
222
46
144
170
13
4
40
106
61
42
222
46
144
170
13
4
40
106
61
42
222
46
144
170
13
4
40
106
61
42
222
46
144
170
13
4
40
106
61
42
222
46
144
170
13
4
40
106
61
42
222
46
144
170
13
4
40
106
61
42
222
46
144
170
13
4
40
106
61
42
222
46
144
170
13
4
40
106
61
42
222
46
144
170
13
4
40
106
61
42
222
46
144
170
13
4
40
106
61
42
222
46
144
170
13
4
40
106
61
42
222
46
144
170
13
4
40
106
61
42
222
46
144
170
13
4
40
106
61
42
222
46
144
170
13
4
40
106
61
42
222
46
144
170
13
4
40
106
61
42
222
46
144
170
13
4
40
106
61
42
222
46
144
170
13
4
40
106
61
42
222
46
144
170
13
4
40
106
61
42
222
46
144
170
13
4
40
106
61
42
222
46
144
170
13
4
40
106
61
42
222
46
144
170
13
4
40
106
61
42
222
46
144
170
13
4
40
106
61
42
222
46
144
170
13
4
40
106
61
42
222
46
144