3
170
39
8
4
40
61
42
46
144
3
170
39
8
4
40
61
42
46
144
3
170
39
8
4
40
61
42
46
144
3
170
39
8
4
40
61
42
46
144
3
170
39
8
4
40
61
42
46
144
3
170
39
8
4
40
61
42
46
144
3
170
39
8
4
40
61
42
46
144
3
170
39
8
4
40
61
42
46
144
3
170
39
8
4
40
61
42
46
144
3
170
39
8
4
40
61
42
46
144
3
170
39
8
4
40
61
42
46
144
3
170
39
8
4
40
61
42
46
144
3
170
39
8
4
40
61
42
46
144
3
170
39
8
4
40
61
42
46
144
3
170
39
8
4
40
61
42
46
144
3
170
39
8
4
40
61
42
46
144
3
170
39
8
4
40
61
42
46
144
3
170
39
8
4
40
61
42
46
144
3
170
39
8
4
40
61
42
46
144
3
170
39
8
4
40
61
42
46
144
3
170
39
8
4
40
61
42
46
144
3
170
39
8
4
40
61
42
46
144
3
170
39
8
4
40
61
42
46
144
3
170
39
8
4
40
61
42
46
144
3
170
39
8
4
40
61
42
46
144
3
170
39
8
4
40
61
42
46
144
3
170
39
8
4
40
61
42
46
144
3
170
39
8
4
40
61
42
46
144
3
170
39
8
4
40
61
42
46
144
3
170
39
8
4
40
61
42
46
144
3
170
39
8
4
40
61
42
46
144
3
170
39
8
4
40
61
42
46
144
3
170
39
8
4
40
61
42
46
144
3
170
39
8
4
40
61
42
46
144
3
170
39
8
4
40
61
42
46
144
3
170
39
8
4
40
61
42
46
144
3
170
39
8
4
40
61
42
46
144
3
170
39
8
4
40
61
42
46
144
3
170
39
8
4
40
61
42
46
144
3
170
39
8
4
40
61
42
46
144
3
170
39
8
4
40
61
42
46
144
3
170
39
8
4
40
61
42
46
144
3
170
39
8
4
40
61
42
46
144
3
170
39
8
4
40
61
42
46
144
3
170
39
8
4
40
61
42
46
144
3
170
39
8
4
40
61
42
46
144
3
170
39
8
4
40
61
42
46
144
3
170
39
8
4
40
61
42
46
144
3
170
39
8
4
40
61
42
46
144
3
170
39
8
4
40
61
42
46
144