3
13
8
4
40
106
61
42
222
144
3
13
8
4
40
106
61
42
222
144
3
13
8
4
40
106
61
42
222
144
3
13
8
4
40
106
61
42
222
144
3
13
8
4
40
106
61
42
222
144
3
13
8
4
40
106
61
42
222
144
3
13
8
4
40
106
61
42
222
144
3
13
8
4
40
106
61
42
222
144
3
13
8
4
40
106
61
42
222
144
3
13
8
4
40
106
61
42
222
144
3
13
8
4
40
106
61
42
222
144
3
13
8
4
40
106
61
42
222
144
3
13
8
4
40
106
61
42
222
144
3
13
8
4
40
106
61
42
222
144
3
13
8
4
40
106
61
42
222
144
3
13
8
4
40
106
61
42
222
144
3
13
8
4
40
106
61
42
222
144
3
13
8
4
40
106
61
42
222
144
3
13
8
4
40
106
61
42
222
144
3
13
8
4
40
106
61
42
222
144
3
13
8
4
40
106
61
42
222
144
3
13
8
4
40
106
61
42
222
144
3
13
8
4
40
106
61
42
222
144
3
13
8
4
40
106
61
42
222
144
3
13
8
4
40
106
61
42
222
144
3
13
8
4
40
106
61
42
222
144
3
13
8
4
40
106
61
42
222
144
3
13
8
4
40
106
61
42
222
144
3
13
8
4
40
106
61
42
222
144
3
13
8
4
40
106
61
42
222
144
3
13
8
4
40
106
61
42
222
144
3
13
8
4
40
106
61
42
222
144
3
13
8
4
40
106
61
42
222
144
3
13
8
4
40
106
61
42
222
144
3
13
8
4
40
106
61
42
222
144
3
13
8
4
40
106
61
42
222
144
3
13
8
4
40
106
61
42
222
144
3
13
8
4
40
106
61
42
222
144
3
13
8
4
40
106
61
42
222
144
3
13
8
4
40
106
61
42
222
144
3
13
8
4
40
106
61
42
222
144
3
13
8
4
40
106
61
42
222
144
3
13
8
4
40
106
61
42
222
144
3
13
8
4
40
106
61
42
222
144
3
13
8
4
40
106
61
42
222
144
3
13
8
4
40
106
61
42
222
144
3
13
8
4
40
106
61
42
222
144
3
13
8
4
40
106
61
42
222
144
3
13
8
4
40
106
61
42
222
144
3
13
8
4
40
106
61
42
222
144