3
39
13
4
40
106
61
42
46
144
3
39
13
4
40
106
61
42
46
144
3
39
13
4
40
106
61
42
46
144
3
39
13
4
40
106
61
42
46
144
3
39
13
4
40
106
61
42
46
144
3
39
13
4
40
106
61
42
46
144
3
39
13
4
40
106
61
42
46
144
3
39
13
4
40
106
61
42
46
144
3
39
13
4
40
106
61
42
46
144
3
39
13
4
40
106
61
42
46
144
3
39
13
4
40
106
61
42
46
144
3
39
13
4
40
106
61
42
46
144
3
39
13
4
40
106
61
42
46
144
3
39
13
4
40
106
61
42
46
144
3
39
13
4
40
106
61
42
46
144
3
39
13
4
40
106
61
42
46
144
3
39
13
4
40
106
61
42
46
144
3
39
13
4
40
106
61
42
46
144
3
39
13
4
40
106
61
42
46
144
3
39
13
4
40
106
61
42
46
144
3
39
13
4
40
106
61
42
46
144
3
39
13
4
40
106
61
42
46
144
3
39
13
4
40
106
61
42
46
144
3
39
13
4
40
106
61
42
46
144
3
39
13
4
40
106
61
42
46
144
3
39
13
4
40
106
61
42
46
144
3
39
13
4
40
106
61
42
46
144
3
39
13
4
40
106
61
42
46
144
3
39
13
4
40
106
61
42
46
144
3
39
13
4
40
106
61
42
46
144
3
39
13
4
40
106
61
42
46
144
3
39
13
4
40
106
61
42
46
144
3
39
13
4
40
106
61
42
46
144
3
39
13
4
40
106
61
42
46
144
3
39
13
4
40
106
61
42
46
144
3
39
13
4
40
106
61
42
46
144
3
39
13
4
40
106
61
42
46
144
3
39
13
4
40
106
61
42
46
144
3
39
13
4
40
106
61
42
46
144
3
39
13
4
40
106
61
42
46
144
3
39
13
4
40
106
61
42
46
144
3
39
13
4
40
106
61
42
46
144
3
39
13
4
40
106
61
42
46
144
3
39
13
4
40
106
61
42
46
144
3
39
13
4
40
106
61
42
46
144
3
39
13
4
40
106
61
42
46
144
3
39
13
4
40
106
61
42
46
144
3
39
13
4
40
106
61
42
46
144
3
39
13
4
40
106
61
42
46
144
3
39
13
4
40
106
61
42
46
144