3
39
13
8
4
40
106
42
222
46
3
39
13
8
4
40
106
42
222
46
3
39
13
8
4
40
106
42
222
46
3
39
13
8
4
40
106
42
222
46
3
39
13
8
4
40
106
42
222
46
3
39
13
8
4
40
106
42
222
46
3
39
13
8
4
40
106
42
222
46
3
39
13
8
4
40
106
42
222
46
3
39
13
8
4
40
106
42
222
46
3
39
13
8
4
40
106
42
222
46
3
39
13
8
4
40
106
42
222
46
3
39
13
8
4
40
106
42
222
46
3
39
13
8
4
40
106
42
222
46
3
39
13
8
4
40
106
42
222
46
3
39
13
8
4
40
106
42
222
46
3
39
13
8
4
40
106
42
222
46
3
39
13
8
4
40
106
42
222
46
3
39
13
8
4
40
106
42
222
46
3
39
13
8
4
40
106
42
222
46
3
39
13
8
4
40
106
42
222
46
3
39
13
8
4
40
106
42
222
46
3
39
13
8
4
40
106
42
222
46
3
39
13
8
4
40
106
42
222
46
3
39
13
8
4
40
106
42
222
46
3
39
13
8
4
40
106
42
222
46
3
39
13
8
4
40
106
42
222
46
3
39
13
8
4
40
106
42
222
46
3
39
13
8
4
40
106
42
222
46
3
39
13
8
4
40
106
42
222
46
3
39
13
8
4
40
106
42
222
46
3
39
13
8
4
40
106
42
222
46
3
39
13
8
4
40
106
42
222
46
3
39
13
8
4
40
106
42
222
46
3
39
13
8
4
40
106
42
222
46
3
39
13
8
4
40
106
42
222
46
3
39
13
8
4
40
106
42
222
46
3
39
13
8
4
40
106
42
222
46
3
39
13
8
4
40
106
42
222
46
3
39
13
8
4
40
106
42
222
46
3
39
13
8
4
40
106
42
222
46
3
39
13
8
4
40
106
42
222
46
3
39
13
8
4
40
106
42
222
46
3
39
13
8
4
40
106
42
222
46
3
39
13
8
4
40
106
42
222
46
3
39
13
8
4
40
106
42
222
46
3
39
13
8
4
40
106
42
222
46
3
39
13
8
4
40
106
42
222
46
3
39
13
8
4
40
106
42
222
46
3
39
13
8
4
40
106
42
222
46
3
39
13
8
4
40
106
42
222
46