148
23
163
109
6
145
22
2
139
107
148
23
55
163
109
145
22
139
19
107
148
23
55
163
109
145
22
2
139
107
148
23
55
163
109
6
145
2
139
107
148
23
55
163
109
6
145
22
139
107
23
148
163
145
55
109
22
107
139
103
23
148
163
55
139
6
109
145
2
22
148
23
55
163
109
6
145
22
2
139
148
23
163
109
6
145
22
2
139
107
148
23
55
163
109
145
22
139
19
107
148
23
55
163
109
145
22
2
139
107
148
23
55
163
109
6
145
2
139
107
148
23
55
163
109
6
145
22
139
107
23
148
163
145
55
109
22
107
139
103
23
148
163
55
139
6
109
145
2
22
148
23
55
163
109
6
145
22
2
139
148
23
163
109
6
145
22
2
139
107
148
23
55
163
109
145
22
139
19
107
148
23
55
163
109
145
22
2
139
107
148
23
55
163
109
6
145
2
139
107
148
23
55
163
109
6
145
22
139
107
23
148
163
145
55
109
22
107
139
103
23
148
163
55
139
6
109
145
2
22
148
23
55
163
109
6
145
22
2
139
148
23
163
109
6
145
22
2
139
107
148
23
55
163
109
145
22
139
19
107
148
23
55
163
109
145
22
2
139
107
148
23
55
163
109
6
145
2
139
107
148
23
55
163
109
6
145
22
139
107
23
148
163
145
55
109
22
107
139
103
23
148
163
55
139
6
109
145
2
22
148
23
55
163
109
6
145
22
2
139
148
23
163
109
6
145
22
2
139
107
148
23
55
163
109
145
22
139
19
107
148
23
55
163
109
145
22
2
139
107
148
23
55
163
109
6
145
2
139
107
148
23
55
163
109
6
145
22
139
107
23
148
163
145
55
109
22
107
139
103
23
148
163
55
139
6
109
145
2
22
148
23
55
163
109
6
145
22
2
139
148
23
163
109
6
145
22
2
139
107
148
23
55
163
109
145
22
139
19
107
148
23
55
163
109
145
22
2
139
107
148
23
55
163
109
6
145
2
139
107
148
23
55
163
109
6
145
22
139
107
23
148
163
145
55
109
22
107
139
103
23
148
163
55
139
6
109
145
2
22
148
23
55
163
109
6
145
22
2
139
148
23
163
109
6
145
22
2
139
107
148
23
55
163
109
145
22
139
19
107