37
142
192
135
98
247
146
323
271
189
37
142
192
135
98
247
146
323
271
189
37
142
192
135
98
247
146
323
271
189
37
142
192
135
98
247
146
323
271
189
37
142
192
135
98
247
146
323
271
189
37
142
192
135
98
247
146
323
271
189
37
142
192
135
98
247
146
323
271
189
37
142
192
135
98
247
146
323
271
189
37
142
192
135
98
247
146
323
271
189
37
142
192
135
98
247
146
323
271
189
37
142
192
135
98
247
146
323
271
189
37
142
192
135
98
247
146
323
271
189
37
142
192
135
98
247
146
323
271
189
37
142
192
135
98
247
146
323
271
189
37
142
192
135
98
247
146
323
271
189
37
142
192
135
98
247
146
323
271
189
37
142
192
135
98
247
146
323
271
189
37
142
192
135
98
247
146
323
271
189
37
142
192
135
98
247
146
323
271
189
37
142
192
135
98
247
146
323
271
189
37
142
192
135
98
247
146
323
271
189
37
142
192
135
98
247
146
323
271
189
37
142
192
135
98
247
146
323
271
189
37
142
192
135
98
247
146
323
271
189
37
142
192
135
98
247
146
323
271
189
37
142
192
135
98
247
146
323
271
189
37
142
192
135
98
247
146
323
271
189
37
142
192
135
98
247
146
323
271
189
37
142
192
135
98
247
146
323
271
189
37
142
192
135
98
247
146
323
271
189
37
142
192
135
98
247
146
323
271
189
37
142
192
135
98
247
146
323
271
189
37
142
192
135
98
247
146
323
271
189
37
142
192
135
98
247
146
323
271
189
37
142
192
135
98
247
146
323
271
189
37
142
192
135
98
247
146
323
271
189
37
142
192
135
98
247
146
323
271
189
37
142
192
135
98
247
146
323
271
189
37
142
192
135
98
247
146
323
271
189
37
142
192
135
98
247
146
323
271
189
37
142
192
135
98
247
146
323
271
189
37
142
192
135
98
247
146
323
271
189
37
142
192
135
98
247
146
323
271
189
37
142
192
135
98
247
146
323
271
189
37
142
192
135
98
247
146
323
271
189
37
142
192
135
98
247
146
323
271
189
37
142
192
135
98
247
146
323
271
189
37
142
192
135
98
247
146
323
271
189
37
142
192
135
98
247
146
323
271
189
37
142
192
135
98
247
146
323
271
189