37
39
142
192
67
98
247
146
323
271
37
39
142
192
67
98
247
146
323
271
37
39
142
192
67
98
247
146
323
271
37
39
142
192
67
98
247
146
323
271
37
39
142
192
67
98
247
146
323
271
37
39
142
192
67
98
247
146
323
271
37
39
142
192
67
98
247
146
323
271
37
39
142
192
67
98
247
146
323
271
37
39
142
192
67
98
247
146
323
271
37
39
142
192
67
98
247
146
323
271
37
39
142
192
67
98
247
146
323
271
37
39
142
192
67
98
247
146
323
271
37
39
142
192
67
98
247
146
323
271
37
39
142
192
67
98
247
146
323
271
37
39
142
192
67
98
247
146
323
271
37
39
142
192
67
98
247
146
323
271
37
39
142
192
67
98
247
146
323
271
37
39
142
192
67
98
247
146
323
271
37
39
142
192
67
98
247
146
323
271
37
39
142
192
67
98
247
146
323
271
37
39
142
192
67
98
247
146
323
271
37
39
142
192
67
98
247
146
323
271
37
39
142
192
67
98
247
146
323
271
37
39
142
192
67
98
247
146
323
271
37
39
142
192
67
98
247
146
323
271
37
39
142
192
67
98
247
146
323
271
37
39
142
192
67
98
247
146
323
271
37
39
142
192
67
98
247
146
323
271
37
39
142
192
67
98
247
146
323
271
37
39
142
192
67
98
247
146
323
271
37
39
142
192
67
98
247
146
323
271
37
39
142
192
67
98
247
146
323
271
37
39
142
192
67
98
247
146
323
271
37
39
142
192
67
98
247
146
323
271
37
39
142
192
67
98
247
146
323
271
37
39
142
192
67
98
247
146
323
271
37
39
142
192
67
98
247
146
323
271
37
39
142
192
67
98
247
146
323
271
37
39
142
192
67
98
247
146
323
271
37
39
142
192
67
98
247
146
323
271
37
39
142
192
67
98
247
146
323
271
37
39
142
192
67
98
247
146
323
271
37
39
142
192
67
98
247
146
323
271
37
39
142
192
67
98
247
146
323
271
37
39
142
192
67
98
247
146
323
271
37
39
142
192
67
98
247
146
323
271
37
39
142
192
67
98
247
146
323
271
37
39
142
192
67
98
247
146
323
271
37
39
142
192
67
98
247
146
323
271
37
39
142
192
67
98
247
146
323
271