39
142
192
135
98
247
146
323
271
189
39
142
192
135
98
247
146
323
271
189
39
142
192
135
98
247
146
323
271
189
39
142
192
135
98
247
146
323
271
189
39
142
192
135
98
247
146
323
271
189
39
142
192
135
98
247
146
323
271
189
39
142
192
135
98
247
146
323
271
189
39
142
192
135
98
247
146
323
271
189
39
142
192
135
98
247
146
323
271
189
39
142
192
135
98
247
146
323
271
189
39
142
192
135
98
247
146
323
271
189
39
142
192
135
98
247
146
323
271
189
39
142
192
135
98
247
146
323
271
189
39
142
192
135
98
247
146
323
271
189
39
142
192
135
98
247
146
323
271
189
39
142
192
135
98
247
146
323
271
189
39
142
192
135
98
247
146
323
271
189
39
142
192
135
98
247
146
323
271
189
39
142
192
135
98
247
146
323
271
189
39
142
192
135
98
247
146
323
271
189
39
142
192
135
98
247
146
323
271
189
39
142
192
135
98
247
146
323
271
189
39
142
192
135
98
247
146
323
271
189
39
142
192
135
98
247
146
323
271
189
39
142
192
135
98
247
146
323
271
189
39
142
192
135
98
247
146
323
271
189
39
142
192
135
98
247
146
323
271
189
39
142
192
135
98
247
146
323
271
189
39
142
192
135
98
247
146
323
271
189
39
142
192
135
98
247
146
323
271
189
39
142
192
135
98
247
146
323
271
189
39
142
192
135
98
247
146
323
271
189
39
142
192
135
98
247
146
323
271
189
39
142
192
135
98
247
146
323
271
189
39
142
192
135
98
247
146
323
271
189
39
142
192
135
98
247
146
323
271
189
39
142
192
135
98
247
146
323
271
189
39
142
192
135
98
247
146
323
271
189
39
142
192
135
98
247
146
323
271
189
39
142
192
135
98
247
146
323
271
189
39
142
192
135
98
247
146
323
271
189
39
142
192
135
98
247
146
323
271
189
39
142
192
135
98
247
146
323
271
189
39
142
192
135
98
247
146
323
271
189
39
142
192
135
98
247
146
323
271
189
39
142
192
135
98
247
146
323
271
189
39
142
192
135
98
247
146
323
271
189
39
142
192
135
98
247
146
323
271
189
39
142
192
135
98
247
146
323
271
189
39
142
192
135
98
247
146
323
271
189