37
39
142
192
67
247
146
323
271
189
37
39
142
192
67
247
146
323
271
189
37
39
142
192
67
247
146
323
271
189
37
39
142
192
67
247
146
323
271
189
37
39
142
192
67
247
146
323
271
189
37
39
142
192
67
247
146
323
271
189
37
39
142
192
67
247
146
323
271
189
37
39
142
192
67
247
146
323
271
189
37
39
142
192
67
247
146
323
271
189
37
39
142
192
67
247
146
323
271
189
37
39
142
192
67
247
146
323
271
189
37
39
142
192
67
247
146
323
271
189
37
39
142
192
67
247
146
323
271
189
37
39
142
192
67
247
146
323
271
189
37
39
142
192
67
247
146
323
271
189
37
39
142
192
67
247
146
323
271
189
37
39
142
192
67
247
146
323
271
189
37
39
142
192
67
247
146
323
271
189
37
39
142
192
67
247
146
323
271
189
37
39
142
192
67
247
146
323
271
189
37
39
142
192
67
247
146
323
271
189
37
39
142
192
67
247
146
323
271
189
37
39
142
192
67
247
146
323
271
189
37
39
142
192
67
247
146
323
271
189
37
39
142
192
67
247
146
323
271
189
37
39
142
192
67
247
146
323
271
189
37
39
142
192
67
247
146
323
271
189
37
39
142
192
67
247
146
323
271
189
37
39
142
192
67
247
146
323
271
189
37
39
142
192
67
247
146
323
271
189
37
39
142
192
67
247
146
323
271
189
37
39
142
192
67
247
146
323
271
189
37
39
142
192
67
247
146
323
271
189
37
39
142
192
67
247
146
323
271
189
37
39
142
192
67
247
146
323
271
189
37
39
142
192
67
247
146
323
271
189
37
39
142
192
67
247
146
323
271
189
37
39
142
192
67
247
146
323
271
189
37
39
142
192
67
247
146
323
271
189
37
39
142
192
67
247
146
323
271
189
37
39
142
192
67
247
146
323
271
189
37
39
142
192
67
247
146
323
271
189
37
39
142
192
67
247
146
323
271
189
37
39
142
192
67
247
146
323
271
189
37
39
142
192
67
247
146
323
271
189
37
39
142
192
67
247
146
323
271
189
37
39
142
192
67
247
146
323
271
189
37
39
142
192
67
247
146
323
271
189
37
39
142
192
67
247
146
323
271
189
37
39
142
192
67
247
146
323
271
189