37
39
142
192
67
135
98
146
323
189
37
39
142
192
67
135
98
146
323
189
37
39
142
192
67
135
98
146
323
189
37
39
142
192
67
135
98
146
323
189
37
39
142
192
67
135
98
146
323
189
37
39
142
192
67
135
98
146
323
189
37
39
142
192
67
135
98
146
323
189
37
39
142
192
67
135
98
146
323
189
37
39
142
192
67
135
98
146
323
189
37
39
142
192
67
135
98
146
323
189
37
39
142
192
67
135
98
146
323
189
37
39
142
192
67
135
98
146
323
189
37
39
142
192
67
135
98
146
323
189
37
39
142
192
67
135
98
146
323
189
37
39
142
192
67
135
98
146
323
189
37
39
142
192
67
135
98
146
323
189
37
39
142
192
67
135
98
146
323
189
37
39
142
192
67
135
98
146
323
189
37
39
142
192
67
135
98
146
323
189
37
39
142
192
67
135
98
146
323
189
37
39
142
192
67
135
98
146
323
189
37
39
142
192
67
135
98
146
323
189
37
39
142
192
67
135
98
146
323
189
37
39
142
192
67
135
98
146
323
189
37
39
142
192
67
135
98
146
323
189
37
39
142
192
67
135
98
146
323
189
37
39
142
192
67
135
98
146
323
189
37
39
142
192
67
135
98
146
323
189
37
39
142
192
67
135
98
146
323
189
37
39
142
192
67
135
98
146
323
189
37
39
142
192
67
135
98
146
323
189
37
39
142
192
67
135
98
146
323
189
37
39
142
192
67
135
98
146
323
189
37
39
142
192
67
135
98
146
323
189
37
39
142
192
67
135
98
146
323
189
37
39
142
192
67
135
98
146
323
189
37
39
142
192
67
135
98
146
323
189
37
39
142
192
67
135
98
146
323
189
37
39
142
192
67
135
98
146
323
189
37
39
142
192
67
135
98
146
323
189
37
39
142
192
67
135
98
146
323
189
37
39
142
192
67
135
98
146
323
189
37
39
142
192
67
135
98
146
323
189
37
39
142
192
67
135
98
146
323
189
37
39
142
192
67
135
98
146
323
189
37
39
142
192
67
135
98
146
323
189
37
39
142
192
67
135
98
146
323
189
37
39
142
192
67
135
98
146
323
189
37
39
142
192
67
135
98
146
323
189
37
39
142
192
67
135
98
146
323
189