37
39
142
192
67
135
98
247
146
323
37
39
142
192
67
135
98
247
146
323
37
39
142
192
67
135
98
247
146
323
37
39
142
192
67
135
98
247
146
323
37
39
142
192
67
135
98
247
146
323
37
39
142
192
67
135
98
247
146
323
37
39
142
192
67
135
98
247
146
323
37
39
142
192
67
135
98
247
146
323
37
39
142
192
67
135
98
247
146
323
37
39
142
192
67
135
98
247
146
323
37
39
142
192
67
135
98
247
146
323
37
39
142
192
67
135
98
247
146
323
37
39
142
192
67
135
98
247
146
323
37
39
142
192
67
135
98
247
146
323
37
39
142
192
67
135
98
247
146
323
37
39
142
192
67
135
98
247
146
323
37
39
142
192
67
135
98
247
146
323
37
39
142
192
67
135
98
247
146
323
37
39
142
192
67
135
98
247
146
323
37
39
142
192
67
135
98
247
146
323
37
39
142
192
67
135
98
247
146
323
37
39
142
192
67
135
98
247
146
323
37
39
142
192
67
135
98
247
146
323
37
39
142
192
67
135
98
247
146
323
37
39
142
192
67
135
98
247
146
323
37
39
142
192
67
135
98
247
146
323
37
39
142
192
67
135
98
247
146
323
37
39
142
192
67
135
98
247
146
323
37
39
142
192
67
135
98
247
146
323
37
39
142
192
67
135
98
247
146
323
37
39
142
192
67
135
98
247
146
323
37
39
142
192
67
135
98
247
146
323
37
39
142
192
67
135
98
247
146
323
37
39
142
192
67
135
98
247
146
323
37
39
142
192
67
135
98
247
146
323
37
39
142
192
67
135
98
247
146
323
37
39
142
192
67
135
98
247
146
323
37
39
142
192
67
135
98
247
146
323
37
39
142
192
67
135
98
247
146
323
37
39
142
192
67
135
98
247
146
323
37
39
142
192
67
135
98
247
146
323
37
39
142
192
67
135
98
247
146
323
37
39
142
192
67
135
98
247
146
323
37
39
142
192
67
135
98
247
146
323
37
39
142
192
67
135
98
247
146
323
37
39
142
192
67
135
98
247
146
323
37
39
142
192
67
135
98
247
146
323
37
39
142
192
67
135
98
247
146
323
37
39
142
192
67
135
98
247
146
323
37
39
142
192
67
135
98
247
146
323