37
39
142
192
135
98
247
323
271
189
37
39
142
192
135
98
247
323
271
189
37
39
142
192
135
98
247
323
271
189
37
39
142
192
135
98
247
323
271
189
37
39
142
192
135
98
247
323
271
189
37
39
142
192
135
98
247
323
271
189
37
39
142
192
135
98
247
323
271
189
37
39
142
192
135
98
247
323
271
189
37
39
142
192
135
98
247
323
271
189
37
39
142
192
135
98
247
323
271
189
37
39
142
192
135
98
247
323
271
189
37
39
142
192
135
98
247
323
271
189
37
39
142
192
135
98
247
323
271
189
37
39
142
192
135
98
247
323
271
189
37
39
142
192
135
98
247
323
271
189
37
39
142
192
135
98
247
323
271
189
37
39
142
192
135
98
247
323
271
189
37
39
142
192
135
98
247
323
271
189
37
39
142
192
135
98
247
323
271
189
37
39
142
192
135
98
247
323
271
189
37
39
142
192
135
98
247
323
271
189
37
39
142
192
135
98
247
323
271
189
37
39
142
192
135
98
247
323
271
189
37
39
142
192
135
98
247
323
271
189
37
39
142
192
135
98
247
323
271
189
37
39
142
192
135
98
247
323
271
189
37
39
142
192
135
98
247
323
271
189
37
39
142
192
135
98
247
323
271
189
37
39
142
192
135
98
247
323
271
189
37
39
142
192
135
98
247
323
271
189
37
39
142
192
135
98
247
323
271
189
37
39
142
192
135
98
247
323
271
189
37
39
142
192
135
98
247
323
271
189
37
39
142
192
135
98
247
323
271
189
37
39
142
192
135
98
247
323
271
189
37
39
142
192
135
98
247
323
271
189
37
39
142
192
135
98
247
323
271
189
37
39
142
192
135
98
247
323
271
189
37
39
142
192
135
98
247
323
271
189
37
39
142
192
135
98
247
323
271
189
37
39
142
192
135
98
247
323
271
189
37
39
142
192
135
98
247
323
271
189
37
39
142
192
135
98
247
323
271
189
37
39
142
192
135
98
247
323
271
189
37
39
142
192
135
98
247
323
271
189
37
39
142
192
135
98
247
323
271
189
37
39
142
192
135
98
247
323
271
189
37
39
142
192
135
98
247
323
271
189
37
39
142
192
135
98
247
323
271
189
37
39
142
192
135
98
247
323
271
189