59
49
57
148
10
135
145
107
73
7
59
49
57
148
10
135
145
107
73
7
59
49
57
148
10
135
145
107
73
7
59
49
57
148
10
135
145
107
73
7
59
49
57
148
10
135
145
107
73
7
59
49
57
148
10
135
145
107
73
7
59
49
57
148
10
135
145
107
73
7
59
49
57
148
10
135
145
107
73
7
59
49
57
148
10
135
145
107
73
7
59
49
57
148
10
135
145
107
73
7
59
49
57
148
10
135
145
107
73
7
59
49
57
148
10
135
145
107
73
7
59
49
57
148
10
135
145
107
73
7
59
49
57
148
10
135
145
107
73
7
59
49
57
148
10
135
145
107
73
7
59
49
57
148
10
135
145
107
73
7
59
49
57
148
10
135
145
107
73
7
59
49
57
148
10
135
145
107
73
7
59
49
57
148
10
135
145
107
73
7
59
49
57
148
10
135
145
107
73
7
59
49
57
148
10
135
145
107
73
7
59
49
57
148
10
135
145
107
73
7
59
49
57
148
10
135
145
107
73
7
59
49
57
148
10
135
145
107
73
7
59
49
57
148
10
135
145
107
73
7
59
49
57
148
10
135
145
107
73
7
59
49
57
148
10
135
145
107
73
7
59
49
57
148
10
135
145
107
73
7
59
49
57
148
10
135
145
107
73
7
59
49
57
148
10
135
145
107
73
7
59
49
57
148
10
135
145
107
73
7
59
49
57
148
10
135
145
107
73
7
59
49
57
148
10
135
145
107
73
7
59
49
57
148
10
135
145
107
73
7
59
49
57
148
10
135
145
107
73
7
59
49
57
148
10
135
145
107
73
7
59
49
57
148
10
135
145
107
73
7
59
49
57
148
10
135
145
107
73
7
59
49
57
148
10
135
145
107
73
7
59
49
57
148
10
135
145
107
73
7
59
49
57
148
10
135
145
107
73
7
59
49
57
148
10
135
145
107
73
7
59
49
57
148
10
135
145
107
73
7
59
49
57
148
10
135
145
107
73
7
59
49
57
148
10
135
145
107
73
7
59
49
57
148
10
135
145
107
73
7
59
49
57
148
10
135
145
107
73
7
59
49
57
148
10
135
145
107
73
7
59
49
57
148
10
135
145
107
73
7
59
49
57
148
10
135
145
107
73
7