59
49
57
148
10
77
107
73
53
7
59
49
57
148
10
77
107
73
53
7
59
49
57
148
10
77
107
73
53
7
59
49
57
148
10
77
107
73
53
7
59
49
57
148
10
77
107
73
53
7
59
49
57
148
10
77
107
73
53
7
59
49
57
148
10
77
107
73
53
7
59
49
57
148
10
77
107
73
53
7
59
49
57
148
10
77
107
73
53
7
59
49
57
148
10
77
107
73
53
7
59
49
57
148
10
77
107
73
53
7
59
49
57
148
10
77
107
73
53
7
59
49
57
148
10
77
107
73
53
7
59
49
57
148
10
77
107
73
53
7
59
49
57
148
10
77
107
73
53
7
59
49
57
148
10
77
107
73
53
7
59
49
57
148
10
77
107
73
53
7
59
49
57
148
10
77
107
73
53
7
59
49
57
148
10
77
107
73
53
7
59
49
57
148
10
77
107
73
53
7
59
49
57
148
10
77
107
73
53
7
59
49
57
148
10
77
107
73
53
7
59
49
57
148
10
77
107
73
53
7
59
49
57
148
10
77
107
73
53
7
59
49
57
148
10
77
107
73
53
7
59
49
57
148
10
77
107
73
53
7
59
49
57
148
10
77
107
73
53
7
59
49
57
148
10
77
107
73
53
7
59
49
57
148
10
77
107
73
53
7
59
49
57
148
10
77
107
73
53
7
59
49
57
148
10
77
107
73
53
7
59
49
57
148
10
77
107
73
53
7
59
49
57
148
10
77
107
73
53
7
59
49
57
148
10
77
107
73
53
7
59
49
57
148
10
77
107
73
53
7
59
49
57
148
10
77
107
73
53
7
59
49
57
148
10
77
107
73
53
7
59
49
57
148
10
77
107
73
53
7
59
49
57
148
10
77
107
73
53
7
59
49
57
148
10
77
107
73
53
7
59
49
57
148
10
77
107
73
53
7
59
49
57
148
10
77
107
73
53
7
59
49
57
148
10
77
107
73
53
7
59
49
57
148
10
77
107
73
53
7
59
49
57
148
10
77
107
73
53
7
59
49
57
148
10
77
107
73
53
7
59
49
57
148
10
77
107
73
53
7
59
49
57
148
10
77
107
73
53
7
59
49
57
148
10
77
107
73
53
7
59
49
57
148
10
77
107
73
53
7