59
49
57
10
135
77
145
107
53
7
59
49
57
10
135
77
145
107
53
7
59
49
57
10
135
77
145
107
53
7
59
49
57
10
135
77
145
107
53
7
59
49
57
10
135
77
145
107
53
7
59
49
57
10
135
77
145
107
53
7
59
49
57
10
135
77
145
107
53
7
59
49
57
10
135
77
145
107
53
7
59
49
57
10
135
77
145
107
53
7
59
49
57
10
135
77
145
107
53
7
59
49
57
10
135
77
145
107
53
7
59
49
57
10
135
77
145
107
53
7
59
49
57
10
135
77
145
107
53
7
59
49
57
10
135
77
145
107
53
7
59
49
57
10
135
77
145
107
53
7
59
49
57
10
135
77
145
107
53
7
59
49
57
10
135
77
145
107
53
7
59
49
57
10
135
77
145
107
53
7
59
49
57
10
135
77
145
107
53
7
59
49
57
10
135
77
145
107
53
7
59
49
57
10
135
77
145
107
53
7
59
49
57
10
135
77
145
107
53
7
59
49
57
10
135
77
145
107
53
7
59
49
57
10
135
77
145
107
53
7
59
49
57
10
135
77
145
107
53
7
59
49
57
10
135
77
145
107
53
7
59
49
57
10
135
77
145
107
53
7
59
49
57
10
135
77
145
107
53
7
59
49
57
10
135
77
145
107
53
7
59
49
57
10
135
77
145
107
53
7
59
49
57
10
135
77
145
107
53
7
59
49
57
10
135
77
145
107
53
7
59
49
57
10
135
77
145
107
53
7
59
49
57
10
135
77
145
107
53
7
59
49
57
10
135
77
145
107
53
7
59
49
57
10
135
77
145
107
53
7
59
49
57
10
135
77
145
107
53
7
59
49
57
10
135
77
145
107
53
7
59
49
57
10
135
77
145
107
53
7
59
49
57
10
135
77
145
107
53
7
59
49
57
10
135
77
145
107
53
7
59
49
57
10
135
77
145
107
53
7
59
49
57
10
135
77
145
107
53
7
59
49
57
10
135
77
145
107
53
7
59
49
57
10
135
77
145
107
53
7
59
49
57
10
135
77
145
107
53
7
59
49
57
10
135
77
145
107
53
7
59
49
57
10
135
77
145
107
53
7
59
49
57
10
135
77
145
107
53
7
59
49
57
10
135
77
145
107
53
7