49
57
148
10
135
77
107
73
53
7
49
57
148
10
135
77
107
73
53
7
49
57
148
10
135
77
107
73
53
7
49
57
148
10
135
77
107
73
53
7
49
57
148
10
135
77
107
73
53
7
49
57
148
10
135
77
107
73
53
7
49
57
148
10
135
77
107
73
53
7
49
57
148
10
135
77
107
73
53
7
49
57
148
10
135
77
107
73
53
7
49
57
148
10
135
77
107
73
53
7
49
57
148
10
135
77
107
73
53
7
49
57
148
10
135
77
107
73
53
7
49
57
148
10
135
77
107
73
53
7
49
57
148
10
135
77
107
73
53
7
49
57
148
10
135
77
107
73
53
7
49
57
148
10
135
77
107
73
53
7
49
57
148
10
135
77
107
73
53
7
49
57
148
10
135
77
107
73
53
7
49
57
148
10
135
77
107
73
53
7
49
57
148
10
135
77
107
73
53
7
49
57
148
10
135
77
107
73
53
7
49
57
148
10
135
77
107
73
53
7
49
57
148
10
135
77
107
73
53
7
49
57
148
10
135
77
107
73
53
7
49
57
148
10
135
77
107
73
53
7
49
57
148
10
135
77
107
73
53
7
49
57
148
10
135
77
107
73
53
7
49
57
148
10
135
77
107
73
53
7
49
57
148
10
135
77
107
73
53
7
49
57
148
10
135
77
107
73
53
7
49
57
148
10
135
77
107
73
53
7
49
57
148
10
135
77
107
73
53
7
49
57
148
10
135
77
107
73
53
7
49
57
148
10
135
77
107
73
53
7
49
57
148
10
135
77
107
73
53
7
49
57
148
10
135
77
107
73
53
7
49
57
148
10
135
77
107
73
53
7
49
57
148
10
135
77
107
73
53
7
49
57
148
10
135
77
107
73
53
7
49
57
148
10
135
77
107
73
53
7
49
57
148
10
135
77
107
73
53
7
49
57
148
10
135
77
107
73
53
7
49
57
148
10
135
77
107
73
53
7
49
57
148
10
135
77
107
73
53
7
49
57
148
10
135
77
107
73
53
7
49
57
148
10
135
77
107
73
53
7
49
57
148
10
135
77
107
73
53
7
49
57
148
10
135
77
107
73
53
7
49
57
148
10
135
77
107
73
53
7
49
57
148
10
135
77
107
73
53
7