59
49
57
148
135
77
145
73
53
7
59
49
57
148
135
77
145
73
53
7
59
49
57
148
135
77
145
73
53
7
59
49
57
148
135
77
145
73
53
7
59
49
57
148
135
77
145
73
53
7
59
49
57
148
135
77
145
73
53
7
59
49
57
148
135
77
145
73
53
7
59
49
57
148
135
77
145
73
53
7
59
49
57
148
135
77
145
73
53
7
59
49
57
148
135
77
145
73
53
7
59
49
57
148
135
77
145
73
53
7
59
49
57
148
135
77
145
73
53
7
59
49
57
148
135
77
145
73
53
7
59
49
57
148
135
77
145
73
53
7
59
49
57
148
135
77
145
73
53
7
59
49
57
148
135
77
145
73
53
7
59
49
57
148
135
77
145
73
53
7
59
49
57
148
135
77
145
73
53
7
59
49
57
148
135
77
145
73
53
7
59
49
57
148
135
77
145
73
53
7
59
49
57
148
135
77
145
73
53
7
59
49
57
148
135
77
145
73
53
7
59
49
57
148
135
77
145
73
53
7
59
49
57
148
135
77
145
73
53
7
59
49
57
148
135
77
145
73
53
7
59
49
57
148
135
77
145
73
53
7
59
49
57
148
135
77
145
73
53
7
59
49
57
148
135
77
145
73
53
7
59
49
57
148
135
77
145
73
53
7
59
49
57
148
135
77
145
73
53
7
59
49
57
148
135
77
145
73
53
7
59
49
57
148
135
77
145
73
53
7
59
49
57
148
135
77
145
73
53
7
59
49
57
148
135
77
145
73
53
7
59
49
57
148
135
77
145
73
53
7
59
49
57
148
135
77
145
73
53
7
59
49
57
148
135
77
145
73
53
7
59
49
57
148
135
77
145
73
53
7
59
49
57
148
135
77
145
73
53
7
59
49
57
148
135
77
145
73
53
7
59
49
57
148
135
77
145
73
53
7
59
49
57
148
135
77
145
73
53
7
59
49
57
148
135
77
145
73
53
7
59
49
57
148
135
77
145
73
53
7
59
49
57
148
135
77
145
73
53
7
59
49
57
148
135
77
145
73
53
7
59
49
57
148
135
77
145
73
53
7
59
49
57
148
135
77
145
73
53
7
59
49
57
148
135
77
145
73
53
7
59
49
57
148
135
77
145
73
53
7