59
49
57
148
10
77
145
107
73
53
59
49
57
148
10
77
145
107
73
53
59
49
57
148
10
77
145
107
73
53
59
49
57
148
10
77
145
107
73
53
59
49
57
148
10
77
145
107
73
53
59
49
57
148
10
77
145
107
73
53
59
49
57
148
10
77
145
107
73
53
59
49
57
148
10
77
145
107
73
53
59
49
57
148
10
77
145
107
73
53
59
49
57
148
10
77
145
107
73
53
59
49
57
148
10
77
145
107
73
53
59
49
57
148
10
77
145
107
73
53
59
49
57
148
10
77
145
107
73
53
59
49
57
148
10
77
145
107
73
53
59
49
57
148
10
77
145
107
73
53
59
49
57
148
10
77
145
107
73
53
59
49
57
148
10
77
145
107
73
53
59
49
57
148
10
77
145
107
73
53
59
49
57
148
10
77
145
107
73
53
59
49
57
148
10
77
145
107
73
53
59
49
57
148
10
77
145
107
73
53
59
49
57
148
10
77
145
107
73
53
59
49
57
148
10
77
145
107
73
53
59
49
57
148
10
77
145
107
73
53
59
49
57
148
10
77
145
107
73
53
59
49
57
148
10
77
145
107
73
53
59
49
57
148
10
77
145
107
73
53
59
49
57
148
10
77
145
107
73
53
59
49
57
148
10
77
145
107
73
53
59
49
57
148
10
77
145
107
73
53
59
49
57
148
10
77
145
107
73
53
59
49
57
148
10
77
145
107
73
53
59
49
57
148
10
77
145
107
73
53
59
49
57
148
10
77
145
107
73
53
59
49
57
148
10
77
145
107
73
53
59
49
57
148
10
77
145
107
73
53
59
49
57
148
10
77
145
107
73
53
59
49
57
148
10
77
145
107
73
53
59
49
57
148
10
77
145
107
73
53
59
49
57
148
10
77
145
107
73
53
59
49
57
148
10
77
145
107
73
53
59
49
57
148
10
77
145
107
73
53
59
49
57
148
10
77
145
107
73
53
59
49
57
148
10
77
145
107
73
53
59
49
57
148
10
77
145
107
73
53
59
49
57
148
10
77
145
107
73
53
59
49
57
148
10
77
145
107
73
53
59
49
57
148
10
77
145
107
73
53
59
49
57
148
10
77
145
107
73
53
59
49
57
148
10
77
145
107
73
53