59
49
57
148
135
77
145
107
73
7
59
49
57
148
135
77
145
107
73
7
59
49
57
148
135
77
145
107
73
7
59
49
57
148
135
77
145
107
73
7
59
49
57
148
135
77
145
107
73
7
59
49
57
148
135
77
145
107
73
7
59
49
57
148
135
77
145
107
73
7
59
49
57
148
135
77
145
107
73
7
59
49
57
148
135
77
145
107
73
7
59
49
57
148
135
77
145
107
73
7
59
49
57
148
135
77
145
107
73
7
59
49
57
148
135
77
145
107
73
7
59
49
57
148
135
77
145
107
73
7
59
49
57
148
135
77
145
107
73
7
59
49
57
148
135
77
145
107
73
7
59
49
57
148
135
77
145
107
73
7
59
49
57
148
135
77
145
107
73
7
59
49
57
148
135
77
145
107
73
7
59
49
57
148
135
77
145
107
73
7
59
49
57
148
135
77
145
107
73
7
59
49
57
148
135
77
145
107
73
7
59
49
57
148
135
77
145
107
73
7
59
49
57
148
135
77
145
107
73
7
59
49
57
148
135
77
145
107
73
7
59
49
57
148
135
77
145
107
73
7
59
49
57
148
135
77
145
107
73
7
59
49
57
148
135
77
145
107
73
7
59
49
57
148
135
77
145
107
73
7
59
49
57
148
135
77
145
107
73
7
59
49
57
148
135
77
145
107
73
7
59
49
57
148
135
77
145
107
73
7
59
49
57
148
135
77
145
107
73
7
59
49
57
148
135
77
145
107
73
7
59
49
57
148
135
77
145
107
73
7
59
49
57
148
135
77
145
107
73
7
59
49
57
148
135
77
145
107
73
7
59
49
57
148
135
77
145
107
73
7
59
49
57
148
135
77
145
107
73
7
59
49
57
148
135
77
145
107
73
7
59
49
57
148
135
77
145
107
73
7
59
49
57
148
135
77
145
107
73
7
59
49
57
148
135
77
145
107
73
7
59
49
57
148
135
77
145
107
73
7
59
49
57
148
135
77
145
107
73
7
59
49
57
148
135
77
145
107
73
7
59
49
57
148
135
77
145
107
73
7
59
49
57
148
135
77
145
107
73
7
59
49
57
148
135
77
145
107
73
7
59
49
57
148
135
77
145
107
73
7
59
49
57
148
135
77
145
107
73
7