598
1144
240
36
20
75
911
31
173
561
51
587
64
568
2172
71
157
269
382
670
200
23
18
118
359
598
1144
240
36
20
75
911
31
173
561
51
587
64
568
2172
71
157
269
382
670
200
23
18
118
359
598
1144
240
36
20
75
911
31
173
561
51
587
64
568
2172
71
157
269
382
670
200
23
18
118
359
598
1144
240
36
20
75
911
31
173
561
51
587
64
568
2172
71
157
269
382
670
200
23
18
118
359
598
1144
240
36
20
75
911
31
173
561
51
587
64
568
2172
71
157
269
382
670
200
23
18
118
359
598
1144
240
36
20
75
911
31
173
561
51
587
64
568
2172
71
157
269
382
670
200
23
18
118
359
598
1144
240
36
20
75
911
31
173
561
51
587
64
568
2172
71
157
269
382
670
200
23
18
118
359
598
1144
240
36
20
75
911
31
173
561
51
587
64
568
2172
71
157
269
382
670
200
23
18
118
359
598
1144
240
36
20
75
911
31
173
561
51
587
64
568
2172
71
157
269
382
670
200
23
18
118
359
598
1144
240
36
20
75
911
31
173
561
51
587
64
568
2172
71
157
269
382
670
200
23
18
118
359
598
1144
240
36
20
75
911
31
173
561
51
587
64
568
2172
71
157
269
382
670
200
23
18
118
359
598
1144
240
36
20
75
911
31
173
561
51
587
64
568
2172
71
157
269
382
670
200
23
18
118
359
598
1144
240
36
20
75
911
31
173
561
51
587
64
568
2172
71
157
269
382
670
200
23
18
118
359
598
1144
240
36
20
75
911
31
173
561
51
587
64
568
2172
71
157
269
382
670
200
23
18
118
359
598
1144
240
36
20
75
911
31
173
561
51
587
64
568
2172
71
157
269
382
670
200
23
18
118
359
598
1144
240
36
20
75
911
31
173
561
51
587
64
568
2172
71
157
269
382
670
200
23
18
118
359
598
1144
240
36
20
75
911
31
173
561
51
587
64
568
2172
71
157
269
382
670
200
23
18
118
359
598
1144
240
36
20
75
911
31
173
561
51
587
64
568
2172
71
157
269
382
670
200
23
18
118
359
598
1144
240
36
20
75
911
31
173
561
51
587
64
568
2172
71
157
269
382
670
200
23
18
118
359
598
1144
240
36
20
75
911
31
173
561
51
587
64
568
2172
71
157
269
382
670
200
23
18
118
359
598
1144
240
36
20
75
911
31
173
561
51
587
64
568
2172
71
157
269
382
670
200
23
18
118
359
598
1144
240
36
20
75
911
31
173
561
51
587
64
568
2172
71
157
269
382
670
200
23
18
118
359
598
1144
240
36
20
75
911
31
173
561
51
587
64
568
2172
71
157
269
382
670
200
23
18
118
359
598
1144
240
36
20
75
911
31
173
561
51
587
64
568
2172
71
157
269
382
670
200
23
18
118
359
598
1144
240
36
20
75
911
31
173
561
51
587
64
568
2172
71
157
269
382
670
200
23
18
118
359
598
1144
240
36
20
75
911
31
173
561
51
587
64
568
2172
71
157
269
382
670
200
23
18
118
359
598
1144
240
36
20
75
911
31
173
561
51
587
64
568
2172
71
157
269
382
670
200
23
18
118
359
598
1144
240
36
20
75
911
31
173
561
51
587
64
568
2172
71
157
269
382
670
200
23
18
118
359
598
1144
240
36
20
75
911
31
173
561
51
587
64
568
2172
71
157
269
382
670
200
23
18
118
359
598
1144
240
36
20
75
911
31
173
561
51
587
64
568
2172
71
157
269
382
670
200
23
18
118
359
598
1144
240
36
20
75
911
31
173
561
51
587
64
568
2172
71
157
269
382
670
200
23
18
118
359
598
1144
240
36
20
75
911
31
173
561
51
587
64
568
2172
71
157
269
382
670
200
23
18
118
359
598
1144
240
36
20
75
911
31
173
561
51
587
64
568
2172
71
157
269
382
670
200
23
18
118
359
598
1144
240
36
20
75
911
31
173
561
51
587
64
568
2172
71
157
269
382
670
200
23
18
118
359
598
1144
240
36
20
75
911
31
173
561
51
587
64
568
2172
71
157
269
382
670
200
23
18
118
359
598
1144
240
36
20
75
911
31
173
561
51
587
64
568
2172
71
157
269
382
670
200
23
18
118
359
598
1144
240
36
20
75
911
31
173
561
51
587
64
568
2172
71
157
269
382
670
200
23
18
118
359
598
1144
240
36
20
75
911
31
173
561
51
587
64
568
2172
71
157
269
382
670
200
23
18
118
359
598
1144
240
36
20
75
911
31
173
561
51
587
64
568
2172
71
157
269
382
670
200
23
18
118
359
598
1144
240
36
20
75
911
31
173
561
51
587
64
568
2172
71
157
269
382
670
200
23
18
118
359
598
1144
240
36
20
75
911
31
173
561
51
587
64
568
2172
71
157
269
382
670
200
23
18
118
359
598
1144
240
36
20
75
911
31
173
561
51
587
64
568
2172
71
157
269
382
670
200
23
18
118
359
598
1144
240
36
20
75
911
31
173
561
51
587
64
568
2172
71
157
269
382
670
200
23
18
118
359
598
1144
240
36
20
75
911
31
173
561
51
587
64
568
2172
71
157
269
382
670
200
23
18
118
359
598
1144
240
36
20
75
911
31
173
561
51
587
64
568
2172
71
157
269
382
670
200
23
18
118
359
598
1144
240
36
20
75
911
31
173
561
51
587
64
568
2172
71
157
269
382
670
200
23
18
118
359
598
1144
240
36
20
75
911
31
173
561
51
587
64
568
2172
71
157
269
382
670
200
23
18
118
359
598
1144
240
36
20
75
911
31
173
561
51
587
64
568
2172
71
157
269
382
670
200
23
18
118
359
598
1144
240
36
20
75
911
31
173
561
51
587
64
568
2172
71
157
269
382
670
200
23
18
118
359
598
1144
240
36
20
75
911
31
173
561
51
587
64
568
2172
71
157
269
382
670
200
23
18
118
359