60
40
1314
225
359
1949
18
233
64
31
2172
758
173
911
234
291
382
20
561
22
240
157
588
36
289
60
40
1314
225
359
1949
18
233
64
31
2172
758
173
911
234
291
382
20
561
22
240
157
588
36
289
60
40
1314
225
359
1949
18
233
64
31
2172
758
173
911
234
291
382
20
561
22
240
157
588
36
289
60
40
1314
225
359
1949
18
233
64
31
2172
758
173
911
234
291
382
20
561
22
240
157
588
36
289
60
40
1314
225
359
1949
18
233
64
31
2172
758
173
911
234
291
382
20
561
22
240
157
588
36
289
60
40
1314
225
359
1949
18
233
64
31
2172
758
173
911
234
291
382
20
561
22
240
157
588
36
289
60
40
1314
225
359
1949
18
233
64
31
2172
758
173
911
234
291
382
20
561
22
240
157
588
36
289
60
40
1314
225
359
1949
18
233
64
31
2172
758
173
911
234
291
382
20
561
22
240
157
588
36
289
60
40
1314
225
359
1949
18
233
64
31
2172
758
173
911
234
291
382
20
561
22
240
157
588
36
289
60
40
1314
225
359
1949
18
233
64
31
2172
758
173
911
234
291
382
20
561
22
240
157
588
36
289
60
40
1314
225
359
1949
18
233
64
31
2172
758
173
911
234
291
382
20
561
22
240
157
588
36
289
60
40
1314
225
359
1949
18
233
64
31
2172
758
173
911
234
291
382
20
561
22
240
157
588
36
289
60
40
1314
225
359
1949
18
233
64
31
2172
758
173
911
234
291
382
20
561
22
240
157
588
36
289
60
40
1314
225
359
1949
18
233
64
31
2172
758
173
911
234
291
382
20
561
22
240
157
588
36
289
60
40
1314
225
359
1949
18
233
64
31
2172
758
173
911
234
291
382
20
561
22
240
157
588
36
289
60
40
1314
225
359
1949
18
233
64
31
2172
758
173
911
234
291
382
20
561
22
240
157
588
36
289
60
40
1314
225
359
1949
18
233
64
31
2172
758
173
911
234
291
382
20
561
22
240
157
588
36
289
60
40
1314
225
359
1949
18
233
64
31
2172
758
173
911
234
291
382
20
561
22
240
157
588
36
289
60
40
1314
225
359
1949
18
233
64
31
2172
758
173
911
234
291
382
20
561
22
240
157
588
36
289
60
40
1314
225
359
1949
18
233
64
31
2172
758
173
911
234
291
382
20
561
22
240
157
588
36
289
60
40
1314
225
359
1949
18
233
64
31
2172
758
173
911
234
291
382
20
561
22
240
157
588
36
289
60
40
1314
225
359
1949
18
233
64
31
2172
758
173
911
234
291
382
20
561
22
240
157
588
36
289
60
40
1314
225
359
1949
18
233
64
31
2172
758
173
911
234
291
382
20
561
22
240
157
588
36
289
60
40
1314
225
359
1949
18
233
64
31
2172
758
173
911
234
291
382
20
561
22
240
157
588
36
289
60
40
1314
225
359
1949
18
233
64
31
2172
758
173
911
234
291
382
20
561
22
240
157
588
36
289
60
40
1314
225
359
1949
18
233
64
31
2172
758
173
911
234
291
382
20
561
22
240
157
588
36
289
60
40
1314
225
359
1949
18
233
64
31
2172
758
173
911
234
291
382
20
561
22
240
157
588
36
289
60
40
1314
225
359
1949
18
233
64
31
2172
758
173
911
234
291
382
20
561
22
240
157
588
36
289
60
40
1314
225
359
1949
18
233
64
31
2172
758
173
911
234
291
382
20
561
22
240
157
588
36
289
60
40
1314
225
359
1949
18
233
64
31
2172
758
173
911
234
291
382
20
561
22
240
157
588
36
289
60
40
1314
225
359
1949
18
233
64
31
2172
758
173
911
234
291
382
20
561
22
240
157
588
36
289
60
40
1314
225
359
1949
18
233
64
31
2172
758
173
911
234
291
382
20
561
22
240
157
588
36
289
60
40
1314
225
359
1949
18
233
64
31
2172
758
173
911
234
291
382
20
561
22
240
157
588
36
289
60
40
1314
225
359
1949
18
233
64
31
2172
758
173
911
234
291
382
20
561
22
240
157
588
36
289
60
40
1314
225
359
1949
18
233
64
31
2172
758
173
911
234
291
382
20
561
22
240
157
588
36
289
60
40
1314
225
359
1949
18
233
64
31
2172
758
173
911
234
291
382
20
561
22
240
157
588
36
289
60
40
1314
225
359
1949
18
233
64
31
2172
758
173
911
234
291
382
20
561
22
240
157
588
36
289
60
40
1314
225
359
1949
18
233
64
31
2172
758
173
911
234
291
382
20
561
22
240
157
588
36
289
60
40
1314
225
359
1949
18
233
64
31
2172
758
173
911
234
291
382
20
561
22
240
157
588
36
289
60
40
1314
225
359
1949
18
233
64
31
2172
758
173
911
234
291
382
20
561
22
240
157
588
36
289
60
40
1314
225
359
1949
18
233
64
31
2172
758
173
911
234
291
382
20
561
22
240
157
588
36
289
60
40
1314
225
359
1949
18
233
64
31
2172
758
173
911
234
291
382
20
561
22
240
157
588
36
289
60
40
1314
225
359
1949
18
233
64
31
2172
758
173
911
234
291
382
20
561
22
240
157
588
36
289
60
40
1314
225
359
1949
18
233
64
31
2172
758
173
911
234
291
382
20
561
22
240
157
588
36
289
60
40
1314
225
359
1949
18
233
64
31
2172
758
173
911
234
291
382
20
561
22
240
157
588
36
289
60
40
1314
225
359
1949
18
233
64
31
2172
758
173
911
234
291
382
20
561
22
240
157
588
36
289
60
40
1314
225
359
1949
18
233
64
31
2172
758
173
911
234
291
382
20
561
22
240
157
588
36
289
60
40
1314
225
359
1949
18
233
64
31
2172
758
173
911
234
291
382
20
561
22
240
157
588
36
289
60
40
1314
225
359
1949
18
233
64
31
2172
758
173
911
234
291
382
20
561
22
240
157
588
36
289
60
40
1314
225
359
1949
18
233
64
31
2172
758
173
911
234
291
382
20
561
22
240
157
588
36
289