233
240
23
1107
758
118
154
1672
670
291
18
1314
559
598
53
60
173
382
157
22
1135
234
269
663
1144
233
240
23
1107
758
118
154
1672
670
291
18
1314
559
598
53
60
173
382
157
22
1135
234
269
663
1144
233
240
23
1107
758
118
154
1672
670
291
18
1314
559
598
53
60
173
382
157
22
1135
234
269
663
1144
233
240
23
1107
758
118
154
1672
670
291
18
1314
559
598
53
60
173
382
157
22
1135
234
269
663
1144
233
240
23
1107
758
118
154
1672
670
291
18
1314
559
598
53
60
173
382
157
22
1135
234
269
663
1144
233
240
23
1107
758
118
154
1672
670
291
18
1314
559
598
53
60
173
382
157
22
1135
234
269
663
1144
233
240
23
1107
758
118
154
1672
670
291
18
1314
559
598
53
60
173
382
157
22
1135
234
269
663
1144
233
240
23
1107
758
118
154
1672
670
291
18
1314
559
598
53
60
173
382
157
22
1135
234
269
663
1144
233
240
23
1107
758
118
154
1672
670
291
18
1314
559
598
53
60
173
382
157
22
1135
234
269
663
1144
233
240
23
1107
758
118
154
1672
670
291
18
1314
559
598
53
60
173
382
157
22
1135
234
269
663
1144
233
240
23
1107
758
118
154
1672
670
291
18
1314
559
598
53
60
173
382
157
22
1135
234
269
663
1144
233
240
23
1107
758
118
154
1672
670
291
18
1314
559
598
53
60
173
382
157
22
1135
234
269
663
1144
233
240
23
1107
758
118
154
1672
670
291
18
1314
559
598
53
60
173
382
157
22
1135
234
269
663
1144
233
240
23
1107
758
118
154
1672
670
291
18
1314
559
598
53
60
173
382
157
22
1135
234
269
663
1144
233
240
23
1107
758
118
154
1672
670
291
18
1314
559
598
53
60
173
382
157
22
1135
234
269
663
1144
233
240
23
1107
758
118
154
1672
670
291
18
1314
559
598
53
60
173
382
157
22
1135
234
269
663
1144
233
240
23
1107
758
118
154
1672
670
291
18
1314
559
598
53
60
173
382
157
22
1135
234
269
663
1144
233
240
23
1107
758
118
154
1672
670
291
18
1314
559
598
53
60
173
382
157
22
1135
234
269
663
1144
233
240
23
1107
758
118
154
1672
670
291
18
1314
559
598
53
60
173
382
157
22
1135
234
269
663
1144
233
240
23
1107
758
118
154
1672
670
291
18
1314
559
598
53
60
173
382
157
22
1135
234
269
663
1144
233
240
23
1107
758
118
154
1672
670
291
18
1314
559
598
53
60
173
382
157
22
1135
234
269
663
1144
233
240
23
1107
758
118
154
1672
670
291
18
1314
559
598
53
60
173
382
157
22
1135
234
269
663
1144
233
240
23
1107
758
118
154
1672
670
291
18
1314
559
598
53
60
173
382
157
22
1135
234
269
663
1144
233
240
23
1107
758
118
154
1672
670
291
18
1314
559
598
53
60
173
382
157
22
1135
234
269
663
1144
233
240
23
1107
758
118
154
1672
670
291
18
1314
559
598
53
60
173
382
157
22
1135
234
269
663
1144
233
240
23
1107
758
118
154
1672
670
291
18
1314
559
598
53
60
173
382
157
22
1135
234
269
663
1144
233
240
23
1107
758
118
154
1672
670
291
18
1314
559
598
53
60
173
382
157
22
1135
234
269
663
1144
233
240
23
1107
758
118
154
1672
670
291
18
1314
559
598
53
60
173
382
157
22
1135
234
269
663
1144
233
240
23
1107
758
118
154
1672
670
291
18
1314
559
598
53
60
173
382
157
22
1135
234
269
663
1144
233
240
23
1107
758
118
154
1672
670
291
18
1314
559
598
53
60
173
382
157
22
1135
234
269
663
1144
233
240
23
1107
758
118
154
1672
670
291
18
1314
559
598
53
60
173
382
157
22
1135
234
269
663
1144
233
240
23
1107
758
118
154
1672
670
291
18
1314
559
598
53
60
173
382
157
22
1135
234
269
663
1144
233
240
23
1107
758
118
154
1672
670
291
18
1314
559
598
53
60
173
382
157
22
1135
234
269
663
1144
233
240
23
1107
758
118
154
1672
670
291
18
1314
559
598
53
60
173
382
157
22
1135
234
269
663
1144
233
240
23
1107
758
118
154
1672
670
291
18
1314
559
598
53
60
173
382
157
22
1135
234
269
663
1144
233
240
23
1107
758
118
154
1672
670
291
18
1314
559
598
53
60
173
382
157
22
1135
234
269
663
1144
233
240
23
1107
758
118
154
1672
670
291
18
1314
559
598
53
60
173
382
157
22
1135
234
269
663
1144
233
240
23
1107
758
118
154
1672
670
291
18
1314
559
598
53
60
173
382
157
22
1135
234
269
663
1144
233
240
23
1107
758
118
154
1672
670
291
18
1314
559
598
53
60
173
382
157
22
1135
234
269
663
1144
233
240
23
1107
758
118
154
1672
670
291
18
1314
559
598
53
60
173
382
157
22
1135
234
269
663
1144
233
240
23
1107
758
118
154
1672
670
291
18
1314
559
598
53
60
173
382
157
22
1135
234
269
663
1144
233
240
23
1107
758
118
154
1672
670
291
18
1314
559
598
53
60
173
382
157
22
1135
234
269
663
1144
233
240
23
1107
758
118
154
1672
670
291
18
1314
559
598
53
60
173
382
157
22
1135
234
269
663
1144
233
240
23
1107
758
118
154
1672
670
291
18
1314
559
598
53
60
173
382
157
22
1135
234
269
663
1144
233
240
23
1107
758
118
154
1672
670
291
18
1314
559
598
53
60
173
382
157
22
1135
234
269
663
1144
233
240
23
1107
758
118
154
1672
670
291
18
1314
559
598
53
60
173
382
157
22
1135
234
269
663
1144
233
240
23
1107
758
118
154
1672
670
291
18
1314
559
598
53
60
173
382
157
22
1135
234
269
663
1144
233
240
23
1107
758
118
154
1672
670
291
18
1314
559
598
53
60
173
382
157
22
1135
234
269
663
1144
233
240
23
1107
758
118
154
1672
670
291
18
1314
559
598
53
60
173
382
157
22
1135
234
269
663
1144
233
240
23
1107
758
118
154
1672
670
291
18
1314
559
598
53
60
173
382
157
22
1135
234
269
663
1144