382
588
200
291
60
1144
1672
587
37
173
75
2172
36
234
51
40
561
53
197
598
71
616
64
1314
240
382
588
200
291
60
1144
1672
587
37
173
75
2172
36
234
51
40
561
53
197
598
71
616
64
1314
240
382
588
200
291
60
1144
1672
587
37
173
75
2172
36
234
51
40
561
53
197
598
71
616
64
1314
240
382
588
200
291
60
1144
1672
587
37
173
75
2172
36
234
51
40
561
53
197
598
71
616
64
1314
240
382
588
200
291
60
1144
1672
587
37
173
75
2172
36
234
51
40
561
53
197
598
71
616
64
1314
240
382
588
200
291
60
1144
1672
587
37
173
75
2172
36
234
51
40
561
53
197
598
71
616
64
1314
240
382
588
200
291
60
1144
1672
587
37
173
75
2172
36
234
51
40
561
53
197
598
71
616
64
1314
240
382
588
200
291
60
1144
1672
587
37
173
75
2172
36
234
51
40
561
53
197
598
71
616
64
1314
240
382
588
200
291
60
1144
1672
587
37
173
75
2172
36
234
51
40
561
53
197
598
71
616
64
1314
240
382
588
200
291
60
1144
1672
587
37
173
75
2172
36
234
51
40
561
53
197
598
71
616
64
1314
240
382
588
200
291
60
1144
1672
587
37
173
75
2172
36
234
51
40
561
53
197
598
71
616
64
1314
240
382
588
200
291
60
1144
1672
587
37
173
75
2172
36
234
51
40
561
53
197
598
71
616
64
1314
240
382
588
200
291
60
1144
1672
587
37
173
75
2172
36
234
51
40
561
53
197
598
71
616
64
1314
240
382
588
200
291
60
1144
1672
587
37
173
75
2172
36
234
51
40
561
53
197
598
71
616
64
1314
240
382
588
200
291
60
1144
1672
587
37
173
75
2172
36
234
51
40
561
53
197
598
71
616
64
1314
240
382
588
200
291
60
1144
1672
587
37
173
75
2172
36
234
51
40
561
53
197
598
71
616
64
1314
240
382
588
200
291
60
1144
1672
587
37
173
75
2172
36
234
51
40
561
53
197
598
71
616
64
1314
240
382
588
200
291
60
1144
1672
587
37
173
75
2172
36
234
51
40
561
53
197
598
71
616
64
1314
240
382
588
200
291
60
1144
1672
587
37
173
75
2172
36
234
51
40
561
53
197
598
71
616
64
1314
240
382
588
200
291
60
1144
1672
587
37
173
75
2172
36
234
51
40
561
53
197
598
71
616
64
1314
240
382
588
200
291
60
1144
1672
587
37
173
75
2172
36
234
51
40
561
53
197
598
71
616
64
1314
240
382
588
200
291
60
1144
1672
587
37
173
75
2172
36
234
51
40
561
53
197
598
71
616
64
1314
240
382
588
200
291
60
1144
1672
587
37
173
75
2172
36
234
51
40
561
53
197
598
71
616
64
1314
240
382
588
200
291
60
1144
1672
587
37
173
75
2172
36
234
51
40
561
53
197
598
71
616
64
1314
240
382
588
200
291
60
1144
1672
587
37
173
75
2172
36
234
51
40
561
53
197
598
71
616
64
1314
240
382
588
200
291
60
1144
1672
587
37
173
75
2172
36
234
51
40
561
53
197
598
71
616
64
1314
240
382
588
200
291
60
1144
1672
587
37
173
75
2172
36
234
51
40
561
53
197
598
71
616
64
1314
240
382
588
200
291
60
1144
1672
587
37
173
75
2172
36
234
51
40
561
53
197
598
71
616
64
1314
240
382
588
200
291
60
1144
1672
587
37
173
75
2172
36
234
51
40
561
53
197
598
71
616
64
1314
240
382
588
200
291
60
1144
1672
587
37
173
75
2172
36
234
51
40
561
53
197
598
71
616
64
1314
240
382
588
200
291
60
1144
1672
587
37
173
75
2172
36
234
51
40
561
53
197
598
71
616
64
1314
240
382
588
200
291
60
1144
1672
587
37
173
75
2172
36
234
51
40
561
53
197
598
71
616
64
1314
240
382
588
200
291
60
1144
1672
587
37
173
75
2172
36
234
51
40
561
53
197
598
71
616
64
1314
240
382
588
200
291
60
1144
1672
587
37
173
75
2172
36
234
51
40
561
53
197
598
71
616
64
1314
240
382
588
200
291
60
1144
1672
587
37
173
75
2172
36
234
51
40
561
53
197
598
71
616
64
1314
240
382
588
200
291
60
1144
1672
587
37
173
75
2172
36
234
51
40
561
53
197
598
71
616
64
1314
240
382
588
200
291
60
1144
1672
587
37
173
75
2172
36
234
51
40
561
53
197
598
71
616
64
1314
240
382
588
200
291
60
1144
1672
587
37
173
75
2172
36
234
51
40
561
53
197
598
71
616
64
1314
240
382
588
200
291
60
1144
1672
587
37
173
75
2172
36
234
51
40
561
53
197
598
71
616
64
1314
240
382
588
200
291
60
1144
1672
587
37
173
75
2172
36
234
51
40
561
53
197
598
71
616
64
1314
240
382
588
200
291
60
1144
1672
587
37
173
75
2172
36
234
51
40
561
53
197
598
71
616
64
1314
240
382
588
200
291
60
1144
1672
587
37
173
75
2172
36
234
51
40
561
53
197
598
71
616
64
1314
240
382
588
200
291
60
1144
1672
587
37
173
75
2172
36
234
51
40
561
53
197
598
71
616
64
1314
240
382
588
200
291
60
1144
1672
587
37
173
75
2172
36
234
51
40
561
53
197
598
71
616
64
1314
240
382
588
200
291
60
1144
1672
587
37
173
75
2172
36
234
51
40
561
53
197
598
71
616
64
1314
240
382
588
200
291
60
1144
1672
587
37
173
75
2172
36
234
51
40
561
53
197
598
71
616
64
1314
240
382
588
200
291
60
1144
1672
587
37
173
75
2172
36
234
51
40
561
53
197
598
71
616
64
1314
240
382
588
200
291
60
1144
1672
587
37
173
75
2172
36
234
51
40
561
53
197
598
71
616
64
1314
240
382
588
200
291
60
1144
1672
587
37
173
75
2172
36
234
51
40
561
53
197
598
71
616
64
1314
240
382
588
200
291
60
1144
1672
587
37
173
75
2172
36
234
51
40
561
53
197
598
71
616
64
1314
240