64
269
154
1107
173
359
60
36
75
37
1144
598
40
51
234
19
670
382
588
299
125
1672
233
562
559
64
269
154
1107
173
359
60
36
75
37
1144
598
40
51
234
19
670
382
588
299
125
1672
233
562
559
64
269
154
1107
173
359
60
36
75
37
1144
598
40
51
234
19
670
382
588
299
125
1672
233
562
559
64
269
154
1107
173
359
60
36
75
37
1144
598
40
51
234
19
670
382
588
299
125
1672
233
562
559
64
269
154
1107
173
359
60
36
75
37
1144
598
40
51
234
19
670
382
588
299
125
1672
233
562
559
64
269
154
1107
173
359
60
36
75
37
1144
598
40
51
234
19
670
382
588
299
125
1672
233
562
559
64
269
154
1107
173
359
60
36
75
37
1144
598
40
51
234
19
670
382
588
299
125
1672
233
562
559
64
269
154
1107
173
359
60
36
75
37
1144
598
40
51
234
19
670
382
588
299
125
1672
233
562
559
64
269
154
1107
173
359
60
36
75
37
1144
598
40
51
234
19
670
382
588
299
125
1672
233
562
559
64
269
154
1107
173
359
60
36
75
37
1144
598
40
51
234
19
670
382
588
299
125
1672
233
562
559
64
269
154
1107
173
359
60
36
75
37
1144
598
40
51
234
19
670
382
588
299
125
1672
233
562
559
64
269
154
1107
173
359
60
36
75
37
1144
598
40
51
234
19
670
382
588
299
125
1672
233
562
559
64
269
154
1107
173
359
60
36
75
37
1144
598
40
51
234
19
670
382
588
299
125
1672
233
562
559
64
269
154
1107
173
359
60
36
75
37
1144
598
40
51
234
19
670
382
588
299
125
1672
233
562
559
64
269
154
1107
173
359
60
36
75
37
1144
598
40
51
234
19
670
382
588
299
125
1672
233
562
559
64
269
154
1107
173
359
60
36
75
37
1144
598
40
51
234
19
670
382
588
299
125
1672
233
562
559
64
269
154
1107
173
359
60
36
75
37
1144
598
40
51
234
19
670
382
588
299
125
1672
233
562
559
64
269
154
1107
173
359
60
36
75
37
1144
598
40
51
234
19
670
382
588
299
125
1672
233
562
559
64
269
154
1107
173
359
60
36
75
37
1144
598
40
51
234
19
670
382
588
299
125
1672
233
562
559
64
269
154
1107
173
359
60
36
75
37
1144
598
40
51
234
19
670
382
588
299
125
1672
233
562
559
64
269
154
1107
173
359
60
36
75
37
1144
598
40
51
234
19
670
382
588
299
125
1672
233
562
559
64
269
154
1107
173
359
60
36
75
37
1144
598
40
51
234
19
670
382
588
299
125
1672
233
562
559
64
269
154
1107
173
359
60
36
75
37
1144
598
40
51
234
19
670
382
588
299
125
1672
233
562
559
64
269
154
1107
173
359
60
36
75
37
1144
598
40
51
234
19
670
382
588
299
125
1672
233
562
559
64
269
154
1107
173
359
60
36
75
37
1144
598
40
51
234
19
670
382
588
299
125
1672
233
562
559
64
269
154
1107
173
359
60
36
75
37
1144
598
40
51
234
19
670
382
588
299
125
1672
233
562
559
64
269
154
1107
173
359
60
36
75
37
1144
598
40
51
234
19
670
382
588
299
125
1672
233
562
559
64
269
154
1107
173
359
60
36
75
37
1144
598
40
51
234
19
670
382
588
299
125
1672
233
562
559
64
269
154
1107
173
359
60
36
75
37
1144
598
40
51
234
19
670
382
588
299
125
1672
233
562
559
64
269
154
1107
173
359
60
36
75
37
1144
598
40
51
234
19
670
382
588
299
125
1672
233
562
559
64
269
154
1107
173
359
60
36
75
37
1144
598
40
51
234
19
670
382
588
299
125
1672
233
562
559
64
269
154
1107
173
359
60
36
75
37
1144
598
40
51
234
19
670
382
588
299
125
1672
233
562
559
64
269
154
1107
173
359
60
36
75
37
1144
598
40
51
234
19
670
382
588
299
125
1672
233
562
559
64
269
154
1107
173
359
60
36
75
37
1144
598
40
51
234
19
670
382
588
299
125
1672
233
562
559
64
269
154
1107
173
359
60
36
75
37
1144
598
40
51
234
19
670
382
588
299
125
1672
233
562
559
64
269
154
1107
173
359
60
36
75
37
1144
598
40
51
234
19
670
382
588
299
125
1672
233
562
559
64
269
154
1107
173
359
60
36
75
37
1144
598
40
51
234
19
670
382
588
299
125
1672
233
562
559
64
269
154
1107
173
359
60
36
75
37
1144
598
40
51
234
19
670
382
588
299
125
1672
233
562
559
64
269
154
1107
173
359
60
36
75
37
1144
598
40
51
234
19
670
382
588
299
125
1672
233
562
559
64
269
154
1107
173
359
60
36
75
37
1144
598
40
51
234
19
670
382
588
299
125
1672
233
562
559
64
269
154
1107
173
359
60
36
75
37
1144
598
40
51
234
19
670
382
588
299
125
1672
233
562
559
64
269
154
1107
173
359
60
36
75
37
1144
598
40
51
234
19
670
382
588
299
125
1672
233
562
559
64
269
154
1107
173
359
60
36
75
37
1144
598
40
51
234
19
670
382
588
299
125
1672
233
562
559
64
269
154
1107
173
359
60
36
75
37
1144
598
40
51
234
19
670
382
588
299
125
1672
233
562
559
64
269
154
1107
173
359
60
36
75
37
1144
598
40
51
234
19
670
382
588
299
125
1672
233
562
559
64
269
154
1107
173
359
60
36
75
37
1144
598
40
51
234
19
670
382
588
299
125
1672
233
562
559
64
269
154
1107
173
359
60
36
75
37
1144
598
40
51
234
19
670
382
588
299
125
1672
233
562
559
64
269
154
1107
173
359
60
36
75
37
1144
598
40
51
234
19
670
382
588
299
125
1672
233
562
559
64
269
154
1107
173
359
60
36
75
37
1144
598
40
51
234
19
670
382
588
299
125
1672
233
562
559
64
269
154
1107
173
359
60
36
75
37
1144
598
40
51
234
19
670
382
588
299
125
1672
233
562
559