359
291
51
1672
598
559
1314
1144
18
939
382
64
562
758
71
75
269
2172
285
125
588
19
31
911
40
359
291
51
1672
598
559
1314
1144
18
939
382
64
562
758
71
75
269
2172
285
125
588
19
31
911
40
359
291
51
1672
598
559
1314
1144
18
939
382
64
562
758
71
75
269
2172
285
125
588
19
31
911
40
359
291
51
1672
598
559
1314
1144
18
939
382
64
562
758
71
75
269
2172
285
125
588
19
31
911
40
359
291
51
1672
598
559
1314
1144
18
939
382
64
562
758
71
75
269
2172
285
125
588
19
31
911
40
359
291
51
1672
598
559
1314
1144
18
939
382
64
562
758
71
75
269
2172
285
125
588
19
31
911
40
359
291
51
1672
598
559
1314
1144
18
939
382
64
562
758
71
75
269
2172
285
125
588
19
31
911
40
359
291
51
1672
598
559
1314
1144
18
939
382
64
562
758
71
75
269
2172
285
125
588
19
31
911
40
359
291
51
1672
598
559
1314
1144
18
939
382
64
562
758
71
75
269
2172
285
125
588
19
31
911
40
359
291
51
1672
598
559
1314
1144
18
939
382
64
562
758
71
75
269
2172
285
125
588
19
31
911
40
359
291
51
1672
598
559
1314
1144
18
939
382
64
562
758
71
75
269
2172
285
125
588
19
31
911
40
359
291
51
1672
598
559
1314
1144
18
939
382
64
562
758
71
75
269
2172
285
125
588
19
31
911
40
359
291
51
1672
598
559
1314
1144
18
939
382
64
562
758
71
75
269
2172
285
125
588
19
31
911
40
359
291
51
1672
598
559
1314
1144
18
939
382
64
562
758
71
75
269
2172
285
125
588
19
31
911
40
359
291
51
1672
598
559
1314
1144
18
939
382
64
562
758
71
75
269
2172
285
125
588
19
31
911
40
359
291
51
1672
598
559
1314
1144
18
939
382
64
562
758
71
75
269
2172
285
125
588
19
31
911
40
359
291
51
1672
598
559
1314
1144
18
939
382
64
562
758
71
75
269
2172
285
125
588
19
31
911
40
359
291
51
1672
598
559
1314
1144
18
939
382
64
562
758
71
75
269
2172
285
125
588
19
31
911
40
359
291
51
1672
598
559
1314
1144
18
939
382
64
562
758
71
75
269
2172
285
125
588
19
31
911
40
359
291
51
1672
598
559
1314
1144
18
939
382
64
562
758
71
75
269
2172
285
125
588
19
31
911
40
359
291
51
1672
598
559
1314
1144
18
939
382
64
562
758
71
75
269
2172
285
125
588
19
31
911
40
359
291
51
1672
598
559
1314
1144
18
939
382
64
562
758
71
75
269
2172
285
125
588
19
31
911
40
359
291
51
1672
598
559
1314
1144
18
939
382
64
562
758
71
75
269
2172
285
125
588
19
31
911
40
359
291
51
1672
598
559
1314
1144
18
939
382
64
562
758
71
75
269
2172
285
125
588
19
31
911
40
359
291
51
1672
598
559
1314
1144
18
939
382
64
562
758
71
75
269
2172
285
125
588
19
31
911
40
359
291
51
1672
598
559
1314
1144
18
939
382
64
562
758
71
75
269
2172
285
125
588
19
31
911
40
359
291
51
1672
598
559
1314
1144
18
939
382
64
562
758
71
75
269
2172
285
125
588
19
31
911
40
359
291
51
1672
598
559
1314
1144
18
939
382
64
562
758
71
75
269
2172
285
125
588
19
31
911
40
359
291
51
1672
598
559
1314
1144
18
939
382
64
562
758
71
75
269
2172
285
125
588
19
31
911
40
359
291
51
1672
598
559
1314
1144
18
939
382
64
562
758
71
75
269
2172
285
125
588
19
31
911
40
359
291
51
1672
598
559
1314
1144
18
939
382
64
562
758
71
75
269
2172
285
125
588
19
31
911
40
359
291
51
1672
598
559
1314
1144
18
939
382
64
562
758
71
75
269
2172
285
125
588
19
31
911
40
359
291
51
1672
598
559
1314
1144
18
939
382
64
562
758
71
75
269
2172
285
125
588
19
31
911
40
359
291
51
1672
598
559
1314
1144
18
939
382
64
562
758
71
75
269
2172
285
125
588
19
31
911
40
359
291
51
1672
598
559
1314
1144
18
939
382
64
562
758
71
75
269
2172
285
125
588
19
31
911
40
359
291
51
1672
598
559
1314
1144
18
939
382
64
562
758
71
75
269
2172
285
125
588
19
31
911
40
359
291
51
1672
598
559
1314
1144
18
939
382
64
562
758
71
75
269
2172
285
125
588
19
31
911
40
359
291
51
1672
598
559
1314
1144
18
939
382
64
562
758
71
75
269
2172
285
125
588
19
31
911
40
359
291
51
1672
598
559
1314
1144
18
939
382
64
562
758
71
75
269
2172
285
125
588
19
31
911
40
359
291
51
1672
598
559
1314
1144
18
939
382
64
562
758
71
75
269
2172
285
125
588
19
31
911
40
359
291
51
1672
598
559
1314
1144
18
939
382
64
562
758
71
75
269
2172
285
125
588
19
31
911
40
359
291
51
1672
598
559
1314
1144
18
939
382
64
562
758
71
75
269
2172
285
125
588
19
31
911
40
359
291
51
1672
598
559
1314
1144
18
939
382
64
562
758
71
75
269
2172
285
125
588
19
31
911
40
359
291
51
1672
598
559
1314
1144
18
939
382
64
562
758
71
75
269
2172
285
125
588
19
31
911
40
359
291
51
1672
598
559
1314
1144
18
939
382
64
562
758
71
75
269
2172
285
125
588
19
31
911
40
359
291
51
1672
598
559
1314
1144
18
939
382
64
562
758
71
75
269
2172
285
125
588
19
31
911
40
359
291
51
1672
598
559
1314
1144
18
939
382
64
562
758
71
75
269
2172
285
125
588
19
31
911
40
359
291
51
1672
598
559
1314
1144
18
939
382
64
562
758
71
75
269
2172
285
125
588
19
31
911
40
359
291
51
1672
598
559
1314
1144
18
939
382
64
562
758
71
75
269
2172
285
125
588
19
31
911
40
359
291
51
1672
598
559
1314
1144
18
939
382
64
562
758
71
75
269
2172
285
125
588
19
31
911
40