1949
20
359
125
19
758
598
64
939
911
71
233
154
31
200
562
23
53
22
40
234
299
285
157
663
1949
20
359
125
19
758
598
64
939
911
71
233
154
31
200
562
23
53
22
40
234
299
285
157
663
1949
20
359
125
19
758
598
64
939
911
71
233
154
31
200
562
23
53
22
40
234
299
285
157
663
1949
20
359
125
19
758
598
64
939
911
71
233
154
31
200
562
23
53
22
40
234
299
285
157
663
1949
20
359
125
19
758
598
64
939
911
71
233
154
31
200
562
23
53
22
40
234
299
285
157
663
1949
20
359
125
19
758
598
64
939
911
71
233
154
31
200
562
23
53
22
40
234
299
285
157
663
1949
20
359
125
19
758
598
64
939
911
71
233
154
31
200
562
23
53
22
40
234
299
285
157
663
1949
20
359
125
19
758
598
64
939
911
71
233
154
31
200
562
23
53
22
40
234
299
285
157
663
1949
20
359
125
19
758
598
64
939
911
71
233
154
31
200
562
23
53
22
40
234
299
285
157
663
1949
20
359
125
19
758
598
64
939
911
71
233
154
31
200
562
23
53
22
40
234
299
285
157
663
1949
20
359
125
19
758
598
64
939
911
71
233
154
31
200
562
23
53
22
40
234
299
285
157
663
1949
20
359
125
19
758
598
64
939
911
71
233
154
31
200
562
23
53
22
40
234
299
285
157
663
1949
20
359
125
19
758
598
64
939
911
71
233
154
31
200
562
23
53
22
40
234
299
285
157
663
1949
20
359
125
19
758
598
64
939
911
71
233
154
31
200
562
23
53
22
40
234
299
285
157
663
1949
20
359
125
19
758
598
64
939
911
71
233
154
31
200
562
23
53
22
40
234
299
285
157
663
1949
20
359
125
19
758
598
64
939
911
71
233
154
31
200
562
23
53
22
40
234
299
285
157
663
1949
20
359
125
19
758
598
64
939
911
71
233
154
31
200
562
23
53
22
40
234
299
285
157
663
1949
20
359
125
19
758
598
64
939
911
71
233
154
31
200
562
23
53
22
40
234
299
285
157
663
1949
20
359
125
19
758
598
64
939
911
71
233
154
31
200
562
23
53
22
40
234
299
285
157
663
1949
20
359
125
19
758
598
64
939
911
71
233
154
31
200
562
23
53
22
40
234
299
285
157
663
1949
20
359
125
19
758
598
64
939
911
71
233
154
31
200
562
23
53
22
40
234
299
285
157
663
1949
20
359
125
19
758
598
64
939
911
71
233
154
31
200
562
23
53
22
40
234
299
285
157
663
1949
20
359
125
19
758
598
64
939
911
71
233
154
31
200
562
23
53
22
40
234
299
285
157
663
1949
20
359
125
19
758
598
64
939
911
71
233
154
31
200
562
23
53
22
40
234
299
285
157
663
1949
20
359
125
19
758
598
64
939
911
71
233
154
31
200
562
23
53
22
40
234
299
285
157
663
1949
20
359
125
19
758
598
64
939
911
71
233
154
31
200
562
23
53
22
40
234
299
285
157
663
1949
20
359
125
19
758
598
64
939
911
71
233
154
31
200
562
23
53
22
40
234
299
285
157
663
1949
20
359
125
19
758
598
64
939
911
71
233
154
31
200
562
23
53
22
40
234
299
285
157
663
1949
20
359
125
19
758
598
64
939
911
71
233
154
31
200
562
23
53
22
40
234
299
285
157
663
1949
20
359
125
19
758
598
64
939
911
71
233
154
31
200
562
23
53
22
40
234
299
285
157
663
1949
20
359
125
19
758
598
64
939
911
71
233
154
31
200
562
23
53
22
40
234
299
285
157
663
1949
20
359
125
19
758
598
64
939
911
71
233
154
31
200
562
23
53
22
40
234
299
285
157
663
1949
20
359
125
19
758
598
64
939
911
71
233
154
31
200
562
23
53
22
40
234
299
285
157
663
1949
20
359
125
19
758
598
64
939
911
71
233
154
31
200
562
23
53
22
40
234
299
285
157
663
1949
20
359
125
19
758
598
64
939
911
71
233
154
31
200
562
23
53
22
40
234
299
285
157
663
1949
20
359
125
19
758
598
64
939
911
71
233
154
31
200
562
23
53
22
40
234
299
285
157
663
1949
20
359
125
19
758
598
64
939
911
71
233
154
31
200
562
23
53
22
40
234
299
285
157
663
1949
20
359
125
19
758
598
64
939
911
71
233
154
31
200
562
23
53
22
40
234
299
285
157
663
1949
20
359
125
19
758
598
64
939
911
71
233
154
31
200
562
23
53
22
40
234
299
285
157
663
1949
20
359
125
19
758
598
64
939
911
71
233
154
31
200
562
23
53
22
40
234
299
285
157
663
1949
20
359
125
19
758
598
64
939
911
71
233
154
31
200
562
23
53
22
40
234
299
285
157
663
1949
20
359
125
19
758
598
64
939
911
71
233
154
31
200
562
23
53
22
40
234
299
285
157
663
1949
20
359
125
19
758
598
64
939
911
71
233
154
31
200
562
23
53
22
40
234
299
285
157
663
1949
20
359
125
19
758
598
64
939
911
71
233
154
31
200
562
23
53
22
40
234
299
285
157
663
1949
20
359
125
19
758
598
64
939
911
71
233
154
31
200
562
23
53
22
40
234
299
285
157
663
1949
20
359
125
19
758
598
64
939
911
71
233
154
31
200
562
23
53
22
40
234
299
285
157
663
1949
20
359
125
19
758
598
64
939
911
71
233
154
31
200
562
23
53
22
40
234
299
285
157
663
1949
20
359
125
19
758
598
64
939
911
71
233
154
31
200
562
23
53
22
40
234
299
285
157
663
1949
20
359
125
19
758
598
64
939
911
71
233
154
31
200
562
23
53
22
40
234
299
285
157
663
1949
20
359
125
19
758
598
64
939
911
71
233
154
31
200
562
23
53
22
40
234
299
285
157
663