1672
587
561
23
616
289
568
19
225
670
60
359
588
382
51
2172
269
911
154
1314
559
285
40
18
36
1672
587
561
23
616
289
568
19
225
670
60
359
588
382
51
2172
269
911
154
1314
559
285
40
18
36
1672
587
561
23
616
289
568
19
225
670
60
359
588
382
51
2172
269
911
154
1314
559
285
40
18
36
1672
587
561
23
616
289
568
19
225
670
60
359
588
382
51
2172
269
911
154
1314
559
285
40
18
36
1672
587
561
23
616
289
568
19
225
670
60
359
588
382
51
2172
269
911
154
1314
559
285
40
18
36
1672
587
561
23
616
289
568
19
225
670
60
359
588
382
51
2172
269
911
154
1314
559
285
40
18
36
1672
587
561
23
616
289
568
19
225
670
60
359
588
382
51
2172
269
911
154
1314
559
285
40
18
36
1672
587
561
23
616
289
568
19
225
670
60
359
588
382
51
2172
269
911
154
1314
559
285
40
18
36
1672
587
561
23
616
289
568
19
225
670
60
359
588
382
51
2172
269
911
154
1314
559
285
40
18
36
1672
587
561
23
616
289
568
19
225
670
60
359
588
382
51
2172
269
911
154
1314
559
285
40
18
36
1672
587
561
23
616
289
568
19
225
670
60
359
588
382
51
2172
269
911
154
1314
559
285
40
18
36
1672
587
561
23
616
289
568
19
225
670
60
359
588
382
51
2172
269
911
154
1314
559
285
40
18
36
1672
587
561
23
616
289
568
19
225
670
60
359
588
382
51
2172
269
911
154
1314
559
285
40
18
36
1672
587
561
23
616
289
568
19
225
670
60
359
588
382
51
2172
269
911
154
1314
559
285
40
18
36
1672
587
561
23
616
289
568
19
225
670
60
359
588
382
51
2172
269
911
154
1314
559
285
40
18
36
1672
587
561
23
616
289
568
19
225
670
60
359
588
382
51
2172
269
911
154
1314
559
285
40
18
36
1672
587
561
23
616
289
568
19
225
670
60
359
588
382
51
2172
269
911
154
1314
559
285
40
18
36
1672
587
561
23
616
289
568
19
225
670
60
359
588
382
51
2172
269
911
154
1314
559
285
40
18
36
1672
587
561
23
616
289
568
19
225
670
60
359
588
382
51
2172
269
911
154
1314
559
285
40
18
36
1672
587
561
23
616
289
568
19
225
670
60
359
588
382
51
2172
269
911
154
1314
559
285
40
18
36
1672
587
561
23
616
289
568
19
225
670
60
359
588
382
51
2172
269
911
154
1314
559
285
40
18
36
1672
587
561
23
616
289
568
19
225
670
60
359
588
382
51
2172
269
911
154
1314
559
285
40
18
36
1672
587
561
23
616
289
568
19
225
670
60
359
588
382
51
2172
269
911
154
1314
559
285
40
18
36
1672
587
561
23
616
289
568
19
225
670
60
359
588
382
51
2172
269
911
154
1314
559
285
40
18
36
1672
587
561
23
616
289
568
19
225
670
60
359
588
382
51
2172
269
911
154
1314
559
285
40
18
36
1672
587
561
23
616
289
568
19
225
670
60
359
588
382
51
2172
269
911
154
1314
559
285
40
18
36
1672
587
561
23
616
289
568
19
225
670
60
359
588
382
51
2172
269
911
154
1314
559
285
40
18
36
1672
587
561
23
616
289
568
19
225
670
60
359
588
382
51
2172
269
911
154
1314
559
285
40
18
36
1672
587
561
23
616
289
568
19
225
670
60
359
588
382
51
2172
269
911
154
1314
559
285
40
18
36
1672
587
561
23
616
289
568
19
225
670
60
359
588
382
51
2172
269
911
154
1314
559
285
40
18
36
1672
587
561
23
616
289
568
19
225
670
60
359
588
382
51
2172
269
911
154
1314
559
285
40
18
36
1672
587
561
23
616
289
568
19
225
670
60
359
588
382
51
2172
269
911
154
1314
559
285
40
18
36
1672
587
561
23
616
289
568
19
225
670
60
359
588
382
51
2172
269
911
154
1314
559
285
40
18
36
1672
587
561
23
616
289
568
19
225
670
60
359
588
382
51
2172
269
911
154
1314
559
285
40
18
36
1672
587
561
23
616
289
568
19
225
670
60
359
588
382
51
2172
269
911
154
1314
559
285
40
18
36
1672
587
561
23
616
289
568
19
225
670
60
359
588
382
51
2172
269
911
154
1314
559
285
40
18
36
1672
587
561
23
616
289
568
19
225
670
60
359
588
382
51
2172
269
911
154
1314
559
285
40
18
36
1672
587
561
23
616
289
568
19
225
670
60
359
588
382
51
2172
269
911
154
1314
559
285
40
18
36
1672
587
561
23
616
289
568
19
225
670
60
359
588
382
51
2172
269
911
154
1314
559
285
40
18
36
1672
587
561
23
616
289
568
19
225
670
60
359
588
382
51
2172
269
911
154
1314
559
285
40
18
36
1672
587
561
23
616
289
568
19
225
670
60
359
588
382
51
2172
269
911
154
1314
559
285
40
18
36
1672
587
561
23
616
289
568
19
225
670
60
359
588
382
51
2172
269
911
154
1314
559
285
40
18
36
1672
587
561
23
616
289
568
19
225
670
60
359
588
382
51
2172
269
911
154
1314
559
285
40
18
36
1672
587
561
23
616
289
568
19
225
670
60
359
588
382
51
2172
269
911
154
1314
559
285
40
18
36
1672
587
561
23
616
289
568
19
225
670
60
359
588
382
51
2172
269
911
154
1314
559
285
40
18
36
1672
587
561
23
616
289
568
19
225
670
60
359
588
382
51
2172
269
911
154
1314
559
285
40
18
36
1672
587
561
23
616
289
568
19
225
670
60
359
588
382
51
2172
269
911
154
1314
559
285
40
18
36
1672
587
561
23
616
289
568
19
225
670
60
359
588
382
51
2172
269
911
154
1314
559
285
40
18
36
1672
587
561
23
616
289
568
19
225
670
60
359
588
382
51
2172
269
911
154
1314
559
285
40
18
36
1672
587
561
23
616
289
568
19
225
670
60
359
588
382
51
2172
269
911
154
1314
559
285
40
18
36