1949
911
359
598
2172
23
37
51
568
157
234
125
60
20
670
1107
53
587
197
299
200
240
616
22
382
1949
911
359
598
2172
23
37
51
568
157
234
125
60
20
670
1107
53
587
197
299
200
240
616
22
382
1949
911
359
598
2172
23
37
51
568
157
234
125
60
20
670
1107
53
587
197
299
200
240
616
22
382
1949
911
359
598
2172
23
37
51
568
157
234
125
60
20
670
1107
53
587
197
299
200
240
616
22
382
1949
911
359
598
2172
23
37
51
568
157
234
125
60
20
670
1107
53
587
197
299
200
240
616
22
382
1949
911
359
598
2172
23
37
51
568
157
234
125
60
20
670
1107
53
587
197
299
200
240
616
22
382
1949
911
359
598
2172
23
37
51
568
157
234
125
60
20
670
1107
53
587
197
299
200
240
616
22
382
1949
911
359
598
2172
23
37
51
568
157
234
125
60
20
670
1107
53
587
197
299
200
240
616
22
382
1949
911
359
598
2172
23
37
51
568
157
234
125
60
20
670
1107
53
587
197
299
200
240
616
22
382
1949
911
359
598
2172
23
37
51
568
157
234
125
60
20
670
1107
53
587
197
299
200
240
616
22
382
1949
911
359
598
2172
23
37
51
568
157
234
125
60
20
670
1107
53
587
197
299
200
240
616
22
382
1949
911
359
598
2172
23
37
51
568
157
234
125
60
20
670
1107
53
587
197
299
200
240
616
22
382
1949
911
359
598
2172
23
37
51
568
157
234
125
60
20
670
1107
53
587
197
299
200
240
616
22
382
1949
911
359
598
2172
23
37
51
568
157
234
125
60
20
670
1107
53
587
197
299
200
240
616
22
382
1949
911
359
598
2172
23
37
51
568
157
234
125
60
20
670
1107
53
587
197
299
200
240
616
22
382
1949
911
359
598
2172
23
37
51
568
157
234
125
60
20
670
1107
53
587
197
299
200
240
616
22
382
1949
911
359
598
2172
23
37
51
568
157
234
125
60
20
670
1107
53
587
197
299
200
240
616
22
382
1949
911
359
598
2172
23
37
51
568
157
234
125
60
20
670
1107
53
587
197
299
200
240
616
22
382
1949
911
359
598
2172
23
37
51
568
157
234
125
60
20
670
1107
53
587
197
299
200
240
616
22
382
1949
911
359
598
2172
23
37
51
568
157
234
125
60
20
670
1107
53
587
197
299
200
240
616
22
382
1949
911
359
598
2172
23
37
51
568
157
234
125
60
20
670
1107
53
587
197
299
200
240
616
22
382
1949
911
359
598
2172
23
37
51
568
157
234
125
60
20
670
1107
53
587
197
299
200
240
616
22
382
1949
911
359
598
2172
23
37
51
568
157
234
125
60
20
670
1107
53
587
197
299
200
240
616
22
382
1949
911
359
598
2172
23
37
51
568
157
234
125
60
20
670
1107
53
587
197
299
200
240
616
22
382
1949
911
359
598
2172
23
37
51
568
157
234
125
60
20
670
1107
53
587
197
299
200
240
616
22
382
1949
911
359
598
2172
23
37
51
568
157
234
125
60
20
670
1107
53
587
197
299
200
240
616
22
382
1949
911
359
598
2172
23
37
51
568
157
234
125
60
20
670
1107
53
587
197
299
200
240
616
22
382
1949
911
359
598
2172
23
37
51
568
157
234
125
60
20
670
1107
53
587
197
299
200
240
616
22
382
1949
911
359
598
2172
23
37
51
568
157
234
125
60
20
670
1107
53
587
197
299
200
240
616
22
382
1949
911
359
598
2172
23
37
51
568
157
234
125
60
20
670
1107
53
587
197
299
200
240
616
22
382
1949
911
359
598
2172
23
37
51
568
157
234
125
60
20
670
1107
53
587
197
299
200
240
616
22
382
1949
911
359
598
2172
23
37
51
568
157
234
125
60
20
670
1107
53
587
197
299
200
240
616
22
382
1949
911
359
598
2172
23
37
51
568
157
234
125
60
20
670
1107
53
587
197
299
200
240
616
22
382
1949
911
359
598
2172
23
37
51
568
157
234
125
60
20
670
1107
53
587
197
299
200
240
616
22
382
1949
911
359
598
2172
23
37
51
568
157
234
125
60
20
670
1107
53
587
197
299
200
240
616
22
382
1949
911
359
598
2172
23
37
51
568
157
234
125
60
20
670
1107
53
587
197
299
200
240
616
22
382
1949
911
359
598
2172
23
37
51
568
157
234
125
60
20
670
1107
53
587
197
299
200
240
616
22
382
1949
911
359
598
2172
23
37
51
568
157
234
125
60
20
670
1107
53
587
197
299
200
240
616
22
382
1949
911
359
598
2172
23
37
51
568
157
234
125
60
20
670
1107
53
587
197
299
200
240
616
22
382
1949
911
359
598
2172
23
37
51
568
157
234
125
60
20
670
1107
53
587
197
299
200
240
616
22
382
1949
911
359
598
2172
23
37
51
568
157
234
125
60
20
670
1107
53
587
197
299
200
240
616
22
382
1949
911
359
598
2172
23
37
51
568
157
234
125
60
20
670
1107
53
587
197
299
200
240
616
22
382
1949
911
359
598
2172
23
37
51
568
157
234
125
60
20
670
1107
53
587
197
299
200
240
616
22
382
1949
911
359
598
2172
23
37
51
568
157
234
125
60
20
670
1107
53
587
197
299
200
240
616
22
382
1949
911
359
598
2172
23
37
51
568
157
234
125
60
20
670
1107
53
587
197
299
200
240
616
22
382
1949
911
359
598
2172
23
37
51
568
157
234
125
60
20
670
1107
53
587
197
299
200
240
616
22
382
1949
911
359
598
2172
23
37
51
568
157
234
125
60
20
670
1107
53
587
197
299
200
240
616
22
382
1949
911
359
598
2172
23
37
51
568
157
234
125
60
20
670
1107
53
587
197
299
200
240
616
22
382
1949
911
359
598
2172
23
37
51
568
157
234
125
60
20
670
1107
53
587
197
299
200
240
616
22
382
1949
911
359
598
2172
23
37
51
568
157
234
125
60
20
670
1107
53
587
197
299
200
240
616
22
382