118
234
561
291
289
568
616
587
125
285
911
154
173
53
64
36
157
233
588
663
22
31
200
562
2172
118
234
561
291
289
568
616
587
125
285
911
154
173
53
64
36
157
233
588
663
22
31
200
562
2172
118
234
561
291
289
568
616
587
125
285
911
154
173
53
64
36
157
233
588
663
22
31
200
562
2172
118
234
561
291
289
568
616
587
125
285
911
154
173
53
64
36
157
233
588
663
22
31
200
562
2172
118
234
561
291
289
568
616
587
125
285
911
154
173
53
64
36
157
233
588
663
22
31
200
562
2172
118
234
561
291
289
568
616
587
125
285
911
154
173
53
64
36
157
233
588
663
22
31
200
562
2172
118
234
561
291
289
568
616
587
125
285
911
154
173
53
64
36
157
233
588
663
22
31
200
562
2172
118
234
561
291
289
568
616
587
125
285
911
154
173
53
64
36
157
233
588
663
22
31
200
562
2172
118
234
561
291
289
568
616
587
125
285
911
154
173
53
64
36
157
233
588
663
22
31
200
562
2172
118
234
561
291
289
568
616
587
125
285
911
154
173
53
64
36
157
233
588
663
22
31
200
562
2172
118
234
561
291
289
568
616
587
125
285
911
154
173
53
64
36
157
233
588
663
22
31
200
562
2172
118
234
561
291
289
568
616
587
125
285
911
154
173
53
64
36
157
233
588
663
22
31
200
562
2172
118
234
561
291
289
568
616
587
125
285
911
154
173
53
64
36
157
233
588
663
22
31
200
562
2172
118
234
561
291
289
568
616
587
125
285
911
154
173
53
64
36
157
233
588
663
22
31
200
562
2172
118
234
561
291
289
568
616
587
125
285
911
154
173
53
64
36
157
233
588
663
22
31
200
562
2172
118
234
561
291
289
568
616
587
125
285
911
154
173
53
64
36
157
233
588
663
22
31
200
562
2172
118
234
561
291
289
568
616
587
125
285
911
154
173
53
64
36
157
233
588
663
22
31
200
562
2172
118
234
561
291
289
568
616
587
125
285
911
154
173
53
64
36
157
233
588
663
22
31
200
562
2172
118
234
561
291
289
568
616
587
125
285
911
154
173
53
64
36
157
233
588
663
22
31
200
562
2172
118
234
561
291
289
568
616
587
125
285
911
154
173
53
64
36
157
233
588
663
22
31
200
562
2172
118
234
561
291
289
568
616
587
125
285
911
154
173
53
64
36
157
233
588
663
22
31
200
562
2172
118
234
561
291
289
568
616
587
125
285
911
154
173
53
64
36
157
233
588
663
22
31
200
562
2172
118
234
561
291
289
568
616
587
125
285
911
154
173
53
64
36
157
233
588
663
22
31
200
562
2172
118
234
561
291
289
568
616
587
125
285
911
154
173
53
64
36
157
233
588
663
22
31
200
562
2172
118
234
561
291
289
568
616
587
125
285
911
154
173
53
64
36
157
233
588
663
22
31
200
562
2172
118
234
561
291
289
568
616
587
125
285
911
154
173
53
64
36
157
233
588
663
22
31
200
562
2172
118
234
561
291
289
568
616
587
125
285
911
154
173
53
64
36
157
233
588
663
22
31
200
562
2172
118
234
561
291
289
568
616
587
125
285
911
154
173
53
64
36
157
233
588
663
22
31
200
562
2172
118
234
561
291
289
568
616
587
125
285
911
154
173
53
64
36
157
233
588
663
22
31
200
562
2172
118
234
561
291
289
568
616
587
125
285
911
154
173
53
64
36
157
233
588
663
22
31
200
562
2172
118
234
561
291
289
568
616
587
125
285
911
154
173
53
64
36
157
233
588
663
22
31
200
562
2172
118
234
561
291
289
568
616
587
125
285
911
154
173
53
64
36
157
233
588
663
22
31
200
562
2172
118
234
561
291
289
568
616
587
125
285
911
154
173
53
64
36
157
233
588
663
22
31
200
562
2172
118
234
561
291
289
568
616
587
125
285
911
154
173
53
64
36
157
233
588
663
22
31
200
562
2172
118
234
561
291
289
568
616
587
125
285
911
154
173
53
64
36
157
233
588
663
22
31
200
562
2172
118
234
561
291
289
568
616
587
125
285
911
154
173
53
64
36
157
233
588
663
22
31
200
562
2172
118
234
561
291
289
568
616
587
125
285
911
154
173
53
64
36
157
233
588
663
22
31
200
562
2172
118
234
561
291
289
568
616
587
125
285
911
154
173
53
64
36
157
233
588
663
22
31
200
562
2172
118
234
561
291
289
568
616
587
125
285
911
154
173
53
64
36
157
233
588
663
22
31
200
562
2172
118
234
561
291
289
568
616
587
125
285
911
154
173
53
64
36
157
233
588
663
22
31
200
562
2172
118
234
561
291
289
568
616
587
125
285
911
154
173
53
64
36
157
233
588
663
22
31
200
562
2172
118
234
561
291
289
568
616
587
125
285
911
154
173
53
64
36
157
233
588
663
22
31
200
562
2172
118
234
561
291
289
568
616
587
125
285
911
154
173
53
64
36
157
233
588
663
22
31
200
562
2172
118
234
561
291
289
568
616
587
125
285
911
154
173
53
64
36
157
233
588
663
22
31
200
562
2172
118
234
561
291
289
568
616
587
125
285
911
154
173
53
64
36
157
233
588
663
22
31
200
562
2172
118
234
561
291
289
568
616
587
125
285
911
154
173
53
64
36
157
233
588
663
22
31
200
562
2172
118
234
561
291
289
568
616
587
125
285
911
154
173
53
64
36
157
233
588
663
22
31
200
562
2172
118
234
561
291
289
568
616
587
125
285
911
154
173
53
64
36
157
233
588
663
22
31
200
562
2172
118
234
561
291
289
568
616
587
125
285
911
154
173
53
64
36
157
233
588
663
22
31
200
562
2172
118
234
561
291
289
568
616
587
125
285
911
154
173
53
64
36
157
233
588
663
22
31
200
562
2172