559
598
233
154
240
382
663
1949
23
234
911
562
1135
37
71
269
939
616
40
1672
225
31
359
20
670
559
598
233
154
240
382
663
1949
23
234
911
562
1135
37
71
269
939
616
40
1672
225
31
359
20
670
559
598
233
154
240
382
663
1949
23
234
911
562
1135
37
71
269
939
616
40
1672
225
31
359
20
670
559
598
233
154
240
382
663
1949
23
234
911
562
1135
37
71
269
939
616
40
1672
225
31
359
20
670
559
598
233
154
240
382
663
1949
23
234
911
562
1135
37
71
269
939
616
40
1672
225
31
359
20
670
559
598
233
154
240
382
663
1949
23
234
911
562
1135
37
71
269
939
616
40
1672
225
31
359
20
670
559
598
233
154
240
382
663
1949
23
234
911
562
1135
37
71
269
939
616
40
1672
225
31
359
20
670
559
598
233
154
240
382
663
1949
23
234
911
562
1135
37
71
269
939
616
40
1672
225
31
359
20
670
559
598
233
154
240
382
663
1949
23
234
911
562
1135
37
71
269
939
616
40
1672
225
31
359
20
670
559
598
233
154
240
382
663
1949
23
234
911
562
1135
37
71
269
939
616
40
1672
225
31
359
20
670
559
598
233
154
240
382
663
1949
23
234
911
562
1135
37
71
269
939
616
40
1672
225
31
359
20
670
559
598
233
154
240
382
663
1949
23
234
911
562
1135
37
71
269
939
616
40
1672
225
31
359
20
670
559
598
233
154
240
382
663
1949
23
234
911
562
1135
37
71
269
939
616
40
1672
225
31
359
20
670
559
598
233
154
240
382
663
1949
23
234
911
562
1135
37
71
269
939
616
40
1672
225
31
359
20
670
559
598
233
154
240
382
663
1949
23
234
911
562
1135
37
71
269
939
616
40
1672
225
31
359
20
670
559
598
233
154
240
382
663
1949
23
234
911
562
1135
37
71
269
939
616
40
1672
225
31
359
20
670
559
598
233
154
240
382
663
1949
23
234
911
562
1135
37
71
269
939
616
40
1672
225
31
359
20
670
559
598
233
154
240
382
663
1949
23
234
911
562
1135
37
71
269
939
616
40
1672
225
31
359
20
670
559
598
233
154
240
382
663
1949
23
234
911
562
1135
37
71
269
939
616
40
1672
225
31
359
20
670
559
598
233
154
240
382
663
1949
23
234
911
562
1135
37
71
269
939
616
40
1672
225
31
359
20
670
559
598
233
154
240
382
663
1949
23
234
911
562
1135
37
71
269
939
616
40
1672
225
31
359
20
670
559
598
233
154
240
382
663
1949
23
234
911
562
1135
37
71
269
939
616
40
1672
225
31
359
20
670
559
598
233
154
240
382
663
1949
23
234
911
562
1135
37
71
269
939
616
40
1672
225
31
359
20
670
559
598
233
154
240
382
663
1949
23
234
911
562
1135
37
71
269
939
616
40
1672
225
31
359
20
670
559
598
233
154
240
382
663
1949
23
234
911
562
1135
37
71
269
939
616
40
1672
225
31
359
20
670
559
598
233
154
240
382
663
1949
23
234
911
562
1135
37
71
269
939
616
40
1672
225
31
359
20
670
559
598
233
154
240
382
663
1949
23
234
911
562
1135
37
71
269
939
616
40
1672
225
31
359
20
670
559
598
233
154
240
382
663
1949
23
234
911
562
1135
37
71
269
939
616
40
1672
225
31
359
20
670
559
598
233
154
240
382
663
1949
23
234
911
562
1135
37
71
269
939
616
40
1672
225
31
359
20
670
559
598
233
154
240
382
663
1949
23
234
911
562
1135
37
71
269
939
616
40
1672
225
31
359
20
670
559
598
233
154
240
382
663
1949
23
234
911
562
1135
37
71
269
939
616
40
1672
225
31
359
20
670
559
598
233
154
240
382
663
1949
23
234
911
562
1135
37
71
269
939
616
40
1672
225
31
359
20
670
559
598
233
154
240
382
663
1949
23
234
911
562
1135
37
71
269
939
616
40
1672
225
31
359
20
670
559
598
233
154
240
382
663
1949
23
234
911
562
1135
37
71
269
939
616
40
1672
225
31
359
20
670
559
598
233
154
240
382
663
1949
23
234
911
562
1135
37
71
269
939
616
40
1672
225
31
359
20
670
559
598
233
154
240
382
663
1949
23
234
911
562
1135
37
71
269
939
616
40
1672
225
31
359
20
670
559
598
233
154
240
382
663
1949
23
234
911
562
1135
37
71
269
939
616
40
1672
225
31
359
20
670
559
598
233
154
240
382
663
1949
23
234
911
562
1135
37
71
269
939
616
40
1672
225
31
359
20
670
559
598
233
154
240
382
663
1949
23
234
911
562
1135
37
71
269
939
616
40
1672
225
31
359
20
670
559
598
233
154
240
382
663
1949
23
234
911
562
1135
37
71
269
939
616
40
1672
225
31
359
20
670
559
598
233
154
240
382
663
1949
23
234
911
562
1135
37
71
269
939
616
40
1672
225
31
359
20
670
559
598
233
154
240
382
663
1949
23
234
911
562
1135
37
71
269
939
616
40
1672
225
31
359
20
670
559
598
233
154
240
382
663
1949
23
234
911
562
1135
37
71
269
939
616
40
1672
225
31
359
20
670
559
598
233
154
240
382
663
1949
23
234
911
562
1135
37
71
269
939
616
40
1672
225
31
359
20
670
559
598
233
154
240
382
663
1949
23
234
911
562
1135
37
71
269
939
616
40
1672
225
31
359
20
670
559
598
233
154
240
382
663
1949
23
234
911
562
1135
37
71
269
939
616
40
1672
225
31
359
20
670
559
598
233
154
240
382
663
1949
23
234
911
562
1135
37
71
269
939
616
40
1672
225
31
359
20
670
559
598
233
154
240
382
663
1949
23
234
911
562
1135
37
71
269
939
616
40
1672
225
31
359
20
670
559
598
233
154
240
382
663
1949
23
234
911
562
1135
37
71
269
939
616
40
1672
225
31
359
20
670
559
598
233
154
240
382
663
1949
23
234
911
562
1135
37
71
269
939
616
40
1672
225
31
359
20
670