587
561
1672
911
1314
939
562
31
285
51
559
40
19
22
1107
233
1949
269
118
71
289
382
20
125
200
587
561
1672
911
1314
939
562
31
285
51
559
40
19
22
1107
233
1949
269
118
71
289
382
20
125
200
587
561
1672
911
1314
939
562
31
285
51
559
40
19
22
1107
233
1949
269
118
71
289
382
20
125
200
587
561
1672
911
1314
939
562
31
285
51
559
40
19
22
1107
233
1949
269
118
71
289
382
20
125
200
587
561
1672
911
1314
939
562
31
285
51
559
40
19
22
1107
233
1949
269
118
71
289
382
20
125
200
587
561
1672
911
1314
939
562
31
285
51
559
40
19
22
1107
233
1949
269
118
71
289
382
20
125
200
587
561
1672
911
1314
939
562
31
285
51
559
40
19
22
1107
233
1949
269
118
71
289
382
20
125
200
587
561
1672
911
1314
939
562
31
285
51
559
40
19
22
1107
233
1949
269
118
71
289
382
20
125
200
587
561
1672
911
1314
939
562
31
285
51
559
40
19
22
1107
233
1949
269
118
71
289
382
20
125
200
587
561
1672
911
1314
939
562
31
285
51
559
40
19
22
1107
233
1949
269
118
71
289
382
20
125
200
587
561
1672
911
1314
939
562
31
285
51
559
40
19
22
1107
233
1949
269
118
71
289
382
20
125
200
587
561
1672
911
1314
939
562
31
285
51
559
40
19
22
1107
233
1949
269
118
71
289
382
20
125
200
587
561
1672
911
1314
939
562
31
285
51
559
40
19
22
1107
233
1949
269
118
71
289
382
20
125
200
587
561
1672
911
1314
939
562
31
285
51
559
40
19
22
1107
233
1949
269
118
71
289
382
20
125
200
587
561
1672
911
1314
939
562
31
285
51
559
40
19
22
1107
233
1949
269
118
71
289
382
20
125
200
587
561
1672
911
1314
939
562
31
285
51
559
40
19
22
1107
233
1949
269
118
71
289
382
20
125
200
587
561
1672
911
1314
939
562
31
285
51
559
40
19
22
1107
233
1949
269
118
71
289
382
20
125
200
587
561
1672
911
1314
939
562
31
285
51
559
40
19
22
1107
233
1949
269
118
71
289
382
20
125
200
587
561
1672
911
1314
939
562
31
285
51
559
40
19
22
1107
233
1949
269
118
71
289
382
20
125
200
587
561
1672
911
1314
939
562
31
285
51
559
40
19
22
1107
233
1949
269
118
71
289
382
20
125
200
587
561
1672
911
1314
939
562
31
285
51
559
40
19
22
1107
233
1949
269
118
71
289
382
20
125
200
587
561
1672
911
1314
939
562
31
285
51
559
40
19
22
1107
233
1949
269
118
71
289
382
20
125
200
587
561
1672
911
1314
939
562
31
285
51
559
40
19
22
1107
233
1949
269
118
71
289
382
20
125
200
587
561
1672
911
1314
939
562
31
285
51
559
40
19
22
1107
233
1949
269
118
71
289
382
20
125
200
587
561
1672
911
1314
939
562
31
285
51
559
40
19
22
1107
233
1949
269
118
71
289
382
20
125
200
587
561
1672
911
1314
939
562
31
285
51
559
40
19
22
1107
233
1949
269
118
71
289
382
20
125
200
587
561
1672
911
1314
939
562
31
285
51
559
40
19
22
1107
233
1949
269
118
71
289
382
20
125
200
587
561
1672
911
1314
939
562
31
285
51
559
40
19
22
1107
233
1949
269
118
71
289
382
20
125
200
587
561
1672
911
1314
939
562
31
285
51
559
40
19
22
1107
233
1949
269
118
71
289
382
20
125
200
587
561
1672
911
1314
939
562
31
285
51
559
40
19
22
1107
233
1949
269
118
71
289
382
20
125
200
587
561
1672
911
1314
939
562
31
285
51
559
40
19
22
1107
233
1949
269
118
71
289
382
20
125
200
587
561
1672
911
1314
939
562
31
285
51
559
40
19
22
1107
233
1949
269
118
71
289
382
20
125
200
587
561
1672
911
1314
939
562
31
285
51
559
40
19
22
1107
233
1949
269
118
71
289
382
20
125
200
587
561
1672
911
1314
939
562
31
285
51
559
40
19
22
1107
233
1949
269
118
71
289
382
20
125
200
587
561
1672
911
1314
939
562
31
285
51
559
40
19
22
1107
233
1949
269
118
71
289
382
20
125
200
587
561
1672
911
1314
939
562
31
285
51
559
40
19
22
1107
233
1949
269
118
71
289
382
20
125
200
587
561
1672
911
1314
939
562
31
285
51
559
40
19
22
1107
233
1949
269
118
71
289
382
20
125
200
587
561
1672
911
1314
939
562
31
285
51
559
40
19
22
1107
233
1949
269
118
71
289
382
20
125
200
587
561
1672
911
1314
939
562
31
285
51
559
40
19
22
1107
233
1949
269
118
71
289
382
20
125
200
587
561
1672
911
1314
939
562
31
285
51
559
40
19
22
1107
233
1949
269
118
71
289
382
20
125
200
587
561
1672
911
1314
939
562
31
285
51
559
40
19
22
1107
233
1949
269
118
71
289
382
20
125
200
587
561
1672
911
1314
939
562
31
285
51
559
40
19
22
1107
233
1949
269
118
71
289
382
20
125
200
587
561
1672
911
1314
939
562
31
285
51
559
40
19
22
1107
233
1949
269
118
71
289
382
20
125
200
587
561
1672
911
1314
939
562
31
285
51
559
40
19
22
1107
233
1949
269
118
71
289
382
20
125
200
587
561
1672
911
1314
939
562
31
285
51
559
40
19
22
1107
233
1949
269
118
71
289
382
20
125
200
587
561
1672
911
1314
939
562
31
285
51
559
40
19
22
1107
233
1949
269
118
71
289
382
20
125
200
587
561
1672
911
1314
939
562
31
285
51
559
40
19
22
1107
233
1949
269
118
71
289
382
20
125
200
587
561
1672
911
1314
939
562
31
285
51
559
40
19
22
1107
233
1949
269
118
71
289
382
20
125
200
587
561
1672
911
1314
939
562
31
285
51
559
40
19
22
1107
233
1949
269
118
71
289
382
20
125
200
587
561
1672
911
1314
939
562
31
285
51
559
40
19
22
1107
233
1949
269
118
71
289
382
20
125
200