663
1144
36
1135
299
51
285
22
559
71
2172
18
23
670
911
939
561
157
616
588
758
240
154
568
225
663
1144
36
1135
299
51
285
22
559
71
2172
18
23
670
911
939
561
157
616
588
758
240
154
568
225
663
1144
36
1135
299
51
285
22
559
71
2172
18
23
670
911
939
561
157
616
588
758
240
154
568
225
663
1144
36
1135
299
51
285
22
559
71
2172
18
23
670
911
939
561
157
616
588
758
240
154
568
225
663
1144
36
1135
299
51
285
22
559
71
2172
18
23
670
911
939
561
157
616
588
758
240
154
568
225
663
1144
36
1135
299
51
285
22
559
71
2172
18
23
670
911
939
561
157
616
588
758
240
154
568
225
663
1144
36
1135
299
51
285
22
559
71
2172
18
23
670
911
939
561
157
616
588
758
240
154
568
225
663
1144
36
1135
299
51
285
22
559
71
2172
18
23
670
911
939
561
157
616
588
758
240
154
568
225
663
1144
36
1135
299
51
285
22
559
71
2172
18
23
670
911
939
561
157
616
588
758
240
154
568
225
663
1144
36
1135
299
51
285
22
559
71
2172
18
23
670
911
939
561
157
616
588
758
240
154
568
225
663
1144
36
1135
299
51
285
22
559
71
2172
18
23
670
911
939
561
157
616
588
758
240
154
568
225
663
1144
36
1135
299
51
285
22
559
71
2172
18
23
670
911
939
561
157
616
588
758
240
154
568
225
663
1144
36
1135
299
51
285
22
559
71
2172
18
23
670
911
939
561
157
616
588
758
240
154
568
225
663
1144
36
1135
299
51
285
22
559
71
2172
18
23
670
911
939
561
157
616
588
758
240
154
568
225
663
1144
36
1135
299
51
285
22
559
71
2172
18
23
670
911
939
561
157
616
588
758
240
154
568
225
663
1144
36
1135
299
51
285
22
559
71
2172
18
23
670
911
939
561
157
616
588
758
240
154
568
225
663
1144
36
1135
299
51
285
22
559
71
2172
18
23
670
911
939
561
157
616
588
758
240
154
568
225
663
1144
36
1135
299
51
285
22
559
71
2172
18
23
670
911
939
561
157
616
588
758
240
154
568
225
663
1144
36
1135
299
51
285
22
559
71
2172
18
23
670
911
939
561
157
616
588
758
240
154
568
225
663
1144
36
1135
299
51
285
22
559
71
2172
18
23
670
911
939
561
157
616
588
758
240
154
568
225
663
1144
36
1135
299
51
285
22
559
71
2172
18
23
670
911
939
561
157
616
588
758
240
154
568
225
663
1144
36
1135
299
51
285
22
559
71
2172
18
23
670
911
939
561
157
616
588
758
240
154
568
225
663
1144
36
1135
299
51
285
22
559
71
2172
18
23
670
911
939
561
157
616
588
758
240
154
568
225
663
1144
36
1135
299
51
285
22
559
71
2172
18
23
670
911
939
561
157
616
588
758
240
154
568
225
663
1144
36
1135
299
51
285
22
559
71
2172
18
23
670
911
939
561
157
616
588
758
240
154
568
225
663
1144
36
1135
299
51
285
22
559
71
2172
18
23
670
911
939
561
157
616
588
758
240
154
568
225
663
1144
36
1135
299
51
285
22
559
71
2172
18
23
670
911
939
561
157
616
588
758
240
154
568
225
663
1144
36
1135
299
51
285
22
559
71
2172
18
23
670
911
939
561
157
616
588
758
240
154
568
225
663
1144
36
1135
299
51
285
22
559
71
2172
18
23
670
911
939
561
157
616
588
758
240
154
568
225
663
1144
36
1135
299
51
285
22
559
71
2172
18
23
670
911
939
561
157
616
588
758
240
154
568
225
663
1144
36
1135
299
51
285
22
559
71
2172
18
23
670
911
939
561
157
616
588
758
240
154
568
225
663
1144
36
1135
299
51
285
22
559
71
2172
18
23
670
911
939
561
157
616
588
758
240
154
568
225
663
1144
36
1135
299
51
285
22
559
71
2172
18
23
670
911
939
561
157
616
588
758
240
154
568
225
663
1144
36
1135
299
51
285
22
559
71
2172
18
23
670
911
939
561
157
616
588
758
240
154
568
225
663
1144
36
1135
299
51
285
22
559
71
2172
18
23
670
911
939
561
157
616
588
758
240
154
568
225
663
1144
36
1135
299
51
285
22
559
71
2172
18
23
670
911
939
561
157
616
588
758
240
154
568
225
663
1144
36
1135
299
51
285
22
559
71
2172
18
23
670
911
939
561
157
616
588
758
240
154
568
225
663
1144
36
1135
299
51
285
22
559
71
2172
18
23
670
911
939
561
157
616
588
758
240
154
568
225
663
1144
36
1135
299
51
285
22
559
71
2172
18
23
670
911
939
561
157
616
588
758
240
154
568
225
663
1144
36
1135
299
51
285
22
559
71
2172
18
23
670
911
939
561
157
616
588
758
240
154
568
225
663
1144
36
1135
299
51
285
22
559
71
2172
18
23
670
911
939
561
157
616
588
758
240
154
568
225
663
1144
36
1135
299
51
285
22
559
71
2172
18
23
670
911
939
561
157
616
588
758
240
154
568
225
663
1144
36
1135
299
51
285
22
559
71
2172
18
23
670
911
939
561
157
616
588
758
240
154
568
225
663
1144
36
1135
299
51
285
22
559
71
2172
18
23
670
911
939
561
157
616
588
758
240
154
568
225
663
1144
36
1135
299
51
285
22
559
71
2172
18
23
670
911
939
561
157
616
588
758
240
154
568
225
663
1144
36
1135
299
51
285
22
559
71
2172
18
23
670
911
939
561
157
616
588
758
240
154
568
225
663
1144
36
1135
299
51
285
22
559
71
2172
18
23
670
911
939
561
157
616
588
758
240
154
568
225
663
1144
36
1135
299
51
285
22
559
71
2172
18
23
670
911
939
561
157
616
588
758
240
154
568
225
663
1144
36
1135
299
51
285
22
559
71
2172
18
23
670
911
939
561
157
616
588
758
240
154
568
225
663
1144
36
1135
299
51
285
22
559
71
2172
18
23
670
911
939
561
157
616
588
758
240
154
568
225