200
559
197
1949
37
562
22
291
233
1135
64
51
568
616
359
225
588
40
2172
157
289
299
154
234
1314
200
559
197
1949
37
562
22
291
233
1135
64
51
568
616
359
225
588
40
2172
157
289
299
154
234
1314
200
559
197
1949
37
562
22
291
233
1135
64
51
568
616
359
225
588
40
2172
157
289
299
154
234
1314
200
559
197
1949
37
562
22
291
233
1135
64
51
568
616
359
225
588
40
2172
157
289
299
154
234
1314
200
559
197
1949
37
562
22
291
233
1135
64
51
568
616
359
225
588
40
2172
157
289
299
154
234
1314
200
559
197
1949
37
562
22
291
233
1135
64
51
568
616
359
225
588
40
2172
157
289
299
154
234
1314
200
559
197
1949
37
562
22
291
233
1135
64
51
568
616
359
225
588
40
2172
157
289
299
154
234
1314
200
559
197
1949
37
562
22
291
233
1135
64
51
568
616
359
225
588
40
2172
157
289
299
154
234
1314
200
559
197
1949
37
562
22
291
233
1135
64
51
568
616
359
225
588
40
2172
157
289
299
154
234
1314
200
559
197
1949
37
562
22
291
233
1135
64
51
568
616
359
225
588
40
2172
157
289
299
154
234
1314
200
559
197
1949
37
562
22
291
233
1135
64
51
568
616
359
225
588
40
2172
157
289
299
154
234
1314
200
559
197
1949
37
562
22
291
233
1135
64
51
568
616
359
225
588
40
2172
157
289
299
154
234
1314
200
559
197
1949
37
562
22
291
233
1135
64
51
568
616
359
225
588
40
2172
157
289
299
154
234
1314
200
559
197
1949
37
562
22
291
233
1135
64
51
568
616
359
225
588
40
2172
157
289
299
154
234
1314
200
559
197
1949
37
562
22
291
233
1135
64
51
568
616
359
225
588
40
2172
157
289
299
154
234
1314
200
559
197
1949
37
562
22
291
233
1135
64
51
568
616
359
225
588
40
2172
157
289
299
154
234
1314
200
559
197
1949
37
562
22
291
233
1135
64
51
568
616
359
225
588
40
2172
157
289
299
154
234
1314
200
559
197
1949
37
562
22
291
233
1135
64
51
568
616
359
225
588
40
2172
157
289
299
154
234
1314
200
559
197
1949
37
562
22
291
233
1135
64
51
568
616
359
225
588
40
2172
157
289
299
154
234
1314
200
559
197
1949
37
562
22
291
233
1135
64
51
568
616
359
225
588
40
2172
157
289
299
154
234
1314
200
559
197
1949
37
562
22
291
233
1135
64
51
568
616
359
225
588
40
2172
157
289
299
154
234
1314
200
559
197
1949
37
562
22
291
233
1135
64
51
568
616
359
225
588
40
2172
157
289
299
154
234
1314
200
559
197
1949
37
562
22
291
233
1135
64
51
568
616
359
225
588
40
2172
157
289
299
154
234
1314
200
559
197
1949
37
562
22
291
233
1135
64
51
568
616
359
225
588
40
2172
157
289
299
154
234
1314
200
559
197
1949
37
562
22
291
233
1135
64
51
568
616
359
225
588
40
2172
157
289
299
154
234
1314
200
559
197
1949
37
562
22
291
233
1135
64
51
568
616
359
225
588
40
2172
157
289
299
154
234
1314
200
559
197
1949
37
562
22
291
233
1135
64
51
568
616
359
225
588
40
2172
157
289
299
154
234
1314
200
559
197
1949
37
562
22
291
233
1135
64
51
568
616
359
225
588
40
2172
157
289
299
154
234
1314
200
559
197
1949
37
562
22
291
233
1135
64
51
568
616
359
225
588
40
2172
157
289
299
154
234
1314
200
559
197
1949
37
562
22
291
233
1135
64
51
568
616
359
225
588
40
2172
157
289
299
154
234
1314
200
559
197
1949
37
562
22
291
233
1135
64
51
568
616
359
225
588
40
2172
157
289
299
154
234
1314
200
559
197
1949
37
562
22
291
233
1135
64
51
568
616
359
225
588
40
2172
157
289
299
154
234
1314
200
559
197
1949
37
562
22
291
233
1135
64
51
568
616
359
225
588
40
2172
157
289
299
154
234
1314
200
559
197
1949
37
562
22
291
233
1135
64
51
568
616
359
225
588
40
2172
157
289
299
154
234
1314
200
559
197
1949
37
562
22
291
233
1135
64
51
568
616
359
225
588
40
2172
157
289
299
154
234
1314
200
559
197
1949
37
562
22
291
233
1135
64
51
568
616
359
225
588
40
2172
157
289
299
154
234
1314
200
559
197
1949
37
562
22
291
233
1135
64
51
568
616
359
225
588
40
2172
157
289
299
154
234
1314
200
559
197
1949
37
562
22
291
233
1135
64
51
568
616
359
225
588
40
2172
157
289
299
154
234
1314
200
559
197
1949
37
562
22
291
233
1135
64
51
568
616
359
225
588
40
2172
157
289
299
154
234
1314
200
559
197
1949
37
562
22
291
233
1135
64
51
568
616
359
225
588
40
2172
157
289
299
154
234
1314
200
559
197
1949
37
562
22
291
233
1135
64
51
568
616
359
225
588
40
2172
157
289
299
154
234
1314
200
559
197
1949
37
562
22
291
233
1135
64
51
568
616
359
225
588
40
2172
157
289
299
154
234
1314
200
559
197
1949
37
562
22
291
233
1135
64
51
568
616
359
225
588
40
2172
157
289
299
154
234
1314
200
559
197
1949
37
562
22
291
233
1135
64
51
568
616
359
225
588
40
2172
157
289
299
154
234
1314
200
559
197
1949
37
562
22
291
233
1135
64
51
568
616
359
225
588
40
2172
157
289
299
154
234
1314
200
559
197
1949
37
562
22
291
233
1135
64
51
568
616
359
225
588
40
2172
157
289
299
154
234
1314
200
559
197
1949
37
562
22
291
233
1135
64
51
568
616
359
225
588
40
2172
157
289
299
154
234
1314
200
559
197
1949
37
562
22
291
233
1135
64
51
568
616
359
225
588
40
2172
157
289
299
154
234
1314
200
559
197
1949
37
562
22
291
233
1135
64
51
568
616
359
225
588
40
2172
157
289
299
154
234
1314
200
559
197
1949
37
562
22
291
233
1135
64
51
568
616
359
225
588
40
2172
157
289
299
154
234
1314