173
285
71
154
197
616
75
22
125
587
234
53
758
20
1144
225
37
289
269
670
1135
559
19
240
200
173
285
71
154
197
616
75
22
125
587
234
53
758
20
1144
225
37
289
269
670
1135
559
19
240
200
173
285
71
154
197
616
75
22
125
587
234
53
758
20
1144
225
37
289
269
670
1135
559
19
240
200
173
285
71
154
197
616
75
22
125
587
234
53
758
20
1144
225
37
289
269
670
1135
559
19
240
200
173
285
71
154
197
616
75
22
125
587
234
53
758
20
1144
225
37
289
269
670
1135
559
19
240
200
173
285
71
154
197
616
75
22
125
587
234
53
758
20
1144
225
37
289
269
670
1135
559
19
240
200
173
285
71
154
197
616
75
22
125
587
234
53
758
20
1144
225
37
289
269
670
1135
559
19
240
200
173
285
71
154
197
616
75
22
125
587
234
53
758
20
1144
225
37
289
269
670
1135
559
19
240
200
173
285
71
154
197
616
75
22
125
587
234
53
758
20
1144
225
37
289
269
670
1135
559
19
240
200
173
285
71
154
197
616
75
22
125
587
234
53
758
20
1144
225
37
289
269
670
1135
559
19
240
200
173
285
71
154
197
616
75
22
125
587
234
53
758
20
1144
225
37
289
269
670
1135
559
19
240
200
173
285
71
154
197
616
75
22
125
587
234
53
758
20
1144
225
37
289
269
670
1135
559
19
240
200
173
285
71
154
197
616
75
22
125
587
234
53
758
20
1144
225
37
289
269
670
1135
559
19
240
200
173
285
71
154
197
616
75
22
125
587
234
53
758
20
1144
225
37
289
269
670
1135
559
19
240
200
173
285
71
154
197
616
75
22
125
587
234
53
758
20
1144
225
37
289
269
670
1135
559
19
240
200
173
285
71
154
197
616
75
22
125
587
234
53
758
20
1144
225
37
289
269
670
1135
559
19
240
200
173
285
71
154
197
616
75
22
125
587
234
53
758
20
1144
225
37
289
269
670
1135
559
19
240
200
173
285
71
154
197
616
75
22
125
587
234
53
758
20
1144
225
37
289
269
670
1135
559
19
240
200
173
285
71
154
197
616
75
22
125
587
234
53
758
20
1144
225
37
289
269
670
1135
559
19
240
200
173
285
71
154
197
616
75
22
125
587
234
53
758
20
1144
225
37
289
269
670
1135
559
19
240
200
173
285
71
154
197
616
75
22
125
587
234
53
758
20
1144
225
37
289
269
670
1135
559
19
240
200
173
285
71
154
197
616
75
22
125
587
234
53
758
20
1144
225
37
289
269
670
1135
559
19
240
200
173
285
71
154
197
616
75
22
125
587
234
53
758
20
1144
225
37
289
269
670
1135
559
19
240
200
173
285
71
154
197
616
75
22
125
587
234
53
758
20
1144
225
37
289
269
670
1135
559
19
240
200
173
285
71
154
197
616
75
22
125
587
234
53
758
20
1144
225
37
289
269
670
1135
559
19
240
200
173
285
71
154
197
616
75
22
125
587
234
53
758
20
1144
225
37
289
269
670
1135
559
19
240
200
173
285
71
154
197
616
75
22
125
587
234
53
758
20
1144
225
37
289
269
670
1135
559
19
240
200
173
285
71
154
197
616
75
22
125
587
234
53
758
20
1144
225
37
289
269
670
1135
559
19
240
200
173
285
71
154
197
616
75
22
125
587
234
53
758
20
1144
225
37
289
269
670
1135
559
19
240
200
173
285
71
154
197
616
75
22
125
587
234
53
758
20
1144
225
37
289
269
670
1135
559
19
240
200
173
285
71
154
197
616
75
22
125
587
234
53
758
20
1144
225
37
289
269
670
1135
559
19
240
200
173
285
71
154
197
616
75
22
125
587
234
53
758
20
1144
225
37
289
269
670
1135
559
19
240
200
173
285
71
154
197
616
75
22
125
587
234
53
758
20
1144
225
37
289
269
670
1135
559
19
240
200
173
285
71
154
197
616
75
22
125
587
234
53
758
20
1144
225
37
289
269
670
1135
559
19
240
200
173
285
71
154
197
616
75
22
125
587
234
53
758
20
1144
225
37
289
269
670
1135
559
19
240
200
173
285
71
154
197
616
75
22
125
587
234
53
758
20
1144
225
37
289
269
670
1135
559
19
240
200
173
285
71
154
197
616
75
22
125
587
234
53
758
20
1144
225
37
289
269
670
1135
559
19
240
200
173
285
71
154
197
616
75
22
125
587
234
53
758
20
1144
225
37
289
269
670
1135
559
19
240
200
173
285
71
154
197
616
75
22
125
587
234
53
758
20
1144
225
37
289
269
670
1135
559
19
240
200
173
285
71
154
197
616
75
22
125
587
234
53
758
20
1144
225
37
289
269
670
1135
559
19
240
200
173
285
71
154
197
616
75
22
125
587
234
53
758
20
1144
225
37
289
269
670
1135
559
19
240
200
173
285
71
154
197
616
75
22
125
587
234
53
758
20
1144
225
37
289
269
670
1135
559
19
240
200
173
285
71
154
197
616
75
22
125
587
234
53
758
20
1144
225
37
289
269
670
1135
559
19
240
200
173
285
71
154
197
616
75
22
125
587
234
53
758
20
1144
225
37
289
269
670
1135
559
19
240
200
173
285
71
154
197
616
75
22
125
587
234
53
758
20
1144
225
37
289
269
670
1135
559
19
240
200
173
285
71
154
197
616
75
22
125
587
234
53
758
20
1144
225
37
289
269
670
1135
559
19
240
200
173
285
71
154
197
616
75
22
125
587
234
53
758
20
1144
225
37
289
269
670
1135
559
19
240
200
173
285
71
154
197
616
75
22
125
587
234
53
758
20
1144
225
37
289
269
670
1135
559
19
240
200
173
285
71
154
197
616
75
22
125
587
234
53
758
20
1144
225
37
289
269
670
1135
559
19
240
200
173
285
71
154
197
616
75
22
125
587
234
53
758
20
1144
225
37
289
269
670
1135
559
19
240
200