1144
939
18
173
233
663
2172
588
598
269
118
197
359
285
382
299
1314
64
1135
37
40
22
225
31
75
1144
939
18
173
233
663
2172
588
598
269
118
197
359
285
382
299
1314
64
1135
37
40
22
225
31
75
1144
939
18
173
233
663
2172
588
598
269
118
197
359
285
382
299
1314
64
1135
37
40
22
225
31
75
1144
939
18
173
233
663
2172
588
598
269
118
197
359
285
382
299
1314
64
1135
37
40
22
225
31
75
1144
939
18
173
233
663
2172
588
598
269
118
197
359
285
382
299
1314
64
1135
37
40
22
225
31
75
1144
939
18
173
233
663
2172
588
598
269
118
197
359
285
382
299
1314
64
1135
37
40
22
225
31
75
1144
939
18
173
233
663
2172
588
598
269
118
197
359
285
382
299
1314
64
1135
37
40
22
225
31
75
1144
939
18
173
233
663
2172
588
598
269
118
197
359
285
382
299
1314
64
1135
37
40
22
225
31
75
1144
939
18
173
233
663
2172
588
598
269
118
197
359
285
382
299
1314
64
1135
37
40
22
225
31
75
1144
939
18
173
233
663
2172
588
598
269
118
197
359
285
382
299
1314
64
1135
37
40
22
225
31
75
1144
939
18
173
233
663
2172
588
598
269
118
197
359
285
382
299
1314
64
1135
37
40
22
225
31
75
1144
939
18
173
233
663
2172
588
598
269
118
197
359
285
382
299
1314
64
1135
37
40
22
225
31
75
1144
939
18
173
233
663
2172
588
598
269
118
197
359
285
382
299
1314
64
1135
37
40
22
225
31
75
1144
939
18
173
233
663
2172
588
598
269
118
197
359
285
382
299
1314
64
1135
37
40
22
225
31
75
1144
939
18
173
233
663
2172
588
598
269
118
197
359
285
382
299
1314
64
1135
37
40
22
225
31
75
1144
939
18
173
233
663
2172
588
598
269
118
197
359
285
382
299
1314
64
1135
37
40
22
225
31
75
1144
939
18
173
233
663
2172
588
598
269
118
197
359
285
382
299
1314
64
1135
37
40
22
225
31
75
1144
939
18
173
233
663
2172
588
598
269
118
197
359
285
382
299
1314
64
1135
37
40
22
225
31
75
1144
939
18
173
233
663
2172
588
598
269
118
197
359
285
382
299
1314
64
1135
37
40
22
225
31
75
1144
939
18
173
233
663
2172
588
598
269
118
197
359
285
382
299
1314
64
1135
37
40
22
225
31
75
1144
939
18
173
233
663
2172
588
598
269
118
197
359
285
382
299
1314
64
1135
37
40
22
225
31
75
1144
939
18
173
233
663
2172
588
598
269
118
197
359
285
382
299
1314
64
1135
37
40
22
225
31
75
1144
939
18
173
233
663
2172
588
598
269
118
197
359
285
382
299
1314
64
1135
37
40
22
225
31
75
1144
939
18
173
233
663
2172
588
598
269
118
197
359
285
382
299
1314
64
1135
37
40
22
225
31
75
1144
939
18
173
233
663
2172
588
598
269
118
197
359
285
382
299
1314
64
1135
37
40
22
225
31
75
1144
939
18
173
233
663
2172
588
598
269
118
197
359
285
382
299
1314
64
1135
37
40
22
225
31
75
1144
939
18
173
233
663
2172
588
598
269
118
197
359
285
382
299
1314
64
1135
37
40
22
225
31
75
1144
939
18
173
233
663
2172
588
598
269
118
197
359
285
382
299
1314
64
1135
37
40
22
225
31
75
1144
939
18
173
233
663
2172
588
598
269
118
197
359
285
382
299
1314
64
1135
37
40
22
225
31
75
1144
939
18
173
233
663
2172
588
598
269
118
197
359
285
382
299
1314
64
1135
37
40
22
225
31
75
1144
939
18
173
233
663
2172
588
598
269
118
197
359
285
382
299
1314
64
1135
37
40
22
225
31
75
1144
939
18
173
233
663
2172
588
598
269
118
197
359
285
382
299
1314
64
1135
37
40
22
225
31
75
1144
939
18
173
233
663
2172
588
598
269
118
197
359
285
382
299
1314
64
1135
37
40
22
225
31
75
1144
939
18
173
233
663
2172
588
598
269
118
197
359
285
382
299
1314
64
1135
37
40
22
225
31
75
1144
939
18
173
233
663
2172
588
598
269
118
197
359
285
382
299
1314
64
1135
37
40
22
225
31
75
1144
939
18
173
233
663
2172
588
598
269
118
197
359
285
382
299
1314
64
1135
37
40
22
225
31
75
1144
939
18
173
233
663
2172
588
598
269
118
197
359
285
382
299
1314
64
1135
37
40
22
225
31
75
1144
939
18
173
233
663
2172
588
598
269
118
197
359
285
382
299
1314
64
1135
37
40
22
225
31
75
1144
939
18
173
233
663
2172
588
598
269
118
197
359
285
382
299
1314
64
1135
37
40
22
225
31
75
1144
939
18
173
233
663
2172
588
598
269
118
197
359
285
382
299
1314
64
1135
37
40
22
225
31
75
1144
939
18
173
233
663
2172
588
598
269
118
197
359
285
382
299
1314
64
1135
37
40
22
225
31
75
1144
939
18
173
233
663
2172
588
598
269
118
197
359
285
382
299
1314
64
1135
37
40
22
225
31
75
1144
939
18
173
233
663
2172
588
598
269
118
197
359
285
382
299
1314
64
1135
37
40
22
225
31
75
1144
939
18
173
233
663
2172
588
598
269
118
197
359
285
382
299
1314
64
1135
37
40
22
225
31
75
1144
939
18
173
233
663
2172
588
598
269
118
197
359
285
382
299
1314
64
1135
37
40
22
225
31
75
1144
939
18
173
233
663
2172
588
598
269
118
197
359
285
382
299
1314
64
1135
37
40
22
225
31
75
1144
939
18
173
233
663
2172
588
598
269
118
197
359
285
382
299
1314
64
1135
37
40
22
225
31
75
1144
939
18
173
233
663
2172
588
598
269
118
197
359
285
382
299
1314
64
1135
37
40
22
225
31
75
1144
939
18
173
233
663
2172
588
598
269
118
197
359
285
382
299
1314
64
1135
37
40
22
225
31
75
1144
939
18
173
233
663
2172
588
598
269
118
197
359
285
382
299
1314
64
1135
37
40
22
225
31
75