561
1949
670
18
71
382
233
240
53
125
64
40
289
225
598
559
31
118
359
75
2172
291
60
299
939
561
1949
670
18
71
382
233
240
53
125
64
40
289
225
598
559
31
118
359
75
2172
291
60
299
939
561
1949
670
18
71
382
233
240
53
125
64
40
289
225
598
559
31
118
359
75
2172
291
60
299
939
561
1949
670
18
71
382
233
240
53
125
64
40
289
225
598
559
31
118
359
75
2172
291
60
299
939
561
1949
670
18
71
382
233
240
53
125
64
40
289
225
598
559
31
118
359
75
2172
291
60
299
939
561
1949
670
18
71
382
233
240
53
125
64
40
289
225
598
559
31
118
359
75
2172
291
60
299
939
561
1949
670
18
71
382
233
240
53
125
64
40
289
225
598
559
31
118
359
75
2172
291
60
299
939
561
1949
670
18
71
382
233
240
53
125
64
40
289
225
598
559
31
118
359
75
2172
291
60
299
939
561
1949
670
18
71
382
233
240
53
125
64
40
289
225
598
559
31
118
359
75
2172
291
60
299
939
561
1949
670
18
71
382
233
240
53
125
64
40
289
225
598
559
31
118
359
75
2172
291
60
299
939
561
1949
670
18
71
382
233
240
53
125
64
40
289
225
598
559
31
118
359
75
2172
291
60
299
939
561
1949
670
18
71
382
233
240
53
125
64
40
289
225
598
559
31
118
359
75
2172
291
60
299
939
561
1949
670
18
71
382
233
240
53
125
64
40
289
225
598
559
31
118
359
75
2172
291
60
299
939
561
1949
670
18
71
382
233
240
53
125
64
40
289
225
598
559
31
118
359
75
2172
291
60
299
939
561
1949
670
18
71
382
233
240
53
125
64
40
289
225
598
559
31
118
359
75
2172
291
60
299
939
561
1949
670
18
71
382
233
240
53
125
64
40
289
225
598
559
31
118
359
75
2172
291
60
299
939
561
1949
670
18
71
382
233
240
53
125
64
40
289
225
598
559
31
118
359
75
2172
291
60
299
939
561
1949
670
18
71
382
233
240
53
125
64
40
289
225
598
559
31
118
359
75
2172
291
60
299
939
561
1949
670
18
71
382
233
240
53
125
64
40
289
225
598
559
31
118
359
75
2172
291
60
299
939
561
1949
670
18
71
382
233
240
53
125
64
40
289
225
598
559
31
118
359
75
2172
291
60
299
939
561
1949
670
18
71
382
233
240
53
125
64
40
289
225
598
559
31
118
359
75
2172
291
60
299
939
561
1949
670
18
71
382
233
240
53
125
64
40
289
225
598
559
31
118
359
75
2172
291
60
299
939
561
1949
670
18
71
382
233
240
53
125
64
40
289
225
598
559
31
118
359
75
2172
291
60
299
939
561
1949
670
18
71
382
233
240
53
125
64
40
289
225
598
559
31
118
359
75
2172
291
60
299
939
561
1949
670
18
71
382
233
240
53
125
64
40
289
225
598
559
31
118
359
75
2172
291
60
299
939
561
1949
670
18
71
382
233
240
53
125
64
40
289
225
598
559
31
118
359
75
2172
291
60
299
939
561
1949
670
18
71
382
233
240
53
125
64
40
289
225
598
559
31
118
359
75
2172
291
60
299
939
561
1949
670
18
71
382
233
240
53
125
64
40
289
225
598
559
31
118
359
75
2172
291
60
299
939
561
1949
670
18
71
382
233
240
53
125
64
40
289
225
598
559
31
118
359
75
2172
291
60
299
939
561
1949
670
18
71
382
233
240
53
125
64
40
289
225
598
559
31
118
359
75
2172
291
60
299
939
561
1949
670
18
71
382
233
240
53
125
64
40
289
225
598
559
31
118
359
75
2172
291
60
299
939
561
1949
670
18
71
382
233
240
53
125
64
40
289
225
598
559
31
118
359
75
2172
291
60
299
939
561
1949
670
18
71
382
233
240
53
125
64
40
289
225
598
559
31
118
359
75
2172
291
60
299
939
561
1949
670
18
71
382
233
240
53
125
64
40
289
225
598
559
31
118
359
75
2172
291
60
299
939
561
1949
670
18
71
382
233
240
53
125
64
40
289
225
598
559
31
118
359
75
2172
291
60
299
939
561
1949
670
18
71
382
233
240
53
125
64
40
289
225
598
559
31
118
359
75
2172
291
60
299
939
561
1949
670
18
71
382
233
240
53
125
64
40
289
225
598
559
31
118
359
75
2172
291
60
299
939
561
1949
670
18
71
382
233
240
53
125
64
40
289
225
598
559
31
118
359
75
2172
291
60
299
939
561
1949
670
18
71
382
233
240
53
125
64
40
289
225
598
559
31
118
359
75
2172
291
60
299
939
561
1949
670
18
71
382
233
240
53
125
64
40
289
225
598
559
31
118
359
75
2172
291
60
299
939
561
1949
670
18
71
382
233
240
53
125
64
40
289
225
598
559
31
118
359
75
2172
291
60
299
939
561
1949
670
18
71
382
233
240
53
125
64
40
289
225
598
559
31
118
359
75
2172
291
60
299
939
561
1949
670
18
71
382
233
240
53
125
64
40
289
225
598
559
31
118
359
75
2172
291
60
299
939
561
1949
670
18
71
382
233
240
53
125
64
40
289
225
598
559
31
118
359
75
2172
291
60
299
939
561
1949
670
18
71
382
233
240
53
125
64
40
289
225
598
559
31
118
359
75
2172
291
60
299
939
561
1949
670
18
71
382
233
240
53
125
64
40
289
225
598
559
31
118
359
75
2172
291
60
299
939
561
1949
670
18
71
382
233
240
53
125
64
40
289
225
598
559
31
118
359
75
2172
291
60
299
939
561
1949
670
18
71
382
233
240
53
125
64
40
289
225
598
559
31
118
359
75
2172
291
60
299
939
561
1949
670
18
71
382
233
240
53
125
64
40
289
225
598
559
31
118
359
75
2172
291
60
299
939
561
1949
670
18
71
382
233
240
53
125
64
40
289
225
598
559
31
118
359
75
2172
291
60
299
939