19
588
939
240
200
285
154
64
562
40
197
911
60
1672
18
23
559
20
1144
173
291
289
53
22
587
19
588
939
240
200
285
154
64
562
40
197
911
60
1672
18
23
559
20
1144
173
291
289
53
22
587
19
588
939
240
200
285
154
64
562
40
197
911
60
1672
18
23
559
20
1144
173
291
289
53
22
587
19
588
939
240
200
285
154
64
562
40
197
911
60
1672
18
23
559
20
1144
173
291
289
53
22
587
19
588
939
240
200
285
154
64
562
40
197
911
60
1672
18
23
559
20
1144
173
291
289
53
22
587
19
588
939
240
200
285
154
64
562
40
197
911
60
1672
18
23
559
20
1144
173
291
289
53
22
587
19
588
939
240
200
285
154
64
562
40
197
911
60
1672
18
23
559
20
1144
173
291
289
53
22
587
19
588
939
240
200
285
154
64
562
40
197
911
60
1672
18
23
559
20
1144
173
291
289
53
22
587
19
588
939
240
200
285
154
64
562
40
197
911
60
1672
18
23
559
20
1144
173
291
289
53
22
587
19
588
939
240
200
285
154
64
562
40
197
911
60
1672
18
23
559
20
1144
173
291
289
53
22
587
19
588
939
240
200
285
154
64
562
40
197
911
60
1672
18
23
559
20
1144
173
291
289
53
22
587
19
588
939
240
200
285
154
64
562
40
197
911
60
1672
18
23
559
20
1144
173
291
289
53
22
587
19
588
939
240
200
285
154
64
562
40
197
911
60
1672
18
23
559
20
1144
173
291
289
53
22
587
19
588
939
240
200
285
154
64
562
40
197
911
60
1672
18
23
559
20
1144
173
291
289
53
22
587
19
588
939
240
200
285
154
64
562
40
197
911
60
1672
18
23
559
20
1144
173
291
289
53
22
587
19
588
939
240
200
285
154
64
562
40
197
911
60
1672
18
23
559
20
1144
173
291
289
53
22
587
19
588
939
240
200
285
154
64
562
40
197
911
60
1672
18
23
559
20
1144
173
291
289
53
22
587
19
588
939
240
200
285
154
64
562
40
197
911
60
1672
18
23
559
20
1144
173
291
289
53
22
587
19
588
939
240
200
285
154
64
562
40
197
911
60
1672
18
23
559
20
1144
173
291
289
53
22
587
19
588
939
240
200
285
154
64
562
40
197
911
60
1672
18
23
559
20
1144
173
291
289
53
22
587
19
588
939
240
200
285
154
64
562
40
197
911
60
1672
18
23
559
20
1144
173
291
289
53
22
587
19
588
939
240
200
285
154
64
562
40
197
911
60
1672
18
23
559
20
1144
173
291
289
53
22
587
19
588
939
240
200
285
154
64
562
40
197
911
60
1672
18
23
559
20
1144
173
291
289
53
22
587
19
588
939
240
200
285
154
64
562
40
197
911
60
1672
18
23
559
20
1144
173
291
289
53
22
587
19
588
939
240
200
285
154
64
562
40
197
911
60
1672
18
23
559
20
1144
173
291
289
53
22
587
19
588
939
240
200
285
154
64
562
40
197
911
60
1672
18
23
559
20
1144
173
291
289
53
22
587
19
588
939
240
200
285
154
64
562
40
197
911
60
1672
18
23
559
20
1144
173
291
289
53
22
587
19
588
939
240
200
285
154
64
562
40
197
911
60
1672
18
23
559
20
1144
173
291
289
53
22
587
19
588
939
240
200
285
154
64
562
40
197
911
60
1672
18
23
559
20
1144
173
291
289
53
22
587
19
588
939
240
200
285
154
64
562
40
197
911
60
1672
18
23
559
20
1144
173
291
289
53
22
587
19
588
939
240
200
285
154
64
562
40
197
911
60
1672
18
23
559
20
1144
173
291
289
53
22
587
19
588
939
240
200
285
154
64
562
40
197
911
60
1672
18
23
559
20
1144
173
291
289
53
22
587
19
588
939
240
200
285
154
64
562
40
197
911
60
1672
18
23
559
20
1144
173
291
289
53
22
587
19
588
939
240
200
285
154
64
562
40
197
911
60
1672
18
23
559
20
1144
173
291
289
53
22
587
19
588
939
240
200
285
154
64
562
40
197
911
60
1672
18
23
559
20
1144
173
291
289
53
22
587
19
588
939
240
200
285
154
64
562
40
197
911
60
1672
18
23
559
20
1144
173
291
289
53
22
587
19
588
939
240
200
285
154
64
562
40
197
911
60
1672
18
23
559
20
1144
173
291
289
53
22
587
19
588
939
240
200
285
154
64
562
40
197
911
60
1672
18
23
559
20
1144
173
291
289
53
22
587
19
588
939
240
200
285
154
64
562
40
197
911
60
1672
18
23
559
20
1144
173
291
289
53
22
587
19
588
939
240
200
285
154
64
562
40
197
911
60
1672
18
23
559
20
1144
173
291
289
53
22
587
19
588
939
240
200
285
154
64
562
40
197
911
60
1672
18
23
559
20
1144
173
291
289
53
22
587
19
588
939
240
200
285
154
64
562
40
197
911
60
1672
18
23
559
20
1144
173
291
289
53
22
587
19
588
939
240
200
285
154
64
562
40
197
911
60
1672
18
23
559
20
1144
173
291
289
53
22
587
19
588
939
240
200
285
154
64
562
40
197
911
60
1672
18
23
559
20
1144
173
291
289
53
22
587
19
588
939
240
200
285
154
64
562
40
197
911
60
1672
18
23
559
20
1144
173
291
289
53
22
587
19
588
939
240
200
285
154
64
562
40
197
911
60
1672
18
23
559
20
1144
173
291
289
53
22
587
19
588
939
240
200
285
154
64
562
40
197
911
60
1672
18
23
559
20
1144
173
291
289
53
22
587
19
588
939
240
200
285
154
64
562
40
197
911
60
1672
18
23
559
20
1144
173
291
289
53
22
587
19
588
939
240
200
285
154
64
562
40
197
911
60
1672
18
23
559
20
1144
173
291
289
53
22
587
19
588
939
240
200
285
154
64
562
40
197
911
60
1672
18
23
559
20
1144
173
291
289
53
22
587