568
1144
269
23
36
240
587
561
22
19
1949
75
559
197
2172
125
200
1135
299
118
71
670
154
359
225
568
1144
269
23
36
240
587
561
22
19
1949
75
559
197
2172
125
200
1135
299
118
71
670
154
359
225
568
1144
269
23
36
240
587
561
22
19
1949
75
559
197
2172
125
200
1135
299
118
71
670
154
359
225
568
1144
269
23
36
240
587
561
22
19
1949
75
559
197
2172
125
200
1135
299
118
71
670
154
359
225
568
1144
269
23
36
240
587
561
22
19
1949
75
559
197
2172
125
200
1135
299
118
71
670
154
359
225
568
1144
269
23
36
240
587
561
22
19
1949
75
559
197
2172
125
200
1135
299
118
71
670
154
359
225
568
1144
269
23
36
240
587
561
22
19
1949
75
559
197
2172
125
200
1135
299
118
71
670
154
359
225
568
1144
269
23
36
240
587
561
22
19
1949
75
559
197
2172
125
200
1135
299
118
71
670
154
359
225
568
1144
269
23
36
240
587
561
22
19
1949
75
559
197
2172
125
200
1135
299
118
71
670
154
359
225
568
1144
269
23
36
240
587
561
22
19
1949
75
559
197
2172
125
200
1135
299
118
71
670
154
359
225
568
1144
269
23
36
240
587
561
22
19
1949
75
559
197
2172
125
200
1135
299
118
71
670
154
359
225
568
1144
269
23
36
240
587
561
22
19
1949
75
559
197
2172
125
200
1135
299
118
71
670
154
359
225
568
1144
269
23
36
240
587
561
22
19
1949
75
559
197
2172
125
200
1135
299
118
71
670
154
359
225
568
1144
269
23
36
240
587
561
22
19
1949
75
559
197
2172
125
200
1135
299
118
71
670
154
359
225
568
1144
269
23
36
240
587
561
22
19
1949
75
559
197
2172
125
200
1135
299
118
71
670
154
359
225
568
1144
269
23
36
240
587
561
22
19
1949
75
559
197
2172
125
200
1135
299
118
71
670
154
359
225
568
1144
269
23
36
240
587
561
22
19
1949
75
559
197
2172
125
200
1135
299
118
71
670
154
359
225
568
1144
269
23
36
240
587
561
22
19
1949
75
559
197
2172
125
200
1135
299
118
71
670
154
359
225
568
1144
269
23
36
240
587
561
22
19
1949
75
559
197
2172
125
200
1135
299
118
71
670
154
359
225
568
1144
269
23
36
240
587
561
22
19
1949
75
559
197
2172
125
200
1135
299
118
71
670
154
359
225
568
1144
269
23
36
240
587
561
22
19
1949
75
559
197
2172
125
200
1135
299
118
71
670
154
359
225
568
1144
269
23
36
240
587
561
22
19
1949
75
559
197
2172
125
200
1135
299
118
71
670
154
359
225
568
1144
269
23
36
240
587
561
22
19
1949
75
559
197
2172
125
200
1135
299
118
71
670
154
359
225
568
1144
269
23
36
240
587
561
22
19
1949
75
559
197
2172
125
200
1135
299
118
71
670
154
359
225
568
1144
269
23
36
240
587
561
22
19
1949
75
559
197
2172
125
200
1135
299
118
71
670
154
359
225
568
1144
269
23
36
240
587
561
22
19
1949
75
559
197
2172
125
200
1135
299
118
71
670
154
359
225
568
1144
269
23
36
240
587
561
22
19
1949
75
559
197
2172
125
200
1135
299
118
71
670
154
359
225
568
1144
269
23
36
240
587
561
22
19
1949
75
559
197
2172
125
200
1135
299
118
71
670
154
359
225
568
1144
269
23
36
240
587
561
22
19
1949
75
559
197
2172
125
200
1135
299
118
71
670
154
359
225
568
1144
269
23
36
240
587
561
22
19
1949
75
559
197
2172
125
200
1135
299
118
71
670
154
359
225
568
1144
269
23
36
240
587
561
22
19
1949
75
559
197
2172
125
200
1135
299
118
71
670
154
359
225
568
1144
269
23
36
240
587
561
22
19
1949
75
559
197
2172
125
200
1135
299
118
71
670
154
359
225
568
1144
269
23
36
240
587
561
22
19
1949
75
559
197
2172
125
200
1135
299
118
71
670
154
359
225
568
1144
269
23
36
240
587
561
22
19
1949
75
559
197
2172
125
200
1135
299
118
71
670
154
359
225
568
1144
269
23
36
240
587
561
22
19
1949
75
559
197
2172
125
200
1135
299
118
71
670
154
359
225
568
1144
269
23
36
240
587
561
22
19
1949
75
559
197
2172
125
200
1135
299
118
71
670
154
359
225
568
1144
269
23
36
240
587
561
22
19
1949
75
559
197
2172
125
200
1135
299
118
71
670
154
359
225
568
1144
269
23
36
240
587
561
22
19
1949
75
559
197
2172
125
200
1135
299
118
71
670
154
359
225
568
1144
269
23
36
240
587
561
22
19
1949
75
559
197
2172
125
200
1135
299
118
71
670
154
359
225
568
1144
269
23
36
240
587
561
22
19
1949
75
559
197
2172
125
200
1135
299
118
71
670
154
359
225
568
1144
269
23
36
240
587
561
22
19
1949
75
559
197
2172
125
200
1135
299
118
71
670
154
359
225
568
1144
269
23
36
240
587
561
22
19
1949
75
559
197
2172
125
200
1135
299
118
71
670
154
359
225
568
1144
269
23
36
240
587
561
22
19
1949
75
559
197
2172
125
200
1135
299
118
71
670
154
359
225
568
1144
269
23
36
240
587
561
22
19
1949
75
559
197
2172
125
200
1135
299
118
71
670
154
359
225
568
1144
269
23
36
240
587
561
22
19
1949
75
559
197
2172
125
200
1135
299
118
71
670
154
359
225
568
1144
269
23
36
240
587
561
22
19
1949
75
559
197
2172
125
200
1135
299
118
71
670
154
359
225
568
1144
269
23
36
240
587
561
22
19
1949
75
559
197
2172
125
200
1135
299
118
71
670
154
359
225
568
1144
269
23
36
240
587
561
22
19
1949
75
559
197
2172
125
200
1135
299
118
71
670
154
359
225
568
1144
269
23
36
240
587
561
22
19
1949
75
559
197
2172
125
200
1135
299
118
71
670
154
359
225
568
1144
269
23
36
240
587
561
22
19
1949
75
559
197
2172
125
200
1135
299
118
71
670
154
359
225