233
234
1672
911
568
561
670
1107
1314
562
22
587
75
23
559
64
51
598
2172
939
118
382
1144
197
225
233
234
1672
911
568
561
670
1107
1314
562
22
587
75
23
559
64
51
598
2172
939
118
382
1144
197
225
233
234
1672
911
568
561
670
1107
1314
562
22
587
75
23
559
64
51
598
2172
939
118
382
1144
197
225
233
234
1672
911
568
561
670
1107
1314
562
22
587
75
23
559
64
51
598
2172
939
118
382
1144
197
225
233
234
1672
911
568
561
670
1107
1314
562
22
587
75
23
559
64
51
598
2172
939
118
382
1144
197
225
233
234
1672
911
568
561
670
1107
1314
562
22
587
75
23
559
64
51
598
2172
939
118
382
1144
197
225
233
234
1672
911
568
561
670
1107
1314
562
22
587
75
23
559
64
51
598
2172
939
118
382
1144
197
225
233
234
1672
911
568
561
670
1107
1314
562
22
587
75
23
559
64
51
598
2172
939
118
382
1144
197
225
233
234
1672
911
568
561
670
1107
1314
562
22
587
75
23
559
64
51
598
2172
939
118
382
1144
197
225
233
234
1672
911
568
561
670
1107
1314
562
22
587
75
23
559
64
51
598
2172
939
118
382
1144
197
225
233
234
1672
911
568
561
670
1107
1314
562
22
587
75
23
559
64
51
598
2172
939
118
382
1144
197
225
233
234
1672
911
568
561
670
1107
1314
562
22
587
75
23
559
64
51
598
2172
939
118
382
1144
197
225
233
234
1672
911
568
561
670
1107
1314
562
22
587
75
23
559
64
51
598
2172
939
118
382
1144
197
225
233
234
1672
911
568
561
670
1107
1314
562
22
587
75
23
559
64
51
598
2172
939
118
382
1144
197
225
233
234
1672
911
568
561
670
1107
1314
562
22
587
75
23
559
64
51
598
2172
939
118
382
1144
197
225
233
234
1672
911
568
561
670
1107
1314
562
22
587
75
23
559
64
51
598
2172
939
118
382
1144
197
225
233
234
1672
911
568
561
670
1107
1314
562
22
587
75
23
559
64
51
598
2172
939
118
382
1144
197
225
233
234
1672
911
568
561
670
1107
1314
562
22
587
75
23
559
64
51
598
2172
939
118
382
1144
197
225
233
234
1672
911
568
561
670
1107
1314
562
22
587
75
23
559
64
51
598
2172
939
118
382
1144
197
225
233
234
1672
911
568
561
670
1107
1314
562
22
587
75
23
559
64
51
598
2172
939
118
382
1144
197
225
233
234
1672
911
568
561
670
1107
1314
562
22
587
75
23
559
64
51
598
2172
939
118
382
1144
197
225
233
234
1672
911
568
561
670
1107
1314
562
22
587
75
23
559
64
51
598
2172
939
118
382
1144
197
225
233
234
1672
911
568
561
670
1107
1314
562
22
587
75
23
559
64
51
598
2172
939
118
382
1144
197
225
233
234
1672
911
568
561
670
1107
1314
562
22
587
75
23
559
64
51
598
2172
939
118
382
1144
197
225
233
234
1672
911
568
561
670
1107
1314
562
22
587
75
23
559
64
51
598
2172
939
118
382
1144
197
225
233
234
1672
911
568
561
670
1107
1314
562
22
587
75
23
559
64
51
598
2172
939
118
382
1144
197
225
233
234
1672
911
568
561
670
1107
1314
562
22
587
75
23
559
64
51
598
2172
939
118
382
1144
197
225
233
234
1672
911
568
561
670
1107
1314
562
22
587
75
23
559
64
51
598
2172
939
118
382
1144
197
225
233
234
1672
911
568
561
670
1107
1314
562
22
587
75
23
559
64
51
598
2172
939
118
382
1144
197
225
233
234
1672
911
568
561
670
1107
1314
562
22
587
75
23
559
64
51
598
2172
939
118
382
1144
197
225
233
234
1672
911
568
561
670
1107
1314
562
22
587
75
23
559
64
51
598
2172
939
118
382
1144
197
225
233
234
1672
911
568
561
670
1107
1314
562
22
587
75
23
559
64
51
598
2172
939
118
382
1144
197
225
233
234
1672
911
568
561
670
1107
1314
562
22
587
75
23
559
64
51
598
2172
939
118
382
1144
197
225
233
234
1672
911
568
561
670
1107
1314
562
22
587
75
23
559
64
51
598
2172
939
118
382
1144
197
225
233
234
1672
911
568
561
670
1107
1314
562
22
587
75
23
559
64
51
598
2172
939
118
382
1144
197
225
233
234
1672
911
568
561
670
1107
1314
562
22
587
75
23
559
64
51
598
2172
939
118
382
1144
197
225
233
234
1672
911
568
561
670
1107
1314
562
22
587
75
23
559
64
51
598
2172
939
118
382
1144
197
225
233
234
1672
911
568
561
670
1107
1314
562
22
587
75
23
559
64
51
598
2172
939
118
382
1144
197
225
233
234
1672
911
568
561
670
1107
1314
562
22
587
75
23
559
64
51
598
2172
939
118
382
1144
197
225
233
234
1672
911
568
561
670
1107
1314
562
22
587
75
23
559
64
51
598
2172
939
118
382
1144
197
225
233
234
1672
911
568
561
670
1107
1314
562
22
587
75
23
559
64
51
598
2172
939
118
382
1144
197
225
233
234
1672
911
568
561
670
1107
1314
562
22
587
75
23
559
64
51
598
2172
939
118
382
1144
197
225
233
234
1672
911
568
561
670
1107
1314
562
22
587
75
23
559
64
51
598
2172
939
118
382
1144
197
225
233
234
1672
911
568
561
670
1107
1314
562
22
587
75
23
559
64
51
598
2172
939
118
382
1144
197
225
233
234
1672
911
568
561
670
1107
1314
562
22
587
75
23
559
64
51
598
2172
939
118
382
1144
197
225
233
234
1672
911
568
561
670
1107
1314
562
22
587
75
23
559
64
51
598
2172
939
118
382
1144
197
225
233
234
1672
911
568
561
670
1107
1314
562
22
587
75
23
559
64
51
598
2172
939
118
382
1144
197
225
233
234
1672
911
568
561
670
1107
1314
562
22
587
75
23
559
64
51
598
2172
939
118
382
1144
197
225
233
234
1672
911
568
561
670
1107
1314
562
22
587
75
23
559
64
51
598
2172
939
118
382
1144
197
225
233
234
1672
911
568
561
670
1107
1314
562
22
587
75
23
559
64
51
598
2172
939
118
382
1144
197
225