200
225
234
568
1135
616
154
939
40
587
2172
22
31
285
20
269
559
37
670
562
561
598
1314
197
51
200
225
234
568
1135
616
154
939
40
587
2172
22
31
285
20
269
559
37
670
562
561
598
1314
197
51
200
225
234
568
1135
616
154
939
40
587
2172
22
31
285
20
269
559
37
670
562
561
598
1314
197
51
200
225
234
568
1135
616
154
939
40
587
2172
22
31
285
20
269
559
37
670
562
561
598
1314
197
51
200
225
234
568
1135
616
154
939
40
587
2172
22
31
285
20
269
559
37
670
562
561
598
1314
197
51
200
225
234
568
1135
616
154
939
40
587
2172
22
31
285
20
269
559
37
670
562
561
598
1314
197
51
200
225
234
568
1135
616
154
939
40
587
2172
22
31
285
20
269
559
37
670
562
561
598
1314
197
51
200
225
234
568
1135
616
154
939
40
587
2172
22
31
285
20
269
559
37
670
562
561
598
1314
197
51
200
225
234
568
1135
616
154
939
40
587
2172
22
31
285
20
269
559
37
670
562
561
598
1314
197
51
200
225
234
568
1135
616
154
939
40
587
2172
22
31
285
20
269
559
37
670
562
561
598
1314
197
51
200
225
234
568
1135
616
154
939
40
587
2172
22
31
285
20
269
559
37
670
562
561
598
1314
197
51
200
225
234
568
1135
616
154
939
40
587
2172
22
31
285
20
269
559
37
670
562
561
598
1314
197
51
200
225
234
568
1135
616
154
939
40
587
2172
22
31
285
20
269
559
37
670
562
561
598
1314
197
51
200
225
234
568
1135
616
154
939
40
587
2172
22
31
285
20
269
559
37
670
562
561
598
1314
197
51
200
225
234
568
1135
616
154
939
40
587
2172
22
31
285
20
269
559
37
670
562
561
598
1314
197
51
200
225
234
568
1135
616
154
939
40
587
2172
22
31
285
20
269
559
37
670
562
561
598
1314
197
51
200
225
234
568
1135
616
154
939
40
587
2172
22
31
285
20
269
559
37
670
562
561
598
1314
197
51
200
225
234
568
1135
616
154
939
40
587
2172
22
31
285
20
269
559
37
670
562
561
598
1314
197
51
200
225
234
568
1135
616
154
939
40
587
2172
22
31
285
20
269
559
37
670
562
561
598
1314
197
51
200
225
234
568
1135
616
154
939
40
587
2172
22
31
285
20
269
559
37
670
562
561
598
1314
197
51
200
225
234
568
1135
616
154
939
40
587
2172
22
31
285
20
269
559
37
670
562
561
598
1314
197
51
200
225
234
568
1135
616
154
939
40
587
2172
22
31
285
20
269
559
37
670
562
561
598
1314
197
51
200
225
234
568
1135
616
154
939
40
587
2172
22
31
285
20
269
559
37
670
562
561
598
1314
197
51
200
225
234
568
1135
616
154
939
40
587
2172
22
31
285
20
269
559
37
670
562
561
598
1314
197
51
200
225
234
568
1135
616
154
939
40
587
2172
22
31
285
20
269
559
37
670
562
561
598
1314
197
51
200
225
234
568
1135
616
154
939
40
587
2172
22
31
285
20
269
559
37
670
562
561
598
1314
197
51
200
225
234
568
1135
616
154
939
40
587
2172
22
31
285
20
269
559
37
670
562
561
598
1314
197
51
200
225
234
568
1135
616
154
939
40
587
2172
22
31
285
20
269
559
37
670
562
561
598
1314
197
51
200
225
234
568
1135
616
154
939
40
587
2172
22
31
285
20
269
559
37
670
562
561
598
1314
197
51
200
225
234
568
1135
616
154
939
40
587
2172
22
31
285
20
269
559
37
670
562
561
598
1314
197
51
200
225
234
568
1135
616
154
939
40
587
2172
22
31
285
20
269
559
37
670
562
561
598
1314
197
51
200
225
234
568
1135
616
154
939
40
587
2172
22
31
285
20
269
559
37
670
562
561
598
1314
197
51
200
225
234
568
1135
616
154
939
40
587
2172
22
31
285
20
269
559
37
670
562
561
598
1314
197
51
200
225
234
568
1135
616
154
939
40
587
2172
22
31
285
20
269
559
37
670
562
561
598
1314
197
51
200
225
234
568
1135
616
154
939
40
587
2172
22
31
285
20
269
559
37
670
562
561
598
1314
197
51
200
225
234
568
1135
616
154
939
40
587
2172
22
31
285
20
269
559
37
670
562
561
598
1314
197
51
200
225
234
568
1135
616
154
939
40
587
2172
22
31
285
20
269
559
37
670
562
561
598
1314
197
51
200
225
234
568
1135
616
154
939
40
587
2172
22
31
285
20
269
559
37
670
562
561
598
1314
197
51
200
225
234
568
1135
616
154
939
40
587
2172
22
31
285
20
269
559
37
670
562
561
598
1314
197
51
200
225
234
568
1135
616
154
939
40
587
2172
22
31
285
20
269
559
37
670
562
561
598
1314
197
51
200
225
234
568
1135
616
154
939
40
587
2172
22
31
285
20
269
559
37
670
562
561
598
1314
197
51
200
225
234
568
1135
616
154
939
40
587
2172
22
31
285
20
269
559
37
670
562
561
598
1314
197
51
200
225
234
568
1135
616
154
939
40
587
2172
22
31
285
20
269
559
37
670
562
561
598
1314
197
51
200
225
234
568
1135
616
154
939
40
587
2172
22
31
285
20
269
559
37
670
562
561
598
1314
197
51
200
225
234
568
1135
616
154
939
40
587
2172
22
31
285
20
269
559
37
670
562
561
598
1314
197
51
200
225
234
568
1135
616
154
939
40
587
2172
22
31
285
20
269
559
37
670
562
561
598
1314
197
51
200
225
234
568
1135
616
154
939
40
587
2172
22
31
285
20
269
559
37
670
562
561
598
1314
197
51
200
225
234
568
1135
616
154
939
40
587
2172
22
31
285
20
269
559
37
670
562
561
598
1314
197
51
200
225
234
568
1135
616
154
939
40
587
2172
22
31
285
20
269
559
37
670
562
561
598
1314
197
51
200
225
234
568
1135
616
154
939
40
587
2172
22
31
285
20
269
559
37
670
562
561
598
1314
197
51