568
616
36
382
157
240
154
285
173
359
51
1107
64
663
37
588
911
19
939
299
233
18
60
1949
20
568
616
36
382
157
240
154
285
173
359
51
1107
64
663
37
588
911
19
939
299
233
18
60
1949
20
568
616
36
382
157
240
154
285
173
359
51
1107
64
663
37
588
911
19
939
299
233
18
60
1949
20
568
616
36
382
157
240
154
285
173
359
51
1107
64
663
37
588
911
19
939
299
233
18
60
1949
20
568
616
36
382
157
240
154
285
173
359
51
1107
64
663
37
588
911
19
939
299
233
18
60
1949
20
568
616
36
382
157
240
154
285
173
359
51
1107
64
663
37
588
911
19
939
299
233
18
60
1949
20
568
616
36
382
157
240
154
285
173
359
51
1107
64
663
37
588
911
19
939
299
233
18
60
1949
20
568
616
36
382
157
240
154
285
173
359
51
1107
64
663
37
588
911
19
939
299
233
18
60
1949
20
568
616
36
382
157
240
154
285
173
359
51
1107
64
663
37
588
911
19
939
299
233
18
60
1949
20
568
616
36
382
157
240
154
285
173
359
51
1107
64
663
37
588
911
19
939
299
233
18
60
1949
20
568
616
36
382
157
240
154
285
173
359
51
1107
64
663
37
588
911
19
939
299
233
18
60
1949
20
568
616
36
382
157
240
154
285
173
359
51
1107
64
663
37
588
911
19
939
299
233
18
60
1949
20
568
616
36
382
157
240
154
285
173
359
51
1107
64
663
37
588
911
19
939
299
233
18
60
1949
20
568
616
36
382
157
240
154
285
173
359
51
1107
64
663
37
588
911
19
939
299
233
18
60
1949
20
568
616
36
382
157
240
154
285
173
359
51
1107
64
663
37
588
911
19
939
299
233
18
60
1949
20
568
616
36
382
157
240
154
285
173
359
51
1107
64
663
37
588
911
19
939
299
233
18
60
1949
20
568
616
36
382
157
240
154
285
173
359
51
1107
64
663
37
588
911
19
939
299
233
18
60
1949
20
568
616
36
382
157
240
154
285
173
359
51
1107
64
663
37
588
911
19
939
299
233
18
60
1949
20
568
616
36
382
157
240
154
285
173
359
51
1107
64
663
37
588
911
19
939
299
233
18
60
1949
20
568
616
36
382
157
240
154
285
173
359
51
1107
64
663
37
588
911
19
939
299
233
18
60
1949
20
568
616
36
382
157
240
154
285
173
359
51
1107
64
663
37
588
911
19
939
299
233
18
60
1949
20
568
616
36
382
157
240
154
285
173
359
51
1107
64
663
37
588
911
19
939
299
233
18
60
1949
20
568
616
36
382
157
240
154
285
173
359
51
1107
64
663
37
588
911
19
939
299
233
18
60
1949
20
568
616
36
382
157
240
154
285
173
359
51
1107
64
663
37
588
911
19
939
299
233
18
60
1949
20
568
616
36
382
157
240
154
285
173
359
51
1107
64
663
37
588
911
19
939
299
233
18
60
1949
20
568
616
36
382
157
240
154
285
173
359
51
1107
64
663
37
588
911
19
939
299
233
18
60
1949
20
568
616
36
382
157
240
154
285
173
359
51
1107
64
663
37
588
911
19
939
299
233
18
60
1949
20
568
616
36
382
157
240
154
285
173
359
51
1107
64
663
37
588
911
19
939
299
233
18
60
1949
20
568
616
36
382
157
240
154
285
173
359
51
1107
64
663
37
588
911
19
939
299
233
18
60
1949
20
568
616
36
382
157
240
154
285
173
359
51
1107
64
663
37
588
911
19
939
299
233
18
60
1949
20
568
616
36
382
157
240
154
285
173
359
51
1107
64
663
37
588
911
19
939
299
233
18
60
1949
20
568
616
36
382
157
240
154
285
173
359
51
1107
64
663
37
588
911
19
939
299
233
18
60
1949
20
568
616
36
382
157
240
154
285
173
359
51
1107
64
663
37
588
911
19
939
299
233
18
60
1949
20
568
616
36
382
157
240
154
285
173
359
51
1107
64
663
37
588
911
19
939
299
233
18
60
1949
20
568
616
36
382
157
240
154
285
173
359
51
1107
64
663
37
588
911
19
939
299
233
18
60
1949
20
568
616
36
382
157
240
154
285
173
359
51
1107
64
663
37
588
911
19
939
299
233
18
60
1949
20
568
616
36
382
157
240
154
285
173
359
51
1107
64
663
37
588
911
19
939
299
233
18
60
1949
20
568
616
36
382
157
240
154
285
173
359
51
1107
64
663
37
588
911
19
939
299
233
18
60
1949
20
568
616
36
382
157
240
154
285
173
359
51
1107
64
663
37
588
911
19
939
299
233
18
60
1949
20
568
616
36
382
157
240
154
285
173
359
51
1107
64
663
37
588
911
19
939
299
233
18
60
1949
20
568
616
36
382
157
240
154
285
173
359
51
1107
64
663
37
588
911
19
939
299
233
18
60
1949
20
568
616
36
382
157
240
154
285
173
359
51
1107
64
663
37
588
911
19
939
299
233
18
60
1949
20
568
616
36
382
157
240
154
285
173
359
51
1107
64
663
37
588
911
19
939
299
233
18
60
1949
20
568
616
36
382
157
240
154
285
173
359
51
1107
64
663
37
588
911
19
939
299
233
18
60
1949
20
568
616
36
382
157
240
154
285
173
359
51
1107
64
663
37
588
911
19
939
299
233
18
60
1949
20
568
616
36
382
157
240
154
285
173
359
51
1107
64
663
37
588
911
19
939
299
233
18
60
1949
20
568
616
36
382
157
240
154
285
173
359
51
1107
64
663
37
588
911
19
939
299
233
18
60
1949
20
568
616
36
382
157
240
154
285
173
359
51
1107
64
663
37
588
911
19
939
299
233
18
60
1949
20
568
616
36
382
157
240
154
285
173
359
51
1107
64
663
37
588
911
19
939
299
233
18
60
1949
20
568
616
36
382
157
240
154
285
173
359
51
1107
64
663
37
588
911
19
939
299
233
18
60
1949
20