1107
559
598
20
1144
562
568
1672
19
22
197
561
1949
173
51
40
291
125
234
382
118
31
285
1314
157
1107
559
598
20
1144
562
568
1672
19
22
197
561
1949
173
51
40
291
125
234
382
118
31
285
1314
157
1107
559
598
20
1144
562
568
1672
19
22
197
561
1949
173
51
40
291
125
234
382
118
31
285
1314
157
1107
559
598
20
1144
562
568
1672
19
22
197
561
1949
173
51
40
291
125
234
382
118
31
285
1314
157
1107
559
598
20
1144
562
568
1672
19
22
197
561
1949
173
51
40
291
125
234
382
118
31
285
1314
157
1107
559
598
20
1144
562
568
1672
19
22
197
561
1949
173
51
40
291
125
234
382
118
31
285
1314
157
1107
559
598
20
1144
562
568
1672
19
22
197
561
1949
173
51
40
291
125
234
382
118
31
285
1314
157
1107
559
598
20
1144
562
568
1672
19
22
197
561
1949
173
51
40
291
125
234
382
118
31
285
1314
157
1107
559
598
20
1144
562
568
1672
19
22
197
561
1949
173
51
40
291
125
234
382
118
31
285
1314
157
1107
559
598
20
1144
562
568
1672
19
22
197
561
1949
173
51
40
291
125
234
382
118
31
285
1314
157
1107
559
598
20
1144
562
568
1672
19
22
197
561
1949
173
51
40
291
125
234
382
118
31
285
1314
157
1107
559
598
20
1144
562
568
1672
19
22
197
561
1949
173
51
40
291
125
234
382
118
31
285
1314
157
1107
559
598
20
1144
562
568
1672
19
22
197
561
1949
173
51
40
291
125
234
382
118
31
285
1314
157
1107
559
598
20
1144
562
568
1672
19
22
197
561
1949
173
51
40
291
125
234
382
118
31
285
1314
157
1107
559
598
20
1144
562
568
1672
19
22
197
561
1949
173
51
40
291
125
234
382
118
31
285
1314
157
1107
559
598
20
1144
562
568
1672
19
22
197
561
1949
173
51
40
291
125
234
382
118
31
285
1314
157
1107
559
598
20
1144
562
568
1672
19
22
197
561
1949
173
51
40
291
125
234
382
118
31
285
1314
157
1107
559
598
20
1144
562
568
1672
19
22
197
561
1949
173
51
40
291
125
234
382
118
31
285
1314
157
1107
559
598
20
1144
562
568
1672
19
22
197
561
1949
173
51
40
291
125
234
382
118
31
285
1314
157
1107
559
598
20
1144
562
568
1672
19
22
197
561
1949
173
51
40
291
125
234
382
118
31
285
1314
157
1107
559
598
20
1144
562
568
1672
19
22
197
561
1949
173
51
40
291
125
234
382
118
31
285
1314
157
1107
559
598
20
1144
562
568
1672
19
22
197
561
1949
173
51
40
291
125
234
382
118
31
285
1314
157
1107
559
598
20
1144
562
568
1672
19
22
197
561
1949
173
51
40
291
125
234
382
118
31
285
1314
157
1107
559
598
20
1144
562
568
1672
19
22
197
561
1949
173
51
40
291
125
234
382
118
31
285
1314
157
1107
559
598
20
1144
562
568
1672
19
22
197
561
1949
173
51
40
291
125
234
382
118
31
285
1314
157
1107
559
598
20
1144
562
568
1672
19
22
197
561
1949
173
51
40
291
125
234
382
118
31
285
1314
157
1107
559
598
20
1144
562
568
1672
19
22
197
561
1949
173
51
40
291
125
234
382
118
31
285
1314
157
1107
559
598
20
1144
562
568
1672
19
22
197
561
1949
173
51
40
291
125
234
382
118
31
285
1314
157
1107
559
598
20
1144
562
568
1672
19
22
197
561
1949
173
51
40
291
125
234
382
118
31
285
1314
157
1107
559
598
20
1144
562
568
1672
19
22
197
561
1949
173
51
40
291
125
234
382
118
31
285
1314
157
1107
559
598
20
1144
562
568
1672
19
22
197
561
1949
173
51
40
291
125
234
382
118
31
285
1314
157
1107
559
598
20
1144
562
568
1672
19
22
197
561
1949
173
51
40
291
125
234
382
118
31
285
1314
157
1107
559
598
20
1144
562
568
1672
19
22
197
561
1949
173
51
40
291
125
234
382
118
31
285
1314
157
1107
559
598
20
1144
562
568
1672
19
22
197
561
1949
173
51
40
291
125
234
382
118
31
285
1314
157
1107
559
598
20
1144
562
568
1672
19
22
197
561
1949
173
51
40
291
125
234
382
118
31
285
1314
157
1107
559
598
20
1144
562
568
1672
19
22
197
561
1949
173
51
40
291
125
234
382
118
31
285
1314
157
1107
559
598
20
1144
562
568
1672
19
22
197
561
1949
173
51
40
291
125
234
382
118
31
285
1314
157
1107
559
598
20
1144
562
568
1672
19
22
197
561
1949
173
51
40
291
125
234
382
118
31
285
1314
157
1107
559
598
20
1144
562
568
1672
19
22
197
561
1949
173
51
40
291
125
234
382
118
31
285
1314
157
1107
559
598
20
1144
562
568
1672
19
22
197
561
1949
173
51
40
291
125
234
382
118
31
285
1314
157
1107
559
598
20
1144
562
568
1672
19
22
197
561
1949
173
51
40
291
125
234
382
118
31
285
1314
157
1107
559
598
20
1144
562
568
1672
19
22
197
561
1949
173
51
40
291
125
234
382
118
31
285
1314
157
1107
559
598
20
1144
562
568
1672
19
22
197
561
1949
173
51
40
291
125
234
382
118
31
285
1314
157
1107
559
598
20
1144
562
568
1672
19
22
197
561
1949
173
51
40
291
125
234
382
118
31
285
1314
157
1107
559
598
20
1144
562
568
1672
19
22
197
561
1949
173
51
40
291
125
234
382
118
31
285
1314
157
1107
559
598
20
1144
562
568
1672
19
22
197
561
1949
173
51
40
291
125
234
382
118
31
285
1314
157
1107
559
598
20
1144
562
568
1672
19
22
197
561
1949
173
51
40
291
125
234
382
118
31
285
1314
157
1107
559
598
20
1144
562
568
1672
19
22
197
561
1949
173
51
40
291
125
234
382
118
31
285
1314
157
1107
559
598
20
1144
562
568
1672
19
22
197
561
1949
173
51
40
291
125
234
382
118
31
285
1314
157
1107
559
598
20
1144
562
568
1672
19
22
197
561
1949
173
51
40
291
125
234
382
118
31
285
1314
157