23
568
240
939
40
561
758
1135
598
234
60
157
31
18
1314
587
22
19
37
588
616
197
562
1144
1672
23
568
240
939
40
561
758
1135
598
234
60
157
31
18
1314
587
22
19
37
588
616
197
562
1144
1672
23
568
240
939
40
561
758
1135
598
234
60
157
31
18
1314
587
22
19
37
588
616
197
562
1144
1672
23
568
240
939
40
561
758
1135
598
234
60
157
31
18
1314
587
22
19
37
588
616
197
562
1144
1672
23
568
240
939
40
561
758
1135
598
234
60
157
31
18
1314
587
22
19
37
588
616
197
562
1144
1672
23
568
240
939
40
561
758
1135
598
234
60
157
31
18
1314
587
22
19
37
588
616
197
562
1144
1672
23
568
240
939
40
561
758
1135
598
234
60
157
31
18
1314
587
22
19
37
588
616
197
562
1144
1672
23
568
240
939
40
561
758
1135
598
234
60
157
31
18
1314
587
22
19
37
588
616
197
562
1144
1672
23
568
240
939
40
561
758
1135
598
234
60
157
31
18
1314
587
22
19
37
588
616
197
562
1144
1672
23
568
240
939
40
561
758
1135
598
234
60
157
31
18
1314
587
22
19
37
588
616
197
562
1144
1672
23
568
240
939
40
561
758
1135
598
234
60
157
31
18
1314
587
22
19
37
588
616
197
562
1144
1672
23
568
240
939
40
561
758
1135
598
234
60
157
31
18
1314
587
22
19
37
588
616
197
562
1144
1672
23
568
240
939
40
561
758
1135
598
234
60
157
31
18
1314
587
22
19
37
588
616
197
562
1144
1672
23
568
240
939
40
561
758
1135
598
234
60
157
31
18
1314
587
22
19
37
588
616
197
562
1144
1672
23
568
240
939
40
561
758
1135
598
234
60
157
31
18
1314
587
22
19
37
588
616
197
562
1144
1672
23
568
240
939
40
561
758
1135
598
234
60
157
31
18
1314
587
22
19
37
588
616
197
562
1144
1672
23
568
240
939
40
561
758
1135
598
234
60
157
31
18
1314
587
22
19
37
588
616
197
562
1144
1672
23
568
240
939
40
561
758
1135
598
234
60
157
31
18
1314
587
22
19
37
588
616
197
562
1144
1672
23
568
240
939
40
561
758
1135
598
234
60
157
31
18
1314
587
22
19
37
588
616
197
562
1144
1672
23
568
240
939
40
561
758
1135
598
234
60
157
31
18
1314
587
22
19
37
588
616
197
562
1144
1672
23
568
240
939
40
561
758
1135
598
234
60
157
31
18
1314
587
22
19
37
588
616
197
562
1144
1672
23
568
240
939
40
561
758
1135
598
234
60
157
31
18
1314
587
22
19
37
588
616
197
562
1144
1672
23
568
240
939
40
561
758
1135
598
234
60
157
31
18
1314
587
22
19
37
588
616
197
562
1144
1672
23
568
240
939
40
561
758
1135
598
234
60
157
31
18
1314
587
22
19
37
588
616
197
562
1144
1672
23
568
240
939
40
561
758
1135
598
234
60
157
31
18
1314
587
22
19
37
588
616
197
562
1144
1672
23
568
240
939
40
561
758
1135
598
234
60
157
31
18
1314
587
22
19
37
588
616
197
562
1144
1672
23
568
240
939
40
561
758
1135
598
234
60
157
31
18
1314
587
22
19
37
588
616
197
562
1144
1672
23
568
240
939
40
561
758
1135
598
234
60
157
31
18
1314
587
22
19
37
588
616
197
562
1144
1672
23
568
240
939
40
561
758
1135
598
234
60
157
31
18
1314
587
22
19
37
588
616
197
562
1144
1672
23
568
240
939
40
561
758
1135
598
234
60
157
31
18
1314
587
22
19
37
588
616
197
562
1144
1672
23
568
240
939
40
561
758
1135
598
234
60
157
31
18
1314
587
22
19
37
588
616
197
562
1144
1672
23
568
240
939
40
561
758
1135
598
234
60
157
31
18
1314
587
22
19
37
588
616
197
562
1144
1672
23
568
240
939
40
561
758
1135
598
234
60
157
31
18
1314
587
22
19
37
588
616
197
562
1144
1672
23
568
240
939
40
561
758
1135
598
234
60
157
31
18
1314
587
22
19
37
588
616
197
562
1144
1672
23
568
240
939
40
561
758
1135
598
234
60
157
31
18
1314
587
22
19
37
588
616
197
562
1144
1672
23
568
240
939
40
561
758
1135
598
234
60
157
31
18
1314
587
22
19
37
588
616
197
562
1144
1672
23
568
240
939
40
561
758
1135
598
234
60
157
31
18
1314
587
22
19
37
588
616
197
562
1144
1672
23
568
240
939
40
561
758
1135
598
234
60
157
31
18
1314
587
22
19
37
588
616
197
562
1144
1672
23
568
240
939
40
561
758
1135
598
234
60
157
31
18
1314
587
22
19
37
588
616
197
562
1144
1672
23
568
240
939
40
561
758
1135
598
234
60
157
31
18
1314
587
22
19
37
588
616
197
562
1144
1672
23
568
240
939
40
561
758
1135
598
234
60
157
31
18
1314
587
22
19
37
588
616
197
562
1144
1672
23
568
240
939
40
561
758
1135
598
234
60
157
31
18
1314
587
22
19
37
588
616
197
562
1144
1672
23
568
240
939
40
561
758
1135
598
234
60
157
31
18
1314
587
22
19
37
588
616
197
562
1144
1672
23
568
240
939
40
561
758
1135
598
234
60
157
31
18
1314
587
22
19
37
588
616
197
562
1144
1672
23
568
240
939
40
561
758
1135
598
234
60
157
31
18
1314
587
22
19
37
588
616
197
562
1144
1672
23
568
240
939
40
561
758
1135
598
234
60
157
31
18
1314
587
22
19
37
588
616
197
562
1144
1672
23
568
240
939
40
561
758
1135
598
234
60
157
31
18
1314
587
22
19
37
588
616
197
562
1144
1672
23
568
240
939
40
561
758
1135
598
234
60
157
31
18
1314
587
22
19
37
588
616
197
562
1144
1672
23
568
240
939
40
561
758
1135
598
234
60
157
31
18
1314
587
22
19
37
588
616
197
562
1144
1672
23
568
240
939
40
561
758
1135
598
234
60
157
31
18
1314
587
22
19
37
588
616
197
562
1144
1672