1135
40
911
2172
240
233
60
51
53
37
154
269
157
234
382
291
1107
71
23
559
1672
36
568
20
1949
1135
40
911
2172
240
233
60
51
53
37
154
269
157
234
382
291
1107
71
23
559
1672
36
568
20
1949
1135
40
911
2172
240
233
60
51
53
37
154
269
157
234
382
291
1107
71
23
559
1672
36
568
20
1949
1135
40
911
2172
240
233
60
51
53
37
154
269
157
234
382
291
1107
71
23
559
1672
36
568
20
1949
1135
40
911
2172
240
233
60
51
53
37
154
269
157
234
382
291
1107
71
23
559
1672
36
568
20
1949
1135
40
911
2172
240
233
60
51
53
37
154
269
157
234
382
291
1107
71
23
559
1672
36
568
20
1949
1135
40
911
2172
240
233
60
51
53
37
154
269
157
234
382
291
1107
71
23
559
1672
36
568
20
1949
1135
40
911
2172
240
233
60
51
53
37
154
269
157
234
382
291
1107
71
23
559
1672
36
568
20
1949
1135
40
911
2172
240
233
60
51
53
37
154
269
157
234
382
291
1107
71
23
559
1672
36
568
20
1949
1135
40
911
2172
240
233
60
51
53
37
154
269
157
234
382
291
1107
71
23
559
1672
36
568
20
1949
1135
40
911
2172
240
233
60
51
53
37
154
269
157
234
382
291
1107
71
23
559
1672
36
568
20
1949
1135
40
911
2172
240
233
60
51
53
37
154
269
157
234
382
291
1107
71
23
559
1672
36
568
20
1949
1135
40
911
2172
240
233
60
51
53
37
154
269
157
234
382
291
1107
71
23
559
1672
36
568
20
1949
1135
40
911
2172
240
233
60
51
53
37
154
269
157
234
382
291
1107
71
23
559
1672
36
568
20
1949
1135
40
911
2172
240
233
60
51
53
37
154
269
157
234
382
291
1107
71
23
559
1672
36
568
20
1949
1135
40
911
2172
240
233
60
51
53
37
154
269
157
234
382
291
1107
71
23
559
1672
36
568
20
1949
1135
40
911
2172
240
233
60
51
53
37
154
269
157
234
382
291
1107
71
23
559
1672
36
568
20
1949
1135
40
911
2172
240
233
60
51
53
37
154
269
157
234
382
291
1107
71
23
559
1672
36
568
20
1949
1135
40
911
2172
240
233
60
51
53
37
154
269
157
234
382
291
1107
71
23
559
1672
36
568
20
1949
1135
40
911
2172
240
233
60
51
53
37
154
269
157
234
382
291
1107
71
23
559
1672
36
568
20
1949
1135
40
911
2172
240
233
60
51
53
37
154
269
157
234
382
291
1107
71
23
559
1672
36
568
20
1949
1135
40
911
2172
240
233
60
51
53
37
154
269
157
234
382
291
1107
71
23
559
1672
36
568
20
1949
1135
40
911
2172
240
233
60
51
53
37
154
269
157
234
382
291
1107
71
23
559
1672
36
568
20
1949
1135
40
911
2172
240
233
60
51
53
37
154
269
157
234
382
291
1107
71
23
559
1672
36
568
20
1949
1135
40
911
2172
240
233
60
51
53
37
154
269
157
234
382
291
1107
71
23
559
1672
36
568
20
1949
1135
40
911
2172
240
233
60
51
53
37
154
269
157
234
382
291
1107
71
23
559
1672
36
568
20
1949
1135
40
911
2172
240
233
60
51
53
37
154
269
157
234
382
291
1107
71
23
559
1672
36
568
20
1949
1135
40
911
2172
240
233
60
51
53
37
154
269
157
234
382
291
1107
71
23
559
1672
36
568
20
1949
1135
40
911
2172
240
233
60
51
53
37
154
269
157
234
382
291
1107
71
23
559
1672
36
568
20
1949
1135
40
911
2172
240
233
60
51
53
37
154
269
157
234
382
291
1107
71
23
559
1672
36
568
20
1949
1135
40
911
2172
240
233
60
51
53
37
154
269
157
234
382
291
1107
71
23
559
1672
36
568
20
1949
1135
40
911
2172
240
233
60
51
53
37
154
269
157
234
382
291
1107
71
23
559
1672
36
568
20
1949
1135
40
911
2172
240
233
60
51
53
37
154
269
157
234
382
291
1107
71
23
559
1672
36
568
20
1949
1135
40
911
2172
240
233
60
51
53
37
154
269
157
234
382
291
1107
71
23
559
1672
36
568
20
1949
1135
40
911
2172
240
233
60
51
53
37
154
269
157
234
382
291
1107
71
23
559
1672
36
568
20
1949
1135
40
911
2172
240
233
60
51
53
37
154
269
157
234
382
291
1107
71
23
559
1672
36
568
20
1949
1135
40
911
2172
240
233
60
51
53
37
154
269
157
234
382
291
1107
71
23
559
1672
36
568
20
1949
1135
40
911
2172
240
233
60
51
53
37
154
269
157
234
382
291
1107
71
23
559
1672
36
568
20
1949
1135
40
911
2172
240
233
60
51
53
37
154
269
157
234
382
291
1107
71
23
559
1672
36
568
20
1949
1135
40
911
2172
240
233
60
51
53
37
154
269
157
234
382
291
1107
71
23
559
1672
36
568
20
1949
1135
40
911
2172
240
233
60
51
53
37
154
269
157
234
382
291
1107
71
23
559
1672
36
568
20
1949
1135
40
911
2172
240
233
60
51
53
37
154
269
157
234
382
291
1107
71
23
559
1672
36
568
20
1949
1135
40
911
2172
240
233
60
51
53
37
154
269
157
234
382
291
1107
71
23
559
1672
36
568
20
1949
1135
40
911
2172
240
233
60
51
53
37
154
269
157
234
382
291
1107
71
23
559
1672
36
568
20
1949
1135
40
911
2172
240
233
60
51
53
37
154
269
157
234
382
291
1107
71
23
559
1672
36
568
20
1949
1135
40
911
2172
240
233
60
51
53
37
154
269
157
234
382
291
1107
71
23
559
1672
36
568
20
1949
1135
40
911
2172
240
233
60
51
53
37
154
269
157
234
382
291
1107
71
23
559
1672
36
568
20
1949
1135
40
911
2172
240
233
60
51
53
37
154
269
157
234
382
291
1107
71
23
559
1672
36
568
20
1949
1135
40
911
2172
240
233
60
51
53
37
154
269
157
234
382
291
1107
71
23
559
1672
36
568
20
1949
1135
40
911
2172
240
233
60
51
53
37
154
269
157
234
382
291
1107
71
23
559
1672
36
568
20
1949