1949
234
616
568
71
154
562
31
20
19
240
22
911
1135
125
1144
200
225
23
1672
118
359
1314
559
289
1949
234
616
568
71
154
562
31
20
19
240
22
911
1135
125
1144
200
225
23
1672
118
359
1314
559
289
1949
234
616
568
71
154
562
31
20
19
240
22
911
1135
125
1144
200
225
23
1672
118
359
1314
559
289
1949
234
616
568
71
154
562
31
20
19
240
22
911
1135
125
1144
200
225
23
1672
118
359
1314
559
289
1949
234
616
568
71
154
562
31
20
19
240
22
911
1135
125
1144
200
225
23
1672
118
359
1314
559
289
1949
234
616
568
71
154
562
31
20
19
240
22
911
1135
125
1144
200
225
23
1672
118
359
1314
559
289
1949
234
616
568
71
154
562
31
20
19
240
22
911
1135
125
1144
200
225
23
1672
118
359
1314
559
289
1949
234
616
568
71
154
562
31
20
19
240
22
911
1135
125
1144
200
225
23
1672
118
359
1314
559
289
1949
234
616
568
71
154
562
31
20
19
240
22
911
1135
125
1144
200
225
23
1672
118
359
1314
559
289
1949
234
616
568
71
154
562
31
20
19
240
22
911
1135
125
1144
200
225
23
1672
118
359
1314
559
289
1949
234
616
568
71
154
562
31
20
19
240
22
911
1135
125
1144
200
225
23
1672
118
359
1314
559
289
1949
234
616
568
71
154
562
31
20
19
240
22
911
1135
125
1144
200
225
23
1672
118
359
1314
559
289
1949
234
616
568
71
154
562
31
20
19
240
22
911
1135
125
1144
200
225
23
1672
118
359
1314
559
289
1949
234
616
568
71
154
562
31
20
19
240
22
911
1135
125
1144
200
225
23
1672
118
359
1314
559
289
1949
234
616
568
71
154
562
31
20
19
240
22
911
1135
125
1144
200
225
23
1672
118
359
1314
559
289
1949
234
616
568
71
154
562
31
20
19
240
22
911
1135
125
1144
200
225
23
1672
118
359
1314
559
289
1949
234
616
568
71
154
562
31
20
19
240
22
911
1135
125
1144
200
225
23
1672
118
359
1314
559
289
1949
234
616
568
71
154
562
31
20
19
240
22
911
1135
125
1144
200
225
23
1672
118
359
1314
559
289
1949
234
616
568
71
154
562
31
20
19
240
22
911
1135
125
1144
200
225
23
1672
118
359
1314
559
289
1949
234
616
568
71
154
562
31
20
19
240
22
911
1135
125
1144
200
225
23
1672
118
359
1314
559
289
1949
234
616
568
71
154
562
31
20
19
240
22
911
1135
125
1144
200
225
23
1672
118
359
1314
559
289
1949
234
616
568
71
154
562
31
20
19
240
22
911
1135
125
1144
200
225
23
1672
118
359
1314
559
289
1949
234
616
568
71
154
562
31
20
19
240
22
911
1135
125
1144
200
225
23
1672
118
359
1314
559
289
1949
234
616
568
71
154
562
31
20
19
240
22
911
1135
125
1144
200
225
23
1672
118
359
1314
559
289
1949
234
616
568
71
154
562
31
20
19
240
22
911
1135
125
1144
200
225
23
1672
118
359
1314
559
289
1949
234
616
568
71
154
562
31
20
19
240
22
911
1135
125
1144
200
225
23
1672
118
359
1314
559
289
1949
234
616
568
71
154
562
31
20
19
240
22
911
1135
125
1144
200
225
23
1672
118
359
1314
559
289
1949
234
616
568
71
154
562
31
20
19
240
22
911
1135
125
1144
200
225
23
1672
118
359
1314
559
289
1949
234
616
568
71
154
562
31
20
19
240
22
911
1135
125
1144
200
225
23
1672
118
359
1314
559
289
1949
234
616
568
71
154
562
31
20
19
240
22
911
1135
125
1144
200
225
23
1672
118
359
1314
559
289
1949
234
616
568
71
154
562
31
20
19
240
22
911
1135
125
1144
200
225
23
1672
118
359
1314
559
289
1949
234
616
568
71
154
562
31
20
19
240
22
911
1135
125
1144
200
225
23
1672
118
359
1314
559
289
1949
234
616
568
71
154
562
31
20
19
240
22
911
1135
125
1144
200
225
23
1672
118
359
1314
559
289
1949
234
616
568
71
154
562
31
20
19
240
22
911
1135
125
1144
200
225
23
1672
118
359
1314
559
289
1949
234
616
568
71
154
562
31
20
19
240
22
911
1135
125
1144
200
225
23
1672
118
359
1314
559
289
1949
234
616
568
71
154
562
31
20
19
240
22
911
1135
125
1144
200
225
23
1672
118
359
1314
559
289
1949
234
616
568
71
154
562
31
20
19
240
22
911
1135
125
1144
200
225
23
1672
118
359
1314
559
289
1949
234
616
568
71
154
562
31
20
19
240
22
911
1135
125
1144
200
225
23
1672
118
359
1314
559
289
1949
234
616
568
71
154
562
31
20
19
240
22
911
1135
125
1144
200
225
23
1672
118
359
1314
559
289
1949
234
616
568
71
154
562
31
20
19
240
22
911
1135
125
1144
200
225
23
1672
118
359
1314
559
289
1949
234
616
568
71
154
562
31
20
19
240
22
911
1135
125
1144
200
225
23
1672
118
359
1314
559
289
1949
234
616
568
71
154
562
31
20
19
240
22
911
1135
125
1144
200
225
23
1672
118
359
1314
559
289
1949
234
616
568
71
154
562
31
20
19
240
22
911
1135
125
1144
200
225
23
1672
118
359
1314
559
289
1949
234
616
568
71
154
562
31
20
19
240
22
911
1135
125
1144
200
225
23
1672
118
359
1314
559
289
1949
234
616
568
71
154
562
31
20
19
240
22
911
1135
125
1144
200
225
23
1672
118
359
1314
559
289
1949
234
616
568
71
154
562
31
20
19
240
22
911
1135
125
1144
200
225
23
1672
118
359
1314
559
289
1949
234
616
568
71
154
562
31
20
19
240
22
911
1135
125
1144
200
225
23
1672
118
359
1314
559
289
1949
234
616
568
71
154
562
31
20
19
240
22
911
1135
125
1144
200
225
23
1672
118
359
1314
559
289
1949
234
616
568
71
154
562
31
20
19
240
22
911
1135
125
1144
200
225
23
1672
118
359
1314
559
289
1949
234
616
568
71
154
562
31
20
19
240
22
911
1135
125
1144
200
225
23
1672
118
359
1314
559
289