19
269
40
616
1107
125
568
173
157
1135
31
37
2172
53
1949
291
51
36
911
234
197
382
663
598
562
19
269
40
616
1107
125
568
173
157
1135
31
37
2172
53
1949
291
51
36
911
234
197
382
663
598
562
19
269
40
616
1107
125
568
173
157
1135
31
37
2172
53
1949
291
51
36
911
234
197
382
663
598
562
19
269
40
616
1107
125
568
173
157
1135
31
37
2172
53
1949
291
51
36
911
234
197
382
663
598
562
19
269
40
616
1107
125
568
173
157
1135
31
37
2172
53
1949
291
51
36
911
234
197
382
663
598
562
19
269
40
616
1107
125
568
173
157
1135
31
37
2172
53
1949
291
51
36
911
234
197
382
663
598
562
19
269
40
616
1107
125
568
173
157
1135
31
37
2172
53
1949
291
51
36
911
234
197
382
663
598
562
19
269
40
616
1107
125
568
173
157
1135
31
37
2172
53
1949
291
51
36
911
234
197
382
663
598
562
19
269
40
616
1107
125
568
173
157
1135
31
37
2172
53
1949
291
51
36
911
234
197
382
663
598
562
19
269
40
616
1107
125
568
173
157
1135
31
37
2172
53
1949
291
51
36
911
234
197
382
663
598
562
19
269
40
616
1107
125
568
173
157
1135
31
37
2172
53
1949
291
51
36
911
234
197
382
663
598
562
19
269
40
616
1107
125
568
173
157
1135
31
37
2172
53
1949
291
51
36
911
234
197
382
663
598
562
19
269
40
616
1107
125
568
173
157
1135
31
37
2172
53
1949
291
51
36
911
234
197
382
663
598
562
19
269
40
616
1107
125
568
173
157
1135
31
37
2172
53
1949
291
51
36
911
234
197
382
663
598
562
19
269
40
616
1107
125
568
173
157
1135
31
37
2172
53
1949
291
51
36
911
234
197
382
663
598
562
19
269
40
616
1107
125
568
173
157
1135
31
37
2172
53
1949
291
51
36
911
234
197
382
663
598
562
19
269
40
616
1107
125
568
173
157
1135
31
37
2172
53
1949
291
51
36
911
234
197
382
663
598
562
19
269
40
616
1107
125
568
173
157
1135
31
37
2172
53
1949
291
51
36
911
234
197
382
663
598
562
19
269
40
616
1107
125
568
173
157
1135
31
37
2172
53
1949
291
51
36
911
234
197
382
663
598
562
19
269
40
616
1107
125
568
173
157
1135
31
37
2172
53
1949
291
51
36
911
234
197
382
663
598
562
19
269
40
616
1107
125
568
173
157
1135
31
37
2172
53
1949
291
51
36
911
234
197
382
663
598
562
19
269
40
616
1107
125
568
173
157
1135
31
37
2172
53
1949
291
51
36
911
234
197
382
663
598
562
19
269
40
616
1107
125
568
173
157
1135
31
37
2172
53
1949
291
51
36
911
234
197
382
663
598
562
19
269
40
616
1107
125
568
173
157
1135
31
37
2172
53
1949
291
51
36
911
234
197
382
663
598
562
19
269
40
616
1107
125
568
173
157
1135
31
37
2172
53
1949
291
51
36
911
234
197
382
663
598
562
19
269
40
616
1107
125
568
173
157
1135
31
37
2172
53
1949
291
51
36
911
234
197
382
663
598
562
19
269
40
616
1107
125
568
173
157
1135
31
37
2172
53
1949
291
51
36
911
234
197
382
663
598
562
19
269
40
616
1107
125
568
173
157
1135
31
37
2172
53
1949
291
51
36
911
234
197
382
663
598
562
19
269
40
616
1107
125
568
173
157
1135
31
37
2172
53
1949
291
51
36
911
234
197
382
663
598
562
19
269
40
616
1107
125
568
173
157
1135
31
37
2172
53
1949
291
51
36
911
234
197
382
663
598
562
19
269
40
616
1107
125
568
173
157
1135
31
37
2172
53
1949
291
51
36
911
234
197
382
663
598
562
19
269
40
616
1107
125
568
173
157
1135
31
37
2172
53
1949
291
51
36
911
234
197
382
663
598
562
19
269
40
616
1107
125
568
173
157
1135
31
37
2172
53
1949
291
51
36
911
234
197
382
663
598
562
19
269
40
616
1107
125
568
173
157
1135
31
37
2172
53
1949
291
51
36
911
234
197
382
663
598
562
19
269
40
616
1107
125
568
173
157
1135
31
37
2172
53
1949
291
51
36
911
234
197
382
663
598
562
19
269
40
616
1107
125
568
173
157
1135
31
37
2172
53
1949
291
51
36
911
234
197
382
663
598
562
19
269
40
616
1107
125
568
173
157
1135
31
37
2172
53
1949
291
51
36
911
234
197
382
663
598
562
19
269
40
616
1107
125
568
173
157
1135
31
37
2172
53
1949
291
51
36
911
234
197
382
663
598
562
19
269
40
616
1107
125
568
173
157
1135
31
37
2172
53
1949
291
51
36
911
234
197
382
663
598
562
19
269
40
616
1107
125
568
173
157
1135
31
37
2172
53
1949
291
51
36
911
234
197
382
663
598
562
19
269
40
616
1107
125
568
173
157
1135
31
37
2172
53
1949
291
51
36
911
234
197
382
663
598
562
19
269
40
616
1107
125
568
173
157
1135
31
37
2172
53
1949
291
51
36
911
234
197
382
663
598
562
19
269
40
616
1107
125
568
173
157
1135
31
37
2172
53
1949
291
51
36
911
234
197
382
663
598
562
19
269
40
616
1107
125
568
173
157
1135
31
37
2172
53
1949
291
51
36
911
234
197
382
663
598
562
19
269
40
616
1107
125
568
173
157
1135
31
37
2172
53
1949
291
51
36
911
234
197
382
663
598
562
19
269
40
616
1107
125
568
173
157
1135
31
37
2172
53
1949
291
51
36
911
234
197
382
663
598
562
19
269
40
616
1107
125
568
173
157
1135
31
37
2172
53
1949
291
51
36
911
234
197
382
663
598
562
19
269
40
616
1107
125
568
173
157
1135
31
37
2172
53
1949
291
51
36
911
234
197
382
663
598
562
19
269
40
616
1107
125
568
173
157
1135
31
37
2172
53
1949
291
51
36
911
234
197
382
663
598
562
19
269
40
616
1107
125
568
173
157
1135
31
37
2172
53
1949
291
51
36
911
234
197
382
663
598
562