154
22
31
64
758
60
291
18
173
197
19
23
562
359
663
233
939
382
234
588
911
118
53
299
616
154
22
31
64
758
60
291
18
173
197
19
23
562
359
663
233
939
382
234
588
911
118
53
299
616
154
22
31
64
758
60
291
18
173
197
19
23
562
359
663
233
939
382
234
588
911
118
53
299
616
154
22
31
64
758
60
291
18
173
197
19
23
562
359
663
233
939
382
234
588
911
118
53
299
616
154
22
31
64
758
60
291
18
173
197
19
23
562
359
663
233
939
382
234
588
911
118
53
299
616
154
22
31
64
758
60
291
18
173
197
19
23
562
359
663
233
939
382
234
588
911
118
53
299
616
154
22
31
64
758
60
291
18
173
197
19
23
562
359
663
233
939
382
234
588
911
118
53
299
616
154
22
31
64
758
60
291
18
173
197
19
23
562
359
663
233
939
382
234
588
911
118
53
299
616
154
22
31
64
758
60
291
18
173
197
19
23
562
359
663
233
939
382
234
588
911
118
53
299
616
154
22
31
64
758
60
291
18
173
197
19
23
562
359
663
233
939
382
234
588
911
118
53
299
616
154
22
31
64
758
60
291
18
173
197
19
23
562
359
663
233
939
382
234
588
911
118
53
299
616
154
22
31
64
758
60
291
18
173
197
19
23
562
359
663
233
939
382
234
588
911
118
53
299
616
154
22
31
64
758
60
291
18
173
197
19
23
562
359
663
233
939
382
234
588
911
118
53
299
616
154
22
31
64
758
60
291
18
173
197
19
23
562
359
663
233
939
382
234
588
911
118
53
299
616
154
22
31
64
758
60
291
18
173
197
19
23
562
359
663
233
939
382
234
588
911
118
53
299
616
154
22
31
64
758
60
291
18
173
197
19
23
562
359
663
233
939
382
234
588
911
118
53
299
616
154
22
31
64
758
60
291
18
173
197
19
23
562
359
663
233
939
382
234
588
911
118
53
299
616
154
22
31
64
758
60
291
18
173
197
19
23
562
359
663
233
939
382
234
588
911
118
53
299
616
154
22
31
64
758
60
291
18
173
197
19
23
562
359
663
233
939
382
234
588
911
118
53
299
616
154
22
31
64
758
60
291
18
173
197
19
23
562
359
663
233
939
382
234
588
911
118
53
299
616
154
22
31
64
758
60
291
18
173
197
19
23
562
359
663
233
939
382
234
588
911
118
53
299
616
154
22
31
64
758
60
291
18
173
197
19
23
562
359
663
233
939
382
234
588
911
118
53
299
616
154
22
31
64
758
60
291
18
173
197
19
23
562
359
663
233
939
382
234
588
911
118
53
299
616
154
22
31
64
758
60
291
18
173
197
19
23
562
359
663
233
939
382
234
588
911
118
53
299
616
154
22
31
64
758
60
291
18
173
197
19
23
562
359
663
233
939
382
234
588
911
118
53
299
616
154
22
31
64
758
60
291
18
173
197
19
23
562
359
663
233
939
382
234
588
911
118
53
299
616
154
22
31
64
758
60
291
18
173
197
19
23
562
359
663
233
939
382
234
588
911
118
53
299
616
154
22
31
64
758
60
291
18
173
197
19
23
562
359
663
233
939
382
234
588
911
118
53
299
616
154
22
31
64
758
60
291
18
173
197
19
23
562
359
663
233
939
382
234
588
911
118
53
299
616
154
22
31
64
758
60
291
18
173
197
19
23
562
359
663
233
939
382
234
588
911
118
53
299
616
154
22
31
64
758
60
291
18
173
197
19
23
562
359
663
233
939
382
234
588
911
118
53
299
616
154
22
31
64
758
60
291
18
173
197
19
23
562
359
663
233
939
382
234
588
911
118
53
299
616
154
22
31
64
758
60
291
18
173
197
19
23
562
359
663
233
939
382
234
588
911
118
53
299
616
154
22
31
64
758
60
291
18
173
197
19
23
562
359
663
233
939
382
234
588
911
118
53
299
616
154
22
31
64
758
60
291
18
173
197
19
23
562
359
663
233
939
382
234
588
911
118
53
299
616
154
22
31
64
758
60
291
18
173
197
19
23
562
359
663
233
939
382
234
588
911
118
53
299
616
154
22
31
64
758
60
291
18
173
197
19
23
562
359
663
233
939
382
234
588
911
118
53
299
616
154
22
31
64
758
60
291
18
173
197
19
23
562
359
663
233
939
382
234
588
911
118
53
299
616
154
22
31
64
758
60
291
18
173
197
19
23
562
359
663
233
939
382
234
588
911
118
53
299
616
154
22
31
64
758
60
291
18
173
197
19
23
562
359
663
233
939
382
234
588
911
118
53
299
616
154
22
31
64
758
60
291
18
173
197
19
23
562
359
663
233
939
382
234
588
911
118
53
299
616
154
22
31
64
758
60
291
18
173
197
19
23
562
359
663
233
939
382
234
588
911
118
53
299
616
154
22
31
64
758
60
291
18
173
197
19
23
562
359
663
233
939
382
234
588
911
118
53
299
616
154
22
31
64
758
60
291
18
173
197
19
23
562
359
663
233
939
382
234
588
911
118
53
299
616
154
22
31
64
758
60
291
18
173
197
19
23
562
359
663
233
939
382
234
588
911
118
53
299
616
154
22
31
64
758
60
291
18
173
197
19
23
562
359
663
233
939
382
234
588
911
118
53
299
616
154
22
31
64
758
60
291
18
173
197
19
23
562
359
663
233
939
382
234
588
911
118
53
299
616
154
22
31
64
758
60
291
18
173
197
19
23
562
359
663
233
939
382
234
588
911
118
53
299
616
154
22
31
64
758
60
291
18
173
197
19
23
562
359
663
233
939
382
234
588
911
118
53
299
616
154
22
31
64
758
60
291
18
173
197
19
23
562
359
663
233
939
382
234
588
911
118
53
299
616