1314
1949
1672
299
939
561
289
1107
20
31
598
587
562
173
53
616
23
758
125
1144
19
157
51
37
154
1314
1949
1672
299
939
561
289
1107
20
31
598
587
562
173
53
616
23
758
125
1144
19
157
51
37
154
1314
1949
1672
299
939
561
289
1107
20
31
598
587
562
173
53
616
23
758
125
1144
19
157
51
37
154
1314
1949
1672
299
939
561
289
1107
20
31
598
587
562
173
53
616
23
758
125
1144
19
157
51
37
154
1314
1949
1672
299
939
561
289
1107
20
31
598
587
562
173
53
616
23
758
125
1144
19
157
51
37
154
1314
1949
1672
299
939
561
289
1107
20
31
598
587
562
173
53
616
23
758
125
1144
19
157
51
37
154
1314
1949
1672
299
939
561
289
1107
20
31
598
587
562
173
53
616
23
758
125
1144
19
157
51
37
154
1314
1949
1672
299
939
561
289
1107
20
31
598
587
562
173
53
616
23
758
125
1144
19
157
51
37
154
1314
1949
1672
299
939
561
289
1107
20
31
598
587
562
173
53
616
23
758
125
1144
19
157
51
37
154
1314
1949
1672
299
939
561
289
1107
20
31
598
587
562
173
53
616
23
758
125
1144
19
157
51
37
154
1314
1949
1672
299
939
561
289
1107
20
31
598
587
562
173
53
616
23
758
125
1144
19
157
51
37
154
1314
1949
1672
299
939
561
289
1107
20
31
598
587
562
173
53
616
23
758
125
1144
19
157
51
37
154
1314
1949
1672
299
939
561
289
1107
20
31
598
587
562
173
53
616
23
758
125
1144
19
157
51
37
154
1314
1949
1672
299
939
561
289
1107
20
31
598
587
562
173
53
616
23
758
125
1144
19
157
51
37
154
1314
1949
1672
299
939
561
289
1107
20
31
598
587
562
173
53
616
23
758
125
1144
19
157
51
37
154
1314
1949
1672
299
939
561
289
1107
20
31
598
587
562
173
53
616
23
758
125
1144
19
157
51
37
154
1314
1949
1672
299
939
561
289
1107
20
31
598
587
562
173
53
616
23
758
125
1144
19
157
51
37
154
1314
1949
1672
299
939
561
289
1107
20
31
598
587
562
173
53
616
23
758
125
1144
19
157
51
37
154
1314
1949
1672
299
939
561
289
1107
20
31
598
587
562
173
53
616
23
758
125
1144
19
157
51
37
154
1314
1949
1672
299
939
561
289
1107
20
31
598
587
562
173
53
616
23
758
125
1144
19
157
51
37
154
1314
1949
1672
299
939
561
289
1107
20
31
598
587
562
173
53
616
23
758
125
1144
19
157
51
37
154
1314
1949
1672
299
939
561
289
1107
20
31
598
587
562
173
53
616
23
758
125
1144
19
157
51
37
154
1314
1949
1672
299
939
561
289
1107
20
31
598
587
562
173
53
616
23
758
125
1144
19
157
51
37
154
1314
1949
1672
299
939
561
289
1107
20
31
598
587
562
173
53
616
23
758
125
1144
19
157
51
37
154
1314
1949
1672
299
939
561
289
1107
20
31
598
587
562
173
53
616
23
758
125
1144
19
157
51
37
154
1314
1949
1672
299
939
561
289
1107
20
31
598
587
562
173
53
616
23
758
125
1144
19
157
51
37
154
1314
1949
1672
299
939
561
289
1107
20
31
598
587
562
173
53
616
23
758
125
1144
19
157
51
37
154
1314
1949
1672
299
939
561
289
1107
20
31
598
587
562
173
53
616
23
758
125
1144
19
157
51
37
154
1314
1949
1672
299
939
561
289
1107
20
31
598
587
562
173
53
616
23
758
125
1144
19
157
51
37
154
1314
1949
1672
299
939
561
289
1107
20
31
598
587
562
173
53
616
23
758
125
1144
19
157
51
37
154
1314
1949
1672
299
939
561
289
1107
20
31
598
587
562
173
53
616
23
758
125
1144
19
157
51
37
154
1314
1949
1672
299
939
561
289
1107
20
31
598
587
562
173
53
616
23
758
125
1144
19
157
51
37
154
1314
1949
1672
299
939
561
289
1107
20
31
598
587
562
173
53
616
23
758
125
1144
19
157
51
37
154
1314
1949
1672
299
939
561
289
1107
20
31
598
587
562
173
53
616
23
758
125
1144
19
157
51
37
154
1314
1949
1672
299
939
561
289
1107
20
31
598
587
562
173
53
616
23
758
125
1144
19
157
51
37
154
1314
1949
1672
299
939
561
289
1107
20
31
598
587
562
173
53
616
23
758
125
1144
19
157
51
37
154
1314
1949
1672
299
939
561
289
1107
20
31
598
587
562
173
53
616
23
758
125
1144
19
157
51
37
154
1314
1949
1672
299
939
561
289
1107
20
31
598
587
562
173
53
616
23
758
125
1144
19
157
51
37
154
1314
1949
1672
299
939
561
289
1107
20
31
598
587
562
173
53
616
23
758
125
1144
19
157
51
37
154
1314
1949
1672
299
939
561
289
1107
20
31
598
587
562
173
53
616
23
758
125
1144
19
157
51
37
154
1314
1949
1672
299
939
561
289
1107
20
31
598
587
562
173
53
616
23
758
125
1144
19
157
51
37
154
1314
1949
1672
299
939
561
289
1107
20
31
598
587
562
173
53
616
23
758
125
1144
19
157
51
37
154
1314
1949
1672
299
939
561
289
1107
20
31
598
587
562
173
53
616
23
758
125
1144
19
157
51
37
154
1314
1949
1672
299
939
561
289
1107
20
31
598
587
562
173
53
616
23
758
125
1144
19
157
51
37
154
1314
1949
1672
299
939
561
289
1107
20
31
598
587
562
173
53
616
23
758
125
1144
19
157
51
37
154
1314
1949
1672
299
939
561
289
1107
20
31
598
587
562
173
53
616
23
758
125
1144
19
157
51
37
154
1314
1949
1672
299
939
561
289
1107
20
31
598
587
562
173
53
616
23
758
125
1144
19
157
51
37
154
1314
1949
1672
299
939
561
289
1107
20
31
598
587
562
173
53
616
23
758
125
1144
19
157
51
37
154
1314
1949
1672
299
939
561
289
1107
20
31
598
587
562
173
53
616
23
758
125
1144
19
157
51
37
154
1314
1949
1672
299
939
561
289
1107
20
31
598
587
562
173
53
616
23
758
125
1144
19
157
51
37
154