173
561
598
240
616
1949
289
125
1672
23
588
19
234
37
60
233
2172
75
562
51
359
663
758
911
587
173
561
598
240
616
1949
289
125
1672
23
588
19
234
37
60
233
2172
75
562
51
359
663
758
911
587
173
561
598
240
616
1949
289
125
1672
23
588
19
234
37
60
233
2172
75
562
51
359
663
758
911
587
173
561
598
240
616
1949
289
125
1672
23
588
19
234
37
60
233
2172
75
562
51
359
663
758
911
587
173
561
598
240
616
1949
289
125
1672
23
588
19
234
37
60
233
2172
75
562
51
359
663
758
911
587
173
561
598
240
616
1949
289
125
1672
23
588
19
234
37
60
233
2172
75
562
51
359
663
758
911
587
173
561
598
240
616
1949
289
125
1672
23
588
19
234
37
60
233
2172
75
562
51
359
663
758
911
587
173
561
598
240
616
1949
289
125
1672
23
588
19
234
37
60
233
2172
75
562
51
359
663
758
911
587
173
561
598
240
616
1949
289
125
1672
23
588
19
234
37
60
233
2172
75
562
51
359
663
758
911
587
173
561
598
240
616
1949
289
125
1672
23
588
19
234
37
60
233
2172
75
562
51
359
663
758
911
587
173
561
598
240
616
1949
289
125
1672
23
588
19
234
37
60
233
2172
75
562
51
359
663
758
911
587
173
561
598
240
616
1949
289
125
1672
23
588
19
234
37
60
233
2172
75
562
51
359
663
758
911
587
173
561
598
240
616
1949
289
125
1672
23
588
19
234
37
60
233
2172
75
562
51
359
663
758
911
587
173
561
598
240
616
1949
289
125
1672
23
588
19
234
37
60
233
2172
75
562
51
359
663
758
911
587
173
561
598
240
616
1949
289
125
1672
23
588
19
234
37
60
233
2172
75
562
51
359
663
758
911
587
173
561
598
240
616
1949
289
125
1672
23
588
19
234
37
60
233
2172
75
562
51
359
663
758
911
587
173
561
598
240
616
1949
289
125
1672
23
588
19
234
37
60
233
2172
75
562
51
359
663
758
911
587
173
561
598
240
616
1949
289
125
1672
23
588
19
234
37
60
233
2172
75
562
51
359
663
758
911
587
173
561
598
240
616
1949
289
125
1672
23
588
19
234
37
60
233
2172
75
562
51
359
663
758
911
587
173
561
598
240
616
1949
289
125
1672
23
588
19
234
37
60
233
2172
75
562
51
359
663
758
911
587
173
561
598
240
616
1949
289
125
1672
23
588
19
234
37
60
233
2172
75
562
51
359
663
758
911
587
173
561
598
240
616
1949
289
125
1672
23
588
19
234
37
60
233
2172
75
562
51
359
663
758
911
587
173
561
598
240
616
1949
289
125
1672
23
588
19
234
37
60
233
2172
75
562
51
359
663
758
911
587
173
561
598
240
616
1949
289
125
1672
23
588
19
234
37
60
233
2172
75
562
51
359
663
758
911
587
173
561
598
240
616
1949
289
125
1672
23
588
19
234
37
60
233
2172
75
562
51
359
663
758
911
587
173
561
598
240
616
1949
289
125
1672
23
588
19
234
37
60
233
2172
75
562
51
359
663
758
911
587
173
561
598
240
616
1949
289
125
1672
23
588
19
234
37
60
233
2172
75
562
51
359
663
758
911
587
173
561
598
240
616
1949
289
125
1672
23
588
19
234
37
60
233
2172
75
562
51
359
663
758
911
587
173
561
598
240
616
1949
289
125
1672
23
588
19
234
37
60
233
2172
75
562
51
359
663
758
911
587
173
561
598
240
616
1949
289
125
1672
23
588
19
234
37
60
233
2172
75
562
51
359
663
758
911
587
173
561
598
240
616
1949
289
125
1672
23
588
19
234
37
60
233
2172
75
562
51
359
663
758
911
587
173
561
598
240
616
1949
289
125
1672
23
588
19
234
37
60
233
2172
75
562
51
359
663
758
911
587
173
561
598
240
616
1949
289
125
1672
23
588
19
234
37
60
233
2172
75
562
51
359
663
758
911
587
173
561
598
240
616
1949
289
125
1672
23
588
19
234
37
60
233
2172
75
562
51
359
663
758
911
587
173
561
598
240
616
1949
289
125
1672
23
588
19
234
37
60
233
2172
75
562
51
359
663
758
911
587
173
561
598
240
616
1949
289
125
1672
23
588
19
234
37
60
233
2172
75
562
51
359
663
758
911
587
173
561
598
240
616
1949
289
125
1672
23
588
19
234
37
60
233
2172
75
562
51
359
663
758
911
587
173
561
598
240
616
1949
289
125
1672
23
588
19
234
37
60
233
2172
75
562
51
359
663
758
911
587
173
561
598
240
616
1949
289
125
1672
23
588
19
234
37
60
233
2172
75
562
51
359
663
758
911
587
173
561
598
240
616
1949
289
125
1672
23
588
19
234
37
60
233
2172
75
562
51
359
663
758
911
587
173
561
598
240
616
1949
289
125
1672
23
588
19
234
37
60
233
2172
75
562
51
359
663
758
911
587
173
561
598
240
616
1949
289
125
1672
23
588
19
234
37
60
233
2172
75
562
51
359
663
758
911
587
173
561
598
240
616
1949
289
125
1672
23
588
19
234
37
60
233
2172
75
562
51
359
663
758
911
587
173
561
598
240
616
1949
289
125
1672
23
588
19
234
37
60
233
2172
75
562
51
359
663
758
911
587
173
561
598
240
616
1949
289
125
1672
23
588
19
234
37
60
233
2172
75
562
51
359
663
758
911
587
173
561
598
240
616
1949
289
125
1672
23
588
19
234
37
60
233
2172
75
562
51
359
663
758
911
587
173
561
598
240
616
1949
289
125
1672
23
588
19
234
37
60
233
2172
75
562
51
359
663
758
911
587
173
561
598
240
616
1949
289
125
1672
23
588
19
234
37
60
233
2172
75
562
51
359
663
758
911
587
173
561
598
240
616
1949
289
125
1672
23
588
19
234
37
60
233
2172
75
562
51
359
663
758
911
587
173
561
598
240
616
1949
289
125
1672
23
588
19
234
37
60
233
2172
75
562
51
359
663
758
911
587