200
64
22
568
53
561
291
20
51
2172
939
559
1144
285
1135
75
60
18
269
157
911
587
289
588
562
200
64
22
568
53
561
291
20
51
2172
939
559
1144
285
1135
75
60
18
269
157
911
587
289
588
562
200
64
22
568
53
561
291
20
51
2172
939
559
1144
285
1135
75
60
18
269
157
911
587
289
588
562
200
64
22
568
53
561
291
20
51
2172
939
559
1144
285
1135
75
60
18
269
157
911
587
289
588
562
200
64
22
568
53
561
291
20
51
2172
939
559
1144
285
1135
75
60
18
269
157
911
587
289
588
562
200
64
22
568
53
561
291
20
51
2172
939
559
1144
285
1135
75
60
18
269
157
911
587
289
588
562
200
64
22
568
53
561
291
20
51
2172
939
559
1144
285
1135
75
60
18
269
157
911
587
289
588
562
200
64
22
568
53
561
291
20
51
2172
939
559
1144
285
1135
75
60
18
269
157
911
587
289
588
562
200
64
22
568
53
561
291
20
51
2172
939
559
1144
285
1135
75
60
18
269
157
911
587
289
588
562
200
64
22
568
53
561
291
20
51
2172
939
559
1144
285
1135
75
60
18
269
157
911
587
289
588
562
200
64
22
568
53
561
291
20
51
2172
939
559
1144
285
1135
75
60
18
269
157
911
587
289
588
562
200
64
22
568
53
561
291
20
51
2172
939
559
1144
285
1135
75
60
18
269
157
911
587
289
588
562
200
64
22
568
53
561
291
20
51
2172
939
559
1144
285
1135
75
60
18
269
157
911
587
289
588
562
200
64
22
568
53
561
291
20
51
2172
939
559
1144
285
1135
75
60
18
269
157
911
587
289
588
562
200
64
22
568
53
561
291
20
51
2172
939
559
1144
285
1135
75
60
18
269
157
911
587
289
588
562
200
64
22
568
53
561
291
20
51
2172
939
559
1144
285
1135
75
60
18
269
157
911
587
289
588
562
200
64
22
568
53
561
291
20
51
2172
939
559
1144
285
1135
75
60
18
269
157
911
587
289
588
562
200
64
22
568
53
561
291
20
51
2172
939
559
1144
285
1135
75
60
18
269
157
911
587
289
588
562
200
64
22
568
53
561
291
20
51
2172
939
559
1144
285
1135
75
60
18
269
157
911
587
289
588
562
200
64
22
568
53
561
291
20
51
2172
939
559
1144
285
1135
75
60
18
269
157
911
587
289
588
562
200
64
22
568
53
561
291
20
51
2172
939
559
1144
285
1135
75
60
18
269
157
911
587
289
588
562
200
64
22
568
53
561
291
20
51
2172
939
559
1144
285
1135
75
60
18
269
157
911
587
289
588
562
200
64
22
568
53
561
291
20
51
2172
939
559
1144
285
1135
75
60
18
269
157
911
587
289
588
562
200
64
22
568
53
561
291
20
51
2172
939
559
1144
285
1135
75
60
18
269
157
911
587
289
588
562
200
64
22
568
53
561
291
20
51
2172
939
559
1144
285
1135
75
60
18
269
157
911
587
289
588
562
200
64
22
568
53
561
291
20
51
2172
939
559
1144
285
1135
75
60
18
269
157
911
587
289
588
562
200
64
22
568
53
561
291
20
51
2172
939
559
1144
285
1135
75
60
18
269
157
911
587
289
588
562
200
64
22
568
53
561
291
20
51
2172
939
559
1144
285
1135
75
60
18
269
157
911
587
289
588
562
200
64
22
568
53
561
291
20
51
2172
939
559
1144
285
1135
75
60
18
269
157
911
587
289
588
562
200
64
22
568
53
561
291
20
51
2172
939
559
1144
285
1135
75
60
18
269
157
911
587
289
588
562
200
64
22
568
53
561
291
20
51
2172
939
559
1144
285
1135
75
60
18
269
157
911
587
289
588
562
200
64
22
568
53
561
291
20
51
2172
939
559
1144
285
1135
75
60
18
269
157
911
587
289
588
562
200
64
22
568
53
561
291
20
51
2172
939
559
1144
285
1135
75
60
18
269
157
911
587
289
588
562
200
64
22
568
53
561
291
20
51
2172
939
559
1144
285
1135
75
60
18
269
157
911
587
289
588
562
200
64
22
568
53
561
291
20
51
2172
939
559
1144
285
1135
75
60
18
269
157
911
587
289
588
562
200
64
22
568
53
561
291
20
51
2172
939
559
1144
285
1135
75
60
18
269
157
911
587
289
588
562
200
64
22
568
53
561
291
20
51
2172
939
559
1144
285
1135
75
60
18
269
157
911
587
289
588
562
200
64
22
568
53
561
291
20
51
2172
939
559
1144
285
1135
75
60
18
269
157
911
587
289
588
562
200
64
22
568
53
561
291
20
51
2172
939
559
1144
285
1135
75
60
18
269
157
911
587
289
588
562
200
64
22
568
53
561
291
20
51
2172
939
559
1144
285
1135
75
60
18
269
157
911
587
289
588
562
200
64
22
568
53
561
291
20
51
2172
939
559
1144
285
1135
75
60
18
269
157
911
587
289
588
562
200
64
22
568
53
561
291
20
51
2172
939
559
1144
285
1135
75
60
18
269
157
911
587
289
588
562
200
64
22
568
53
561
291
20
51
2172
939
559
1144
285
1135
75
60
18
269
157
911
587
289
588
562
200
64
22
568
53
561
291
20
51
2172
939
559
1144
285
1135
75
60
18
269
157
911
587
289
588
562
200
64
22
568
53
561
291
20
51
2172
939
559
1144
285
1135
75
60
18
269
157
911
587
289
588
562
200
64
22
568
53
561
291
20
51
2172
939
559
1144
285
1135
75
60
18
269
157
911
587
289
588
562
200
64
22
568
53
561
291
20
51
2172
939
559
1144
285
1135
75
60
18
269
157
911
587
289
588
562
200
64
22
568
53
561
291
20
51
2172
939
559
1144
285
1135
75
60
18
269
157
911
587
289
588
562
200
64
22
568
53
561
291
20
51
2172
939
559
1144
285
1135
75
60
18
269
157
911
587
289
588
562
200
64
22
568
53
561
291
20
51
2172
939
559
1144
285
1135
75
60
18
269
157
911
587
289
588
562