71
75
568
64
51
911
60
40
240
53
36
31
561
154
19
157
1144
23
559
663
758
1109
20
1108
587
71
75
568
64
51
911
60
40
240
53
36
31
561
154
19
157
1144
23
559
663
758
1109
20
1108
587
71
75
568
64
51
911
60
40
240
53
36
31
561
154
19
157
1144
23
559
663
758
1109
20
1108
587
71
75
568
64
51
911
60
40
240
53
36
31
561
154
19
157
1144
23
559
663
758
1109
20
1108
587
71
75
568
64
51
911
60
40
240
53
36
31
561
154
19
157
1144
23
559
663
758
1109
20
1108
587
71
75
568
64
51
911
60
40
240
53
36
31
561
154
19
157
1144
23
559
663
758
1109
20
1108
587
71
75
568
64
51
911
60
40
240
53
36
31
561
154
19
157
1144
23
559
663
758
1109
20
1108
587
71
75
568
64
51
911
60
40
240
53
36
31
561
154
19
157
1144
23
559
663
758
1109
20
1108
587
71
75
568
64
51
911
60
40
240
53
36
31
561
154
19
157
1144
23
559
663
758
1109
20
1108
587
71
75
568
64
51
911
60
40
240
53
36
31
561
154
19
157
1144
23
559
663
758
1109
20
1108
587
71
75
568
64
51
911
60
40
240
53
36
31
561
154
19
157
1144
23
559
663
758
1109
20
1108
587
71
75
568
64
51
911
60
40
240
53
36
31
561
154
19
157
1144
23
559
663
758
1109
20
1108
587
71
75
568
64
51
911
60
40
240
53
36
31
561
154
19
157
1144
23
559
663
758
1109
20
1108
587
71
75
568
64
51
911
60
40
240
53
36
31
561
154
19
157
1144
23
559
663
758
1109
20
1108
587
71
75
568
64
51
911
60
40
240
53
36
31
561
154
19
157
1144
23
559
663
758
1109
20
1108
587
71
75
568
64
51
911
60
40
240
53
36
31
561
154
19
157
1144
23
559
663
758
1109
20
1108
587
71
75
568
64
51
911
60
40
240
53
36
31
561
154
19
157
1144
23
559
663
758
1109
20
1108
587
71
75
568
64
51
911
60
40
240
53
36
31
561
154
19
157
1144
23
559
663
758
1109
20
1108
587
71
75
568
64
51
911
60
40
240
53
36
31
561
154
19
157
1144
23
559
663
758
1109
20
1108
587
71
75
568
64
51
911
60
40
240
53
36
31
561
154
19
157
1144
23
559
663
758
1109
20
1108
587
71
75
568
64
51
911
60
40
240
53
36
31
561
154
19
157
1144
23
559
663
758
1109
20
1108
587
71
75
568
64
51
911
60
40
240
53
36
31
561
154
19
157
1144
23
559
663
758
1109
20
1108
587
71
75
568
64
51
911
60
40
240
53
36
31
561
154
19
157
1144
23
559
663
758
1109
20
1108
587
71
75
568
64
51
911
60
40
240
53
36
31
561
154
19
157
1144
23
559
663
758
1109
20
1108
587
71
75
568
64
51
911
60
40
240
53
36
31
561
154
19
157
1144
23
559
663
758
1109
20
1108
587
71
75
568
64
51
911
60
40
240
53
36
31
561
154
19
157
1144
23
559
663
758
1109
20
1108
587
71
75
568
64
51
911
60
40
240
53
36
31
561
154
19
157
1144
23
559
663
758
1109
20
1108
587
71
75
568
64
51
911
60
40
240
53
36
31
561
154
19
157
1144
23
559
663
758
1109
20
1108
587
71
75
568
64
51
911
60
40
240
53
36
31
561
154
19
157
1144
23
559
663
758
1109
20
1108
587
71
75
568
64
51
911
60
40
240
53
36
31
561
154
19
157
1144
23
559
663
758
1109
20
1108
587
71
75
568
64
51
911
60
40
240
53
36
31
561
154
19
157
1144
23
559
663
758
1109
20
1108
587
71
75
568
64
51
911
60
40
240
53
36
31
561
154
19
157
1144
23
559
663
758
1109
20
1108
587
71
75
568
64
51
911
60
40
240
53
36
31
561
154
19
157
1144
23
559
663
758
1109
20
1108
587
71
75
568
64
51
911
60
40
240
53
36
31
561
154
19
157
1144
23
559
663
758
1109
20
1108
587
71
75
568
64
51
911
60
40
240
53
36
31
561
154
19
157
1144
23
559
663
758
1109
20
1108
587
71
75
568
64
51
911
60
40
240
53
36
31
561
154
19
157
1144
23
559
663
758
1109
20
1108
587
71
75
568
64
51
911
60
40
240
53
36
31
561
154
19
157
1144
23
559
663
758
1109
20
1108
587
71
75
568
64
51
911
60
40
240
53
36
31
561
154
19
157
1144
23
559
663
758
1109
20
1108
587
71
75
568
64
51
911
60
40
240
53
36
31
561
154
19
157
1144
23
559
663
758
1109
20
1108
587
71
75
568
64
51
911
60
40
240
53
36
31
561
154
19
157
1144
23
559
663
758
1109
20
1108
587
71
75
568
64
51
911
60
40
240
53
36
31
561
154
19
157
1144
23
559
663
758
1109
20
1108
587
71
75
568
64
51
911
60
40
240
53
36
31
561
154
19
157
1144
23
559
663
758
1109
20
1108
587
71
75
568
64
51
911
60
40
240
53
36
31
561
154
19
157
1144
23
559
663
758
1109
20
1108
587
71
75
568
64
51
911
60
40
240
53
36
31
561
154
19
157
1144
23
559
663
758
1109
20
1108
587
71
75
568
64
51
911
60
40
240
53
36
31
561
154
19
157
1144
23
559
663
758
1109
20
1108
587
71
75
568
64
51
911
60
40
240
53
36
31
561
154
19
157
1144
23
559
663
758
1109
20
1108
587
71
75
568
64
51
911
60
40
240
53
36
31
561
154
19
157
1144
23
559
663
758
1109
20
1108
587
71
75
568
64
51
911
60
40
240
53
36
31
561
154
19
157
1144
23
559
663
758
1109
20
1108
587
71
75
568
64
51
911
60
40
240
53
36
31
561
154
19
157
1144
23
559
663
758
1109
20
1108
587
71
75
568
64
51
911
60
40
240
53
36
31
561
154
19
157
1144
23
559
663
758
1109
20
1108
587