33
43
21
77
80
33
43
21
77
80
33
43
21
77
80
33
43
21
77
80
33
43
21
77
80
33
43
21
77
80
33
43
21
77
80
33
43
21
77
80
33
43
21
77
80
33
43
21
77
80
33
43
21
77
80
33
43
21
77
80
33
43
21
77
80
33
43
21
77
80
33
43
21
77
80
33
43
21
77
80
33
43
21
77
80
33
43
21
77
80
33
43
21
77
80
33
43
21
77
80
33
43
21
77
80
33
43
21
77
80
33
43
21
77
80
33
43
21
77
80
33
43
21
77
80
33
43
21
77
80
33
43
21
77
80
33
43
21
77
80
33
43
21
77
80
33
43
21
77
80
33
43
21
77
80
33
43
21
77
80
33
43
21
77
80
33
43
21
77
80
33
43
21
77
80
33
43
21
77
80
33
43
21
77
80
33
43
21
77
80
33
43
21
77
80
33
43
21
77
80
33
43
21
77
80
33
43
21
77
80
33
43
21
77
80
33
43
21
77
80
33
43
21
77
80
33
43
21
77
80
33
43
21
77
80
33
43
21
77
80
33
43
21
77
80
33
43
21
77
80