43
21
107
1
77
43
21
107
1
77
43
21
107
1
77
43
21
107
1
77
43
21
107
1
77
43
21
107
1
77
43
21
107
1
77
43
21
107
1
77
43
21
107
1
77
43
21
107
1
77
43
21
107
1
77
43
21
107
1
77
43
21
107
1
77
43
21
107
1
77
43
21
107
1
77
43
21
107
1
77
43
21
107
1
77
43
21
107
1
77
43
21
107
1
77
43
21
107
1
77
43
21
107
1
77
43
21
107
1
77
43
21
107
1
77
43
21
107
1
77
43
21
107
1
77
43
21
107
1
77
43
21
107
1
77
43
21
107
1
77
43
21
107
1
77
43
21
107
1
77
43
21
107
1
77
43
21
107
1
77
43
21
107
1
77
43
21
107
1
77
43
21
107
1
77
43
21
107
1
77
43
21
107
1
77
43
21
107
1
77
43
21
107
1
77
43
21
107
1
77
43
21
107
1
77
43
21
107
1
77
43
21
107
1
77
43
21
107
1
77
43
21
107
1
77
43
21
107
1
77
43
21
107
1
77
43
21
107
1
77
43
21
107
1
77
43
21
107
1
77