33
107
1
77
80
33
107
1
77
80
33
107
1
77
80
33
107
1
77
80
33
107
1
77
80
33
107
1
77
80
33
107
1
77
80
33
107
1
77
80
33
107
1
77
80
33
107
1
77
80
33
107
1
77
80
33
107
1
77
80
33
107
1
77
80
33
107
1
77
80
33
107
1
77
80
33
107
1
77
80
33
107
1
77
80
33
107
1
77
80
33
107
1
77
80
33
107
1
77
80
33
107
1
77
80
33
107
1
77
80
33
107
1
77
80
33
107
1
77
80
33
107
1
77
80
33
107
1
77
80
33
107
1
77
80
33
107
1
77
80
33
107
1
77
80
33
107
1
77
80
33
107
1
77
80
33
107
1
77
80
33
107
1
77
80
33
107
1
77
80
33
107
1
77
80
33
107
1
77
80
33
107
1
77
80
33
107
1
77
80
33
107
1
77
80
33
107
1
77
80
33
107
1
77
80
33
107
1
77
80
33
107
1
77
80
33
107
1
77
80
33
107
1
77
80
33
107
1
77
80
33
107
1
77
80
33
107
1
77
80
33
107
1
77
80
33
107
1
77
80