33
43
107
1
77
33
43
107
1
77
33
43
107
1
77
33
43
107
1
77
33
43
107
1
77
33
43
107
1
77
33
43
107
1
77
33
43
107
1
77
33
43
107
1
77
33
43
107
1
77
33
43
107
1
77
33
43
107
1
77
33
43
107
1
77
33
43
107
1
77
33
43
107
1
77
33
43
107
1
77
33
43
107
1
77
33
43
107
1
77
33
43
107
1
77
33
43
107
1
77
33
43
107
1
77
33
43
107
1
77
33
43
107
1
77
33
43
107
1
77
33
43
107
1
77
33
43
107
1
77
33
43
107
1
77
33
43
107
1
77
33
43
107
1
77
33
43
107
1
77
33
43
107
1
77
33
43
107
1
77
33
43
107
1
77
33
43
107
1
77
33
43
107
1
77
33
43
107
1
77
33
43
107
1
77
33
43
107
1
77
33
43
107
1
77
33
43
107
1
77
33
43
107
1
77
33
43
107
1
77
33
43
107
1
77
33
43
107
1
77
33
43
107
1
77
33
43
107
1
77
33
43
107
1
77
33
43
107
1
77
33
43
107
1
77
33
43
107
1
77