33
43
107
77
80
33
43
107
77
80
33
43
107
77
80
33
43
107
77
80
33
43
107
77
80
33
43
107
77
80
33
43
107
77
80
33
43
107
77
80
33
43
107
77
80
33
43
107
77
80
33
43
107
77
80
33
43
107
77
80
33
43
107
77
80
33
43
107
77
80
33
43
107
77
80
33
43
107
77
80
33
43
107
77
80
33
43
107
77
80
33
43
107
77
80
33
43
107
77
80
33
43
107
77
80
33
43
107
77
80
33
43
107
77
80
33
43
107
77
80
33
43
107
77
80
33
43
107
77
80
33
43
107
77
80
33
43
107
77
80
33
43
107
77
80
33
43
107
77
80
33
43
107
77
80
33
43
107
77
80
33
43
107
77
80
33
43
107
77
80
33
43
107
77
80
33
43
107
77
80
33
43
107
77
80
33
43
107
77
80
33
43
107
77
80
33
43
107
77
80
33
43
107
77
80
33
43
107
77
80
33
43
107
77
80
33
43
107
77
80
33
43
107
77
80
33
43
107
77
80
33
43
107
77
80
33
43
107
77
80
33
43
107
77
80
33
43
107
77
80