43
21
107
77
80
43
21
107
77
80
43
21
107
77
80
43
21
107
77
80
43
21
107
77
80
43
21
107
77
80
43
21
107
77
80
43
21
107
77
80
43
21
107
77
80
43
21
107
77
80
43
21
107
77
80
43
21
107
77
80
43
21
107
77
80
43
21
107
77
80
43
21
107
77
80
43
21
107
77
80
43
21
107
77
80
43
21
107
77
80
43
21
107
77
80
43
21
107
77
80
43
21
107
77
80
43
21
107
77
80
43
21
107
77
80
43
21
107
77
80
43
21
107
77
80
43
21
107
77
80
43
21
107
77
80
43
21
107
77
80
43
21
107
77
80
43
21
107
77
80
43
21
107
77
80
43
21
107
77
80
43
21
107
77
80
43
21
107
77
80
43
21
107
77
80
43
21
107
77
80
43
21
107
77
80
43
21
107
77
80
43
21
107
77
80
43
21
107
77
80
43
21
107
77
80
43
21
107
77
80
43
21
107
77
80
43
21
107
77
80
43
21
107
77
80
43
21
107
77
80
43
21
107
77
80
43
21
107
77
80
43
21
107
77
80
43
21
107
77
80