33
21
107
1
80
33
21
107
1
80
33
21
107
1
80
33
21
107
1
80
33
21
107
1
80
33
21
107
1
80
33
21
107
1
80
33
21
107
1
80
33
21
107
1
80
33
21
107
1
80
33
21
107
1
80
33
21
107
1
80
33
21
107
1
80
33
21
107
1
80
33
21
107
1
80
33
21
107
1
80
33
21
107
1
80
33
21
107
1
80
33
21
107
1
80
33
21
107
1
80
33
21
107
1
80
33
21
107
1
80
33
21
107
1
80
33
21
107
1
80
33
21
107
1
80
33
21
107
1
80
33
21
107
1
80
33
21
107
1
80
33
21
107
1
80
33
21
107
1
80
33
21
107
1
80
33
21
107
1
80
33
21
107
1
80
33
21
107
1
80
33
21
107
1
80
33
21
107
1
80
33
21
107
1
80
33
21
107
1
80
33
21
107
1
80
33
21
107
1
80
33
21
107
1
80
33
21
107
1
80
33
21
107
1
80
33
21
107
1
80
33
21
107
1
80
33
21
107
1
80
33
21
107
1
80
33
21
107
1
80
33
21
107
1
80
33
21
107
1
80