1
107
21
33
43
1
107
21
33
43
1
107
21
33
43
1
107
21
33
43
1
107
21
33
43
1
107
21
33
43
1
107
21
33
43
1
107
21
33
43
1
107
21
33
43
1
107
21
33
43
1
107
21
33
43
1
107
21
33
43
1
107
21
33
43
1
107
21
33
43
1
107
21
33
43
1
107
21
33
43
1
107
21
33
43
1
107
21
33
43
1
107
21
33
43
1
107
21
33
43
1
107
21
33
43
1
107
21
33
43
1
107
21
33
43
1
107
21
33
43
1
107
21
33
43
1
107
21
33
43
1
107
21
33
43
1
107
21
33
43
1
107
21
33
43
1
107
21
33
43
1
107
21
33
43
1
107
21
33
43
1
107
21
33
43
1
107
21
33
43
1
107
21
33
43
1
107
21
33
43
1
107
21
33
43
1
107
21
33
43
1
107
21
33
43
1
107
21
33
43
1
107
21
33
43
1
107
21
33
43
1
107
21
33
43
1
107
21
33
43
1
107
21
33
43
1
107
21
33
43
1
107
21
33
43
1
107
21
33
43
1
107
21
33
43
1
107
21
33
43