11
59
213
40
1
131
2
5
6
93
11
59
213
40
1
131
2
5
6
93
11
59
213
40
1
131
2
5
6
93
11
59
213
40
1
131
2
5
6
93
11
59
213
40
1
131
2
5
6
93
11
59
213
40
1
131
2
5
6
93
11
59
213
40
1
131
2
5
6
93
11
59
213
40
1
131
2
5
6
93
11
59
213
40
1
131
2
5
6
93
11
59
213
40
1
131
2
5
6
93
11
59
213
40
1
131
2
5
6
93
11
59
213
40
1
131
2
5
6
93
11
59
213
40
1
131
2
5
6
93
11
59
213
40
1
131
2
5
6
93
11
59
213
40
1
131
2
5
6
93
11
59
213
40
1
131
2
5
6
93
11
59
213
40
1
131
2
5
6
93
11
59
213
40
1
131
2
5
6
93
11
59
213
40
1
131
2
5
6
93
11
59
213
40
1
131
2
5
6
93
11
59
213
40
1
131
2
5
6
93
11
59
213
40
1
131
2
5
6
93
11
59
213
40
1
131
2
5
6
93
11
59
213
40
1
131
2
5
6
93
11
59
213
40
1
131
2
5
6
93
11
59
213
40
1
131
2
5
6
93
11
59
213
40
1
131
2
5
6
93
11
59
213
40
1
131
2
5
6
93
11
59
213
40
1
131
2
5
6
93
11
59
213
40
1
131
2
5
6
93
11
59
213
40
1
131
2
5
6
93
11
59
213
40
1
131
2
5
6
93
11
59
213
40
1
131
2
5
6
93
11
59
213
40
1
131
2
5
6
93
11
59
213
40
1
131
2
5
6
93
11
59
213
40
1
131
2
5
6
93
11
59
213
40
1
131
2
5
6
93
11
59
213
40
1
131
2
5
6
93
11
59
213
40
1
131
2
5
6
93
11
59
213
40
1
131
2
5
6
93
11
59
213
40
1
131
2
5
6
93
11
59
213
40
1
131
2
5
6
93
11
59
213
40
1
131
2
5
6
93
11
59
213
40
1
131
2
5
6
93
11
59
213
40
1
131
2
5
6
93
11
59
213
40
1
131
2
5
6
93
11
59
213
40
1
131
2
5
6
93
11
59
213
40
1
131
2
5
6
93
11
59
213
40
1
131
2
5
6
93
11
59
213
40
1
131
2
5
6
93