6
159
11
80
5
93
2
59
286
40
6
159
11
80
5
93
2
59
286
40
6
159
11
80
5
93
2
59
286
40
6
159
11
80
5
93
2
59
286
40
6
159
11
80
5
93
2
59
286
40
6
159
11
80
5
93
2
59
286
40
6
159
11
80
5
93
2
59
286
40
6
159
11
80
5
93
2
59
286
40
6
159
11
80
5
93
2
59
286
40
6
159
11
80
5
93
2
59
286
40
6
159
11
80
5
93
2
59
286
40
6
159
11
80
5
93
2
59
286
40
6
159
11
80
5
93
2
59
286
40
6
159
11
80
5
93
2
59
286
40
6
159
11
80
5
93
2
59
286
40
6
159
11
80
5
93
2
59
286
40
6
159
11
80
5
93
2
59
286
40
6
159
11
80
5
93
2
59
286
40
6
159
11
80
5
93
2
59
286
40
6
159
11
80
5
93
2
59
286
40
6
159
11
80
5
93
2
59
286
40
6
159
11
80
5
93
2
59
286
40
6
159
11
80
5
93
2
59
286
40
6
159
11
80
5
93
2
59
286
40
6
159
11
80
5
93
2
59
286
40
6
159
11
80
5
93
2
59
286
40
6
159
11
80
5
93
2
59
286
40
6
159
11
80
5
93
2
59
286
40
6
159
11
80
5
93
2
59
286
40
6
159
11
80
5
93
2
59
286
40
6
159
11
80
5
93
2
59
286
40
6
159
11
80
5
93
2
59
286
40
6
159
11
80
5
93
2
59
286
40
6
159
11
80
5
93
2
59
286
40
6
159
11
80
5
93
2
59
286
40
6
159
11
80
5
93
2
59
286
40
6
159
11
80
5
93
2
59
286
40
6
159
11
80
5
93
2
59
286
40
6
159
11
80
5
93
2
59
286
40
6
159
11
80
5
93
2
59
286
40
6
159
11
80
5
93
2
59
286
40
6
159
11
80
5
93
2
59
286
40
6
159
11
80
5
93
2
59
286
40
6
159
11
80
5
93
2
59
286
40
6
159
11
80
5
93
2
59
286
40
6
159
11
80
5
93
2
59
286
40
6
159
11
80
5
93
2
59
286
40
6
159
11
80
5
93
2
59
286
40
6
159
11
80
5
93
2
59
286
40
6
159
11
80
5
93
2
59
286
40