2
40
215
93
105
286
7
6
58
1
2
40
215
93
105
286
7
6
58
1
2
40
215
93
105
286
7
6
58
1
2
40
215
93
105
286
7
6
58
1
2
40
215
93
105
286
7
6
58
1
2
40
215
93
105
286
7
6
58
1
2
40
215
93
105
286
7
6
58
1
2
40
215
93
105
286
7
6
58
1
2
40
215
93
105
286
7
6
58
1
2
40
215
93
105
286
7
6
58
1
2
40
215
93
105
286
7
6
58
1
2
40
215
93
105
286
7
6
58
1
2
40
215
93
105
286
7
6
58
1
2
40
215
93
105
286
7
6
58
1
2
40
215
93
105
286
7
6
58
1
2
40
215
93
105
286
7
6
58
1
2
40
215
93
105
286
7
6
58
1
2
40
215
93
105
286
7
6
58
1
2
40
215
93
105
286
7
6
58
1
2
40
215
93
105
286
7
6
58
1
2
40
215
93
105
286
7
6
58
1
2
40
215
93
105
286
7
6
58
1
2
40
215
93
105
286
7
6
58
1
2
40
215
93
105
286
7
6
58
1
2
40
215
93
105
286
7
6
58
1
2
40
215
93
105
286
7
6
58
1
2
40
215
93
105
286
7
6
58
1
2
40
215
93
105
286
7
6
58
1
2
40
215
93
105
286
7
6
58
1
2
40
215
93
105
286
7
6
58
1
2
40
215
93
105
286
7
6
58
1
2
40
215
93
105
286
7
6
58
1
2
40
215
93
105
286
7
6
58
1
2
40
215
93
105
286
7
6
58
1
2
40
215
93
105
286
7
6
58
1
2
40
215
93
105
286
7
6
58
1
2
40
215
93
105
286
7
6
58
1
2
40
215
93
105
286
7
6
58
1
2
40
215
93
105
286
7
6
58
1
2
40
215
93
105
286
7
6
58
1
2
40
215
93
105
286
7
6
58
1
2
40
215
93
105
286
7
6
58
1
2
40
215
93
105
286
7
6
58
1
2
40
215
93
105
286
7
6
58
1
2
40
215
93
105
286
7
6
58
1
2
40
215
93
105
286
7
6
58
1
2
40
215
93
105
286
7
6
58
1
2
40
215
93
105
286
7
6
58
1
2
40
215
93
105
286
7
6
58
1
2
40
215
93
105
286
7
6
58
1