59
58
6
80
1
286
5
213
159
7
59
58
6
80
1
286
5
213
159
7
59
58
6
80
1
286
5
213
159
7
59
58
6
80
1
286
5
213
159
7
59
58
6
80
1
286
5
213
159
7
59
58
6
80
1
286
5
213
159
7
59
58
6
80
1
286
5
213
159
7
59
58
6
80
1
286
5
213
159
7
59
58
6
80
1
286
5
213
159
7
59
58
6
80
1
286
5
213
159
7
59
58
6
80
1
286
5
213
159
7
59
58
6
80
1
286
5
213
159
7
59
58
6
80
1
286
5
213
159
7
59
58
6
80
1
286
5
213
159
7
59
58
6
80
1
286
5
213
159
7
59
58
6
80
1
286
5
213
159
7
59
58
6
80
1
286
5
213
159
7
59
58
6
80
1
286
5
213
159
7
59
58
6
80
1
286
5
213
159
7
59
58
6
80
1
286
5
213
159
7
59
58
6
80
1
286
5
213
159
7
59
58
6
80
1
286
5
213
159
7
59
58
6
80
1
286
5
213
159
7
59
58
6
80
1
286
5
213
159
7
59
58
6
80
1
286
5
213
159
7
59
58
6
80
1
286
5
213
159
7
59
58
6
80
1
286
5
213
159
7
59
58
6
80
1
286
5
213
159
7
59
58
6
80
1
286
5
213
159
7
59
58
6
80
1
286
5
213
159
7
59
58
6
80
1
286
5
213
159
7
59
58
6
80
1
286
5
213
159
7
59
58
6
80
1
286
5
213
159
7
59
58
6
80
1
286
5
213
159
7
59
58
6
80
1
286
5
213
159
7
59
58
6
80
1
286
5
213
159
7
59
58
6
80
1
286
5
213
159
7
59
58
6
80
1
286
5
213
159
7
59
58
6
80
1
286
5
213
159
7
59
58
6
80
1
286
5
213
159
7
59
58
6
80
1
286
5
213
159
7
59
58
6
80
1
286
5
213
159
7
59
58
6
80
1
286
5
213
159
7
59
58
6
80
1
286
5
213
159
7
59
58
6
80
1
286
5
213
159
7
59
58
6
80
1
286
5
213
159
7
59
58
6
80
1
286
5
213
159
7
59
58
6
80
1
286
5
213
159
7
59
58
6
80
1
286
5
213
159
7
59
58
6
80
1
286
5
213
159
7