286
58
80
7
1
59
2
11
215
6
286
58
80
7
1
59
2
11
215
6
286
58
80
7
1
59
2
11
215
6
286
58
80
7
1
59
2
11
215
6
286
58
80
7
1
59
2
11
215
6
286
58
80
7
1
59
2
11
215
6
286
58
80
7
1
59
2
11
215
6
286
58
80
7
1
59
2
11
215
6
286
58
80
7
1
59
2
11
215
6
286
58
80
7
1
59
2
11
215
6
286
58
80
7
1
59
2
11
215
6
286
58
80
7
1
59
2
11
215
6
286
58
80
7
1
59
2
11
215
6
286
58
80
7
1
59
2
11
215
6
286
58
80
7
1
59
2
11
215
6
286
58
80
7
1
59
2
11
215
6
286
58
80
7
1
59
2
11
215
6
286
58
80
7
1
59
2
11
215
6
286
58
80
7
1
59
2
11
215
6
286
58
80
7
1
59
2
11
215
6
286
58
80
7
1
59
2
11
215
6
286
58
80
7
1
59
2
11
215
6
286
58
80
7
1
59
2
11
215
6
286
58
80
7
1
59
2
11
215
6
286
58
80
7
1
59
2
11
215
6
286
58
80
7
1
59
2
11
215
6
286
58
80
7
1
59
2
11
215
6
286
58
80
7
1
59
2
11
215
6
286
58
80
7
1
59
2
11
215
6
286
58
80
7
1
59
2
11
215
6
286
58
80
7
1
59
2
11
215
6
286
58
80
7
1
59
2
11
215
6
286
58
80
7
1
59
2
11
215
6
286
58
80
7
1
59
2
11
215
6
286
58
80
7
1
59
2
11
215
6
286
58
80
7
1
59
2
11
215
6
286
58
80
7
1
59
2
11
215
6
286
58
80
7
1
59
2
11
215
6
286
58
80
7
1
59
2
11
215
6
286
58
80
7
1
59
2
11
215
6
286
58
80
7
1
59
2
11
215
6
286
58
80
7
1
59
2
11
215
6
286
58
80
7
1
59
2
11
215
6
286
58
80
7
1
59
2
11
215
6
286
58
80
7
1
59
2
11
215
6
286
58
80
7
1
59
2
11
215
6
286
58
80
7
1
59
2
11
215
6
286
58
80
7
1
59
2
11
215
6
286
58
80
7
1
59
2
11
215
6
286
58
80
7
1
59
2
11
215
6