105
93
11
6
59
1
213
286
5
7
105
93
11
6
59
1
213
286
5
7
105
93
11
6
59
1
213
286
5
7
105
93
11
6
59
1
213
286
5
7
105
93
11
6
59
1
213
286
5
7
105
93
11
6
59
1
213
286
5
7
105
93
11
6
59
1
213
286
5
7
105
93
11
6
59
1
213
286
5
7
105
93
11
6
59
1
213
286
5
7
105
93
11
6
59
1
213
286
5
7
105
93
11
6
59
1
213
286
5
7
105
93
11
6
59
1
213
286
5
7
105
93
11
6
59
1
213
286
5
7
105
93
11
6
59
1
213
286
5
7
105
93
11
6
59
1
213
286
5
7
105
93
11
6
59
1
213
286
5
7
105
93
11
6
59
1
213
286
5
7
105
93
11
6
59
1
213
286
5
7
105
93
11
6
59
1
213
286
5
7
105
93
11
6
59
1
213
286
5
7
105
93
11
6
59
1
213
286
5
7
105
93
11
6
59
1
213
286
5
7
105
93
11
6
59
1
213
286
5
7
105
93
11
6
59
1
213
286
5
7
105
93
11
6
59
1
213
286
5
7
105
93
11
6
59
1
213
286
5
7
105
93
11
6
59
1
213
286
5
7
105
93
11
6
59
1
213
286
5
7
105
93
11
6
59
1
213
286
5
7
105
93
11
6
59
1
213
286
5
7
105
93
11
6
59
1
213
286
5
7
105
93
11
6
59
1
213
286
5
7
105
93
11
6
59
1
213
286
5
7
105
93
11
6
59
1
213
286
5
7
105
93
11
6
59
1
213
286
5
7
105
93
11
6
59
1
213
286
5
7
105
93
11
6
59
1
213
286
5
7
105
93
11
6
59
1
213
286
5
7
105
93
11
6
59
1
213
286
5
7
105
93
11
6
59
1
213
286
5
7
105
93
11
6
59
1
213
286
5
7
105
93
11
6
59
1
213
286
5
7
105
93
11
6
59
1
213
286
5
7
105
93
11
6
59
1
213
286
5
7
105
93
11
6
59
1
213
286
5
7
105
93
11
6
59
1
213
286
5
7
105
93
11
6
59
1
213
286
5
7
105
93
11
6
59
1
213
286
5
7
105
93
11
6
59
1
213
286
5
7
105
93
11
6
59
1
213
286
5
7