159
1
286
8
6
5
40
7
93
59
159
1
286
8
6
5
40
7
93
59
159
1
286
8
6
5
40
7
93
59
159
1
286
8
6
5
40
7
93
59
159
1
286
8
6
5
40
7
93
59
159
1
286
8
6
5
40
7
93
59
159
1
286
8
6
5
40
7
93
59
159
1
286
8
6
5
40
7
93
59
159
1
286
8
6
5
40
7
93
59
159
1
286
8
6
5
40
7
93
59
159
1
286
8
6
5
40
7
93
59
159
1
286
8
6
5
40
7
93
59
159
1
286
8
6
5
40
7
93
59
159
1
286
8
6
5
40
7
93
59
159
1
286
8
6
5
40
7
93
59
159
1
286
8
6
5
40
7
93
59
159
1
286
8
6
5
40
7
93
59
159
1
286
8
6
5
40
7
93
59
159
1
286
8
6
5
40
7
93
59
159
1
286
8
6
5
40
7
93
59
159
1
286
8
6
5
40
7
93
59
159
1
286
8
6
5
40
7
93
59
159
1
286
8
6
5
40
7
93
59
159
1
286
8
6
5
40
7
93
59
159
1
286
8
6
5
40
7
93
59
159
1
286
8
6
5
40
7
93
59
159
1
286
8
6
5
40
7
93
59
159
1
286
8
6
5
40
7
93
59
159
1
286
8
6
5
40
7
93
59
159
1
286
8
6
5
40
7
93
59
159
1
286
8
6
5
40
7
93
59
159
1
286
8
6
5
40
7
93
59
159
1
286
8
6
5
40
7
93
59
159
1
286
8
6
5
40
7
93
59
159
1
286
8
6
5
40
7
93
59
159
1
286
8
6
5
40
7
93
59
159
1
286
8
6
5
40
7
93
59
159
1
286
8
6
5
40
7
93
59
159
1
286
8
6
5
40
7
93
59
159
1
286
8
6
5
40
7
93
59
159
1
286
8
6
5
40
7
93
59
159
1
286
8
6
5
40
7
93
59
159
1
286
8
6
5
40
7
93
59
159
1
286
8
6
5
40
7
93
59
159
1
286
8
6
5
40
7
93
59
159
1
286
8
6
5
40
7
93
59
159
1
286
8
6
5
40
7
93
59
159
1
286
8
6
5
40
7
93
59
159
1
286
8
6
5
40
7
93
59
159
1
286
8
6
5
40
7
93
59