58
40
7
1
215
59
286
2
159
105
58
40
7
1
215
59
286
2
159
105
58
40
7
1
215
59
286
2
159
105
58
40
7
1
215
59
286
2
159
105
58
40
7
1
215
59
286
2
159
105
58
40
7
1
215
59
286
2
159
105
58
40
7
1
215
59
286
2
159
105
58
40
7
1
215
59
286
2
159
105
58
40
7
1
215
59
286
2
159
105
58
40
7
1
215
59
286
2
159
105
58
40
7
1
215
59
286
2
159
105
58
40
7
1
215
59
286
2
159
105
58
40
7
1
215
59
286
2
159
105
58
40
7
1
215
59
286
2
159
105
58
40
7
1
215
59
286
2
159
105
58
40
7
1
215
59
286
2
159
105
58
40
7
1
215
59
286
2
159
105
58
40
7
1
215
59
286
2
159
105
58
40
7
1
215
59
286
2
159
105
58
40
7
1
215
59
286
2
159
105
58
40
7
1
215
59
286
2
159
105
58
40
7
1
215
59
286
2
159
105
58
40
7
1
215
59
286
2
159
105
58
40
7
1
215
59
286
2
159
105
58
40
7
1
215
59
286
2
159
105
58
40
7
1
215
59
286
2
159
105
58
40
7
1
215
59
286
2
159
105
58
40
7
1
215
59
286
2
159
105
58
40
7
1
215
59
286
2
159
105
58
40
7
1
215
59
286
2
159
105
58
40
7
1
215
59
286
2
159
105
58
40
7
1
215
59
286
2
159
105
58
40
7
1
215
59
286
2
159
105
58
40
7
1
215
59
286
2
159
105
58
40
7
1
215
59
286
2
159
105
58
40
7
1
215
59
286
2
159
105
58
40
7
1
215
59
286
2
159
105
58
40
7
1
215
59
286
2
159
105
58
40
7
1
215
59
286
2
159
105
58
40
7
1
215
59
286
2
159
105
58
40
7
1
215
59
286
2
159
105
58
40
7
1
215
59
286
2
159
105
58
40
7
1
215
59
286
2
159
105
58
40
7
1
215
59
286
2
159
105
58
40
7
1
215
59
286
2
159
105
58
40
7
1
215
59
286
2
159
105
58
40
7
1
215
59
286
2
159
105
58
40
7
1
215
59
286
2
159
105
58
40
7
1
215
59
286
2
159
105
58
40
7
1
215
59
286
2
159
105