7
58
11
8
286
5
40
80
159
215
7
58
11
8
286
5
40
80
159
215
7
58
11
8
286
5
40
80
159
215
7
58
11
8
286
5
40
80
159
215
7
58
11
8
286
5
40
80
159
215
7
58
11
8
286
5
40
80
159
215
7
58
11
8
286
5
40
80
159
215
7
58
11
8
286
5
40
80
159
215
7
58
11
8
286
5
40
80
159
215
7
58
11
8
286
5
40
80
159
215
7
58
11
8
286
5
40
80
159
215
7
58
11
8
286
5
40
80
159
215
7
58
11
8
286
5
40
80
159
215
7
58
11
8
286
5
40
80
159
215
7
58
11
8
286
5
40
80
159
215
7
58
11
8
286
5
40
80
159
215
7
58
11
8
286
5
40
80
159
215
7
58
11
8
286
5
40
80
159
215
7
58
11
8
286
5
40
80
159
215
7
58
11
8
286
5
40
80
159
215
7
58
11
8
286
5
40
80
159
215
7
58
11
8
286
5
40
80
159
215
7
58
11
8
286
5
40
80
159
215
7
58
11
8
286
5
40
80
159
215
7
58
11
8
286
5
40
80
159
215
7
58
11
8
286
5
40
80
159
215
7
58
11
8
286
5
40
80
159
215
7
58
11
8
286
5
40
80
159
215
7
58
11
8
286
5
40
80
159
215
7
58
11
8
286
5
40
80
159
215
7
58
11
8
286
5
40
80
159
215
7
58
11
8
286
5
40
80
159
215
7
58
11
8
286
5
40
80
159
215
7
58
11
8
286
5
40
80
159
215
7
58
11
8
286
5
40
80
159
215
7
58
11
8
286
5
40
80
159
215
7
58
11
8
286
5
40
80
159
215
7
58
11
8
286
5
40
80
159
215
7
58
11
8
286
5
40
80
159
215
7
58
11
8
286
5
40
80
159
215
7
58
11
8
286
5
40
80
159
215
7
58
11
8
286
5
40
80
159
215
7
58
11
8
286
5
40
80
159
215
7
58
11
8
286
5
40
80
159
215
7
58
11
8
286
5
40
80
159
215
7
58
11
8
286
5
40
80
159
215
7
58
11
8
286
5
40
80
159
215
7
58
11
8
286
5
40
80
159
215
7
58
11
8
286
5
40
80
159
215
7
58
11
8
286
5
40
80
159
215