93
2
5
8
40
215
6
58
105
80
93
2
5
8
40
215
6
58
105
80
93
2
5
8
40
215
6
58
105
80
93
2
5
8
40
215
6
58
105
80
93
2
5
8
40
215
6
58
105
80
93
2
5
8
40
215
6
58
105
80
93
2
5
8
40
215
6
58
105
80
93
2
5
8
40
215
6
58
105
80
93
2
5
8
40
215
6
58
105
80
93
2
5
8
40
215
6
58
105
80
93
2
5
8
40
215
6
58
105
80
93
2
5
8
40
215
6
58
105
80
93
2
5
8
40
215
6
58
105
80
93
2
5
8
40
215
6
58
105
80
93
2
5
8
40
215
6
58
105
80
93
2
5
8
40
215
6
58
105
80
93
2
5
8
40
215
6
58
105
80
93
2
5
8
40
215
6
58
105
80
93
2
5
8
40
215
6
58
105
80
93
2
5
8
40
215
6
58
105
80
93
2
5
8
40
215
6
58
105
80
93
2
5
8
40
215
6
58
105
80
93
2
5
8
40
215
6
58
105
80
93
2
5
8
40
215
6
58
105
80
93
2
5
8
40
215
6
58
105
80
93
2
5
8
40
215
6
58
105
80
93
2
5
8
40
215
6
58
105
80
93
2
5
8
40
215
6
58
105
80
93
2
5
8
40
215
6
58
105
80
93
2
5
8
40
215
6
58
105
80
93
2
5
8
40
215
6
58
105
80
93
2
5
8
40
215
6
58
105
80
93
2
5
8
40
215
6
58
105
80
93
2
5
8
40
215
6
58
105
80
93
2
5
8
40
215
6
58
105
80
93
2
5
8
40
215
6
58
105
80
93
2
5
8
40
215
6
58
105
80
93
2
5
8
40
215
6
58
105
80
93
2
5
8
40
215
6
58
105
80
93
2
5
8
40
215
6
58
105
80
93
2
5
8
40
215
6
58
105
80
93
2
5
8
40
215
6
58
105
80
93
2
5
8
40
215
6
58
105
80
93
2
5
8
40
215
6
58
105
80
93
2
5
8
40
215
6
58
105
80
93
2
5
8
40
215
6
58
105
80
93
2
5
8
40
215
6
58
105
80
93
2
5
8
40
215
6
58
105
80
93
2
5
8
40
215
6
58
105
80
93
2
5
8
40
215
6
58
105
80