40
11
8
5
6
159
1
213
7
105
40
11
8
5
6
159
1
213
7
105
40
11
8
5
6
159
1
213
7
105
40
11
8
5
6
159
1
213
7
105
40
11
8
5
6
159
1
213
7
105
40
11
8
5
6
159
1
213
7
105
40
11
8
5
6
159
1
213
7
105
40
11
8
5
6
159
1
213
7
105
40
11
8
5
6
159
1
213
7
105
40
11
8
5
6
159
1
213
7
105
40
11
8
5
6
159
1
213
7
105
40
11
8
5
6
159
1
213
7
105
40
11
8
5
6
159
1
213
7
105
40
11
8
5
6
159
1
213
7
105
40
11
8
5
6
159
1
213
7
105
40
11
8
5
6
159
1
213
7
105
40
11
8
5
6
159
1
213
7
105
40
11
8
5
6
159
1
213
7
105
40
11
8
5
6
159
1
213
7
105
40
11
8
5
6
159
1
213
7
105
40
11
8
5
6
159
1
213
7
105
40
11
8
5
6
159
1
213
7
105
40
11
8
5
6
159
1
213
7
105
40
11
8
5
6
159
1
213
7
105
40
11
8
5
6
159
1
213
7
105
40
11
8
5
6
159
1
213
7
105
40
11
8
5
6
159
1
213
7
105
40
11
8
5
6
159
1
213
7
105
40
11
8
5
6
159
1
213
7
105
40
11
8
5
6
159
1
213
7
105
40
11
8
5
6
159
1
213
7
105
40
11
8
5
6
159
1
213
7
105
40
11
8
5
6
159
1
213
7
105
40
11
8
5
6
159
1
213
7
105
40
11
8
5
6
159
1
213
7
105
40
11
8
5
6
159
1
213
7
105
40
11
8
5
6
159
1
213
7
105
40
11
8
5
6
159
1
213
7
105
40
11
8
5
6
159
1
213
7
105
40
11
8
5
6
159
1
213
7
105
40
11
8
5
6
159
1
213
7
105
40
11
8
5
6
159
1
213
7
105
40
11
8
5
6
159
1
213
7
105
40
11
8
5
6
159
1
213
7
105
40
11
8
5
6
159
1
213
7
105
40
11
8
5
6
159
1
213
7
105
40
11
8
5
6
159
1
213
7
105
40
11
8
5
6
159
1
213
7
105
40
11
8
5
6
159
1
213
7
105
40
11
8
5
6
159
1
213
7
105