58
6
5
159
80
7
215
40
93
105
58
6
5
159
80
7
215
40
93
105
58
6
5
159
80
7
215
40
93
105
58
6
5
159
80
7
215
40
93
105
58
6
5
159
80
7
215
40
93
105
58
6
5
159
80
7
215
40
93
105
58
6
5
159
80
7
215
40
93
105
58
6
5
159
80
7
215
40
93
105
58
6
5
159
80
7
215
40
93
105
58
6
5
159
80
7
215
40
93
105
58
6
5
159
80
7
215
40
93
105
58
6
5
159
80
7
215
40
93
105
58
6
5
159
80
7
215
40
93
105
58
6
5
159
80
7
215
40
93
105
58
6
5
159
80
7
215
40
93
105
58
6
5
159
80
7
215
40
93
105
58
6
5
159
80
7
215
40
93
105
58
6
5
159
80
7
215
40
93
105
58
6
5
159
80
7
215
40
93
105
58
6
5
159
80
7
215
40
93
105
58
6
5
159
80
7
215
40
93
105
58
6
5
159
80
7
215
40
93
105
58
6
5
159
80
7
215
40
93
105
58
6
5
159
80
7
215
40
93
105
58
6
5
159
80
7
215
40
93
105
58
6
5
159
80
7
215
40
93
105
58
6
5
159
80
7
215
40
93
105
58
6
5
159
80
7
215
40
93
105
58
6
5
159
80
7
215
40
93
105
58
6
5
159
80
7
215
40
93
105
58
6
5
159
80
7
215
40
93
105
58
6
5
159
80
7
215
40
93
105
58
6
5
159
80
7
215
40
93
105
58
6
5
159
80
7
215
40
93
105
58
6
5
159
80
7
215
40
93
105
58
6
5
159
80
7
215
40
93
105
58
6
5
159
80
7
215
40
93
105
58
6
5
159
80
7
215
40
93
105
58
6
5
159
80
7
215
40
93
105
58
6
5
159
80
7
215
40
93
105
58
6
5
159
80
7
215
40
93
105
58
6
5
159
80
7
215
40
93
105
58
6
5
159
80
7
215
40
93
105
58
6
5
159
80
7
215
40
93
105
58
6
5
159
80
7
215
40
93
105
58
6
5
159
80
7
215
40
93
105
58
6
5
159
80
7
215
40
93
105
58
6
5
159
80
7
215
40
93
105
58
6
5
159
80
7
215
40
93
105
58
6
5
159
80
7
215
40
93
105