215
286
159
8
11
2
1
105
58
5
215
286
159
8
11
2
1
105
58
5
215
286
159
8
11
2
1
105
58
5
215
286
159
8
11
2
1
105
58
5
215
286
159
8
11
2
1
105
58
5
215
286
159
8
11
2
1
105
58
5
215
286
159
8
11
2
1
105
58
5
215
286
159
8
11
2
1
105
58
5
215
286
159
8
11
2
1
105
58
5
215
286
159
8
11
2
1
105
58
5
215
286
159
8
11
2
1
105
58
5
215
286
159
8
11
2
1
105
58
5
215
286
159
8
11
2
1
105
58
5
215
286
159
8
11
2
1
105
58
5
215
286
159
8
11
2
1
105
58
5
215
286
159
8
11
2
1
105
58
5
215
286
159
8
11
2
1
105
58
5
215
286
159
8
11
2
1
105
58
5
215
286
159
8
11
2
1
105
58
5
215
286
159
8
11
2
1
105
58
5
215
286
159
8
11
2
1
105
58
5
215
286
159
8
11
2
1
105
58
5
215
286
159
8
11
2
1
105
58
5
215
286
159
8
11
2
1
105
58
5
215
286
159
8
11
2
1
105
58
5
215
286
159
8
11
2
1
105
58
5
215
286
159
8
11
2
1
105
58
5
215
286
159
8
11
2
1
105
58
5
215
286
159
8
11
2
1
105
58
5
215
286
159
8
11
2
1
105
58
5
215
286
159
8
11
2
1
105
58
5
215
286
159
8
11
2
1
105
58
5
215
286
159
8
11
2
1
105
58
5
215
286
159
8
11
2
1
105
58
5
215
286
159
8
11
2
1
105
58
5
215
286
159
8
11
2
1
105
58
5
215
286
159
8
11
2
1
105
58
5
215
286
159
8
11
2
1
105
58
5
215
286
159
8
11
2
1
105
58
5
215
286
159
8
11
2
1
105
58
5
215
286
159
8
11
2
1
105
58
5
215
286
159
8
11
2
1
105
58
5
215
286
159
8
11
2
1
105
58
5
215
286
159
8
11
2
1
105
58
5
215
286
159
8
11
2
1
105
58
5
215
286
159
8
11
2
1
105
58
5
215
286
159
8
11
2
1
105
58
5
215
286
159
8
11
2
1
105
58
5
215
286
159
8
11
2
1
105
58
5
215
286
159
8
11
2
1
105
58
5