105
93
159
286
80
40
59
5
6
11
105
93
159
286
80
40
59
5
6
11
105
93
159
286
80
40
59
5
6
11
105
93
159
286
80
40
59
5
6
11
105
93
159
286
80
40
59
5
6
11
105
93
159
286
80
40
59
5
6
11
105
93
159
286
80
40
59
5
6
11
105
93
159
286
80
40
59
5
6
11
105
93
159
286
80
40
59
5
6
11
105
93
159
286
80
40
59
5
6
11
105
93
159
286
80
40
59
5
6
11
105
93
159
286
80
40
59
5
6
11
105
93
159
286
80
40
59
5
6
11
105
93
159
286
80
40
59
5
6
11
105
93
159
286
80
40
59
5
6
11
105
93
159
286
80
40
59
5
6
11
105
93
159
286
80
40
59
5
6
11
105
93
159
286
80
40
59
5
6
11
105
93
159
286
80
40
59
5
6
11
105
93
159
286
80
40
59
5
6
11
105
93
159
286
80
40
59
5
6
11
105
93
159
286
80
40
59
5
6
11
105
93
159
286
80
40
59
5
6
11
105
93
159
286
80
40
59
5
6
11
105
93
159
286
80
40
59
5
6
11
105
93
159
286
80
40
59
5
6
11
105
93
159
286
80
40
59
5
6
11
105
93
159
286
80
40
59
5
6
11
105
93
159
286
80
40
59
5
6
11
105
93
159
286
80
40
59
5
6
11
105
93
159
286
80
40
59
5
6
11
105
93
159
286
80
40
59
5
6
11
105
93
159
286
80
40
59
5
6
11
105
93
159
286
80
40
59
5
6
11
105
93
159
286
80
40
59
5
6
11
105
93
159
286
80
40
59
5
6
11
105
93
159
286
80
40
59
5
6
11
105
93
159
286
80
40
59
5
6
11
105
93
159
286
80
40
59
5
6
11
105
93
159
286
80
40
59
5
6
11
105
93
159
286
80
40
59
5
6
11
105
93
159
286
80
40
59
5
6
11
105
93
159
286
80
40
59
5
6
11
105
93
159
286
80
40
59
5
6
11
105
93
159
286
80
40
59
5
6
11
105
93
159
286
80
40
59
5
6
11
105
93
159
286
80
40
59
5
6
11
105
93
159
286
80
40
59
5
6
11
105
93
159
286
80
40
59
5
6
11
105
93
159
286
80
40
59
5
6
11