1
11
215
8
80
93
213
6
5
40
1
11
215
8
80
93
213
6
5
40
1
11
215
8
80
93
213
6
5
40
1
11
215
8
80
93
213
6
5
40
1
11
215
8
80
93
213
6
5
40
1
11
215
8
80
93
213
6
5
40
1
11
215
8
80
93
213
6
5
40
1
11
215
8
80
93
213
6
5
40
1
11
215
8
80
93
213
6
5
40
1
11
215
8
80
93
213
6
5
40
1
11
215
8
80
93
213
6
5
40
1
11
215
8
80
93
213
6
5
40
1
11
215
8
80
93
213
6
5
40
1
11
215
8
80
93
213
6
5
40
1
11
215
8
80
93
213
6
5
40
1
11
215
8
80
93
213
6
5
40
1
11
215
8
80
93
213
6
5
40
1
11
215
8
80
93
213
6
5
40
1
11
215
8
80
93
213
6
5
40
1
11
215
8
80
93
213
6
5
40
1
11
215
8
80
93
213
6
5
40
1
11
215
8
80
93
213
6
5
40
1
11
215
8
80
93
213
6
5
40
1
11
215
8
80
93
213
6
5
40
1
11
215
8
80
93
213
6
5
40
1
11
215
8
80
93
213
6
5
40
1
11
215
8
80
93
213
6
5
40
1
11
215
8
80
93
213
6
5
40
1
11
215
8
80
93
213
6
5
40
1
11
215
8
80
93
213
6
5
40
1
11
215
8
80
93
213
6
5
40
1
11
215
8
80
93
213
6
5
40
1
11
215
8
80
93
213
6
5
40
1
11
215
8
80
93
213
6
5
40
1
11
215
8
80
93
213
6
5
40
1
11
215
8
80
93
213
6
5
40
1
11
215
8
80
93
213
6
5
40
1
11
215
8
80
93
213
6
5
40
1
11
215
8
80
93
213
6
5
40
1
11
215
8
80
93
213
6
5
40
1
11
215
8
80
93
213
6
5
40
1
11
215
8
80
93
213
6
5
40
1
11
215
8
80
93
213
6
5
40
1
11
215
8
80
93
213
6
5
40
1
11
215
8
80
93
213
6
5
40
1
11
215
8
80
93
213
6
5
40
1
11
215
8
80
93
213
6
5
40
1
11
215
8
80
93
213
6
5
40
1
11
215
8
80
93
213
6
5
40
1
11
215
8
80
93
213
6
5
40