7
2
159
1
8
93
11
286
213
59
7
2
159
1
8
93
11
286
213
59
7
2
159
1
8
93
11
286
213
59
7
2
159
1
8
93
11
286
213
59
7
2
159
1
8
93
11
286
213
59
7
2
159
1
8
93
11
286
213
59
7
2
159
1
8
93
11
286
213
59
7
2
159
1
8
93
11
286
213
59
7
2
159
1
8
93
11
286
213
59
7
2
159
1
8
93
11
286
213
59
7
2
159
1
8
93
11
286
213
59
7
2
159
1
8
93
11
286
213
59
7
2
159
1
8
93
11
286
213
59
7
2
159
1
8
93
11
286
213
59
7
2
159
1
8
93
11
286
213
59
7
2
159
1
8
93
11
286
213
59
7
2
159
1
8
93
11
286
213
59
7
2
159
1
8
93
11
286
213
59
7
2
159
1
8
93
11
286
213
59
7
2
159
1
8
93
11
286
213
59
7
2
159
1
8
93
11
286
213
59
7
2
159
1
8
93
11
286
213
59
7
2
159
1
8
93
11
286
213
59
7
2
159
1
8
93
11
286
213
59
7
2
159
1
8
93
11
286
213
59
7
2
159
1
8
93
11
286
213
59
7
2
159
1
8
93
11
286
213
59
7
2
159
1
8
93
11
286
213
59
7
2
159
1
8
93
11
286
213
59
7
2
159
1
8
93
11
286
213
59
7
2
159
1
8
93
11
286
213
59
7
2
159
1
8
93
11
286
213
59
7
2
159
1
8
93
11
286
213
59
7
2
159
1
8
93
11
286
213
59
7
2
159
1
8
93
11
286
213
59
7
2
159
1
8
93
11
286
213
59
7
2
159
1
8
93
11
286
213
59
7
2
159
1
8
93
11
286
213
59
7
2
159
1
8
93
11
286
213
59
7
2
159
1
8
93
11
286
213
59
7
2
159
1
8
93
11
286
213
59
7
2
159
1
8
93
11
286
213
59
7
2
159
1
8
93
11
286
213
59
7
2
159
1
8
93
11
286
213
59
7
2
159
1
8
93
11
286
213
59
7
2
159
1
8
93
11
286
213
59
7
2
159
1
8
93
11
286
213
59
7
2
159
1
8
93
11
286
213
59
7
2
159
1
8
93
11
286
213
59
7
2
159
1
8
93
11
286
213
59