11
93
5
80
40
58
6
2
7
105
11
93
5
80
40
58
6
2
7
105
11
93
5
80
40
58
6
2
7
105
11
93
5
80
40
58
6
2
7
105
11
93
5
80
40
58
6
2
7
105
11
93
5
80
40
58
6
2
7
105
11
93
5
80
40
58
6
2
7
105
11
93
5
80
40
58
6
2
7
105
11
93
5
80
40
58
6
2
7
105
11
93
5
80
40
58
6
2
7
105
11
93
5
80
40
58
6
2
7
105
11
93
5
80
40
58
6
2
7
105
11
93
5
80
40
58
6
2
7
105
11
93
5
80
40
58
6
2
7
105
11
93
5
80
40
58
6
2
7
105
11
93
5
80
40
58
6
2
7
105
11
93
5
80
40
58
6
2
7
105
11
93
5
80
40
58
6
2
7
105
11
93
5
80
40
58
6
2
7
105
11
93
5
80
40
58
6
2
7
105
11
93
5
80
40
58
6
2
7
105
11
93
5
80
40
58
6
2
7
105
11
93
5
80
40
58
6
2
7
105
11
93
5
80
40
58
6
2
7
105
11
93
5
80
40
58
6
2
7
105
11
93
5
80
40
58
6
2
7
105
11
93
5
80
40
58
6
2
7
105
11
93
5
80
40
58
6
2
7
105
11
93
5
80
40
58
6
2
7
105
11
93
5
80
40
58
6
2
7
105
11
93
5
80
40
58
6
2
7
105
11
93
5
80
40
58
6
2
7
105
11
93
5
80
40
58
6
2
7
105
11
93
5
80
40
58
6
2
7
105
11
93
5
80
40
58
6
2
7
105
11
93
5
80
40
58
6
2
7
105
11
93
5
80
40
58
6
2
7
105
11
93
5
80
40
58
6
2
7
105
11
93
5
80
40
58
6
2
7
105
11
93
5
80
40
58
6
2
7
105
11
93
5
80
40
58
6
2
7
105
11
93
5
80
40
58
6
2
7
105
11
93
5
80
40
58
6
2
7
105
11
93
5
80
40
58
6
2
7
105
11
93
5
80
40
58
6
2
7
105
11
93
5
80
40
58
6
2
7
105
11
93
5
80
40
58
6
2
7
105
11
93
5
80
40
58
6
2
7
105
11
93
5
80
40
58
6
2
7
105
11
93
5
80
40
58
6
2
7
105