59
286
2
7
40
213
8
159
105
80
59
286
2
7
40
213
8
159
105
80
59
286
2
7
40
213
8
159
105
80
59
286
2
7
40
213
8
159
105
80
59
286
2
7
40
213
8
159
105
80
59
286
2
7
40
213
8
159
105
80
59
286
2
7
40
213
8
159
105
80
59
286
2
7
40
213
8
159
105
80
59
286
2
7
40
213
8
159
105
80
59
286
2
7
40
213
8
159
105
80
59
286
2
7
40
213
8
159
105
80
59
286
2
7
40
213
8
159
105
80
59
286
2
7
40
213
8
159
105
80
59
286
2
7
40
213
8
159
105
80
59
286
2
7
40
213
8
159
105
80
59
286
2
7
40
213
8
159
105
80
59
286
2
7
40
213
8
159
105
80
59
286
2
7
40
213
8
159
105
80
59
286
2
7
40
213
8
159
105
80
59
286
2
7
40
213
8
159
105
80
59
286
2
7
40
213
8
159
105
80
59
286
2
7
40
213
8
159
105
80
59
286
2
7
40
213
8
159
105
80
59
286
2
7
40
213
8
159
105
80
59
286
2
7
40
213
8
159
105
80
59
286
2
7
40
213
8
159
105
80
59
286
2
7
40
213
8
159
105
80
59
286
2
7
40
213
8
159
105
80
59
286
2
7
40
213
8
159
105
80
59
286
2
7
40
213
8
159
105
80
59
286
2
7
40
213
8
159
105
80
59
286
2
7
40
213
8
159
105
80
59
286
2
7
40
213
8
159
105
80
59
286
2
7
40
213
8
159
105
80
59
286
2
7
40
213
8
159
105
80
59
286
2
7
40
213
8
159
105
80
59
286
2
7
40
213
8
159
105
80
59
286
2
7
40
213
8
159
105
80
59
286
2
7
40
213
8
159
105
80
59
286
2
7
40
213
8
159
105
80
59
286
2
7
40
213
8
159
105
80
59
286
2
7
40
213
8
159
105
80
59
286
2
7
40
213
8
159
105
80
59
286
2
7
40
213
8
159
105
80
59
286
2
7
40
213
8
159
105
80
59
286
2
7
40
213
8
159
105
80
59
286
2
7
40
213
8
159
105
80
59
286
2
7
40
213
8
159
105
80
59
286
2
7
40
213
8
159
105
80
59
286
2
7
40
213
8
159
105
80