105
11
159
213
58
8
215
93
40
80
105
11
159
213
58
8
215
93
40
80
105
11
159
213
58
8
215
93
40
80
105
11
159
213
58
8
215
93
40
80
105
11
159
213
58
8
215
93
40
80
105
11
159
213
58
8
215
93
40
80
105
11
159
213
58
8
215
93
40
80
105
11
159
213
58
8
215
93
40
80
105
11
159
213
58
8
215
93
40
80
105
11
159
213
58
8
215
93
40
80
105
11
159
213
58
8
215
93
40
80
105
11
159
213
58
8
215
93
40
80
105
11
159
213
58
8
215
93
40
80
105
11
159
213
58
8
215
93
40
80
105
11
159
213
58
8
215
93
40
80
105
11
159
213
58
8
215
93
40
80
105
11
159
213
58
8
215
93
40
80
105
11
159
213
58
8
215
93
40
80
105
11
159
213
58
8
215
93
40
80
105
11
159
213
58
8
215
93
40
80
105
11
159
213
58
8
215
93
40
80
105
11
159
213
58
8
215
93
40
80
105
11
159
213
58
8
215
93
40
80
105
11
159
213
58
8
215
93
40
80
105
11
159
213
58
8
215
93
40
80
105
11
159
213
58
8
215
93
40
80
105
11
159
213
58
8
215
93
40
80
105
11
159
213
58
8
215
93
40
80
105
11
159
213
58
8
215
93
40
80
105
11
159
213
58
8
215
93
40
80
105
11
159
213
58
8
215
93
40
80
105
11
159
213
58
8
215
93
40
80
105
11
159
213
58
8
215
93
40
80
105
11
159
213
58
8
215
93
40
80
105
11
159
213
58
8
215
93
40
80
105
11
159
213
58
8
215
93
40
80
105
11
159
213
58
8
215
93
40
80
105
11
159
213
58
8
215
93
40
80
105
11
159
213
58
8
215
93
40
80
105
11
159
213
58
8
215
93
40
80
105
11
159
213
58
8
215
93
40
80
105
11
159
213
58
8
215
93
40
80
105
11
159
213
58
8
215
93
40
80
105
11
159
213
58
8
215
93
40
80
105
11
159
213
58
8
215
93
40
80
105
11
159
213
58
8
215
93
40
80
105
11
159
213
58
8
215
93
40
80
105
11
159
213
58
8
215
93
40
80
105
11
159
213
58
8
215
93
40
80
105
11
159
213
58
8
215
93
40
80