40
286
1
11
213
93
159
5
6
58
40
286
1
11
213
93
159
5
6
58
40
286
1
11
213
93
159
5
6
58
40
286
1
11
213
93
159
5
6
58
40
286
1
11
213
93
159
5
6
58
40
286
1
11
213
93
159
5
6
58
40
286
1
11
213
93
159
5
6
58
40
286
1
11
213
93
159
5
6
58
40
286
1
11
213
93
159
5
6
58
40
286
1
11
213
93
159
5
6
58
40
286
1
11
213
93
159
5
6
58
40
286
1
11
213
93
159
5
6
58
40
286
1
11
213
93
159
5
6
58
40
286
1
11
213
93
159
5
6
58
40
286
1
11
213
93
159
5
6
58
40
286
1
11
213
93
159
5
6
58
40
286
1
11
213
93
159
5
6
58
40
286
1
11
213
93
159
5
6
58
40
286
1
11
213
93
159
5
6
58
40
286
1
11
213
93
159
5
6
58
40
286
1
11
213
93
159
5
6
58
40
286
1
11
213
93
159
5
6
58
40
286
1
11
213
93
159
5
6
58
40
286
1
11
213
93
159
5
6
58
40
286
1
11
213
93
159
5
6
58
40
286
1
11
213
93
159
5
6
58
40
286
1
11
213
93
159
5
6
58
40
286
1
11
213
93
159
5
6
58
40
286
1
11
213
93
159
5
6
58
40
286
1
11
213
93
159
5
6
58
40
286
1
11
213
93
159
5
6
58
40
286
1
11
213
93
159
5
6
58
40
286
1
11
213
93
159
5
6
58
40
286
1
11
213
93
159
5
6
58
40
286
1
11
213
93
159
5
6
58
40
286
1
11
213
93
159
5
6
58
40
286
1
11
213
93
159
5
6
58
40
286
1
11
213
93
159
5
6
58
40
286
1
11
213
93
159
5
6
58
40
286
1
11
213
93
159
5
6
58
40
286
1
11
213
93
159
5
6
58
40
286
1
11
213
93
159
5
6
58
40
286
1
11
213
93
159
5
6
58
40
286
1
11
213
93
159
5
6
58
40
286
1
11
213
93
159
5
6
58
40
286
1
11
213
93
159
5
6
58
40
286
1
11
213
93
159
5
6
58
40
286
1
11
213
93
159
5
6
58
40
286
1
11
213
93
159
5
6
58
40
286
1
11
213
93
159
5
6
58