93
5
1
40
286
213
7
2
8
11
93
5
1
40
286
213
7
2
8
11
93
5
1
40
286
213
7
2
8
11
93
5
1
40
286
213
7
2
8
11
93
5
1
40
286
213
7
2
8
11
93
5
1
40
286
213
7
2
8
11
93
5
1
40
286
213
7
2
8
11
93
5
1
40
286
213
7
2
8
11
93
5
1
40
286
213
7
2
8
11
93
5
1
40
286
213
7
2
8
11
93
5
1
40
286
213
7
2
8
11
93
5
1
40
286
213
7
2
8
11
93
5
1
40
286
213
7
2
8
11
93
5
1
40
286
213
7
2
8
11
93
5
1
40
286
213
7
2
8
11
93
5
1
40
286
213
7
2
8
11
93
5
1
40
286
213
7
2
8
11
93
5
1
40
286
213
7
2
8
11
93
5
1
40
286
213
7
2
8
11
93
5
1
40
286
213
7
2
8
11
93
5
1
40
286
213
7
2
8
11
93
5
1
40
286
213
7
2
8
11
93
5
1
40
286
213
7
2
8
11
93
5
1
40
286
213
7
2
8
11
93
5
1
40
286
213
7
2
8
11
93
5
1
40
286
213
7
2
8
11
93
5
1
40
286
213
7
2
8
11
93
5
1
40
286
213
7
2
8
11
93
5
1
40
286
213
7
2
8
11
93
5
1
40
286
213
7
2
8
11
93
5
1
40
286
213
7
2
8
11
93
5
1
40
286
213
7
2
8
11
93
5
1
40
286
213
7
2
8
11
93
5
1
40
286
213
7
2
8
11
93
5
1
40
286
213
7
2
8
11
93
5
1
40
286
213
7
2
8
11
93
5
1
40
286
213
7
2
8
11
93
5
1
40
286
213
7
2
8
11
93
5
1
40
286
213
7
2
8
11
93
5
1
40
286
213
7
2
8
11
93
5
1
40
286
213
7
2
8
11
93
5
1
40
286
213
7
2
8
11
93
5
1
40
286
213
7
2
8
11
93
5
1
40
286
213
7
2
8
11
93
5
1
40
286
213
7
2
8
11
93
5
1
40
286
213
7
2
8
11
93
5
1
40
286
213
7
2
8
11
93
5
1
40
286
213
7
2
8
11
93
5
1
40
286
213
7
2
8
11
93
5
1
40
286
213
7
2
8
11