59
1
5
11
159
105
213
215
2
40
59
1
5
11
159
105
213
215
2
40
59
1
5
11
159
105
213
215
2
40
59
1
5
11
159
105
213
215
2
40
59
1
5
11
159
105
213
215
2
40
59
1
5
11
159
105
213
215
2
40
59
1
5
11
159
105
213
215
2
40
59
1
5
11
159
105
213
215
2
40
59
1
5
11
159
105
213
215
2
40
59
1
5
11
159
105
213
215
2
40
59
1
5
11
159
105
213
215
2
40
59
1
5
11
159
105
213
215
2
40
59
1
5
11
159
105
213
215
2
40
59
1
5
11
159
105
213
215
2
40
59
1
5
11
159
105
213
215
2
40
59
1
5
11
159
105
213
215
2
40
59
1
5
11
159
105
213
215
2
40
59
1
5
11
159
105
213
215
2
40
59
1
5
11
159
105
213
215
2
40
59
1
5
11
159
105
213
215
2
40
59
1
5
11
159
105
213
215
2
40
59
1
5
11
159
105
213
215
2
40
59
1
5
11
159
105
213
215
2
40
59
1
5
11
159
105
213
215
2
40
59
1
5
11
159
105
213
215
2
40
59
1
5
11
159
105
213
215
2
40
59
1
5
11
159
105
213
215
2
40
59
1
5
11
159
105
213
215
2
40
59
1
5
11
159
105
213
215
2
40
59
1
5
11
159
105
213
215
2
40
59
1
5
11
159
105
213
215
2
40
59
1
5
11
159
105
213
215
2
40
59
1
5
11
159
105
213
215
2
40
59
1
5
11
159
105
213
215
2
40
59
1
5
11
159
105
213
215
2
40
59
1
5
11
159
105
213
215
2
40
59
1
5
11
159
105
213
215
2
40
59
1
5
11
159
105
213
215
2
40
59
1
5
11
159
105
213
215
2
40
59
1
5
11
159
105
213
215
2
40
59
1
5
11
159
105
213
215
2
40
59
1
5
11
159
105
213
215
2
40
59
1
5
11
159
105
213
215
2
40
59
1
5
11
159
105
213
215
2
40
59
1
5
11
159
105
213
215
2
40
59
1
5
11
159
105
213
215
2
40
59
1
5
11
159
105
213
215
2
40
59
1
5
11
159
105
213
215
2
40
59
1
5
11
159
105
213
215
2
40
59
1
5
11
159
105
213
215
2
40