1
5
215
93
58
105
286
6
11
2
1
5
215
93
58
105
286
6
11
2
1
5
215
93
58
105
286
6
11
2
1
5
215
93
58
105
286
6
11
2
1
5
215
93
58
105
286
6
11
2
1
5
215
93
58
105
286
6
11
2
1
5
215
93
58
105
286
6
11
2
1
5
215
93
58
105
286
6
11
2
1
5
215
93
58
105
286
6
11
2
1
5
215
93
58
105
286
6
11
2
1
5
215
93
58
105
286
6
11
2
1
5
215
93
58
105
286
6
11
2
1
5
215
93
58
105
286
6
11
2
1
5
215
93
58
105
286
6
11
2
1
5
215
93
58
105
286
6
11
2
1
5
215
93
58
105
286
6
11
2
1
5
215
93
58
105
286
6
11
2
1
5
215
93
58
105
286
6
11
2
1
5
215
93
58
105
286
6
11
2
1
5
215
93
58
105
286
6
11
2
1
5
215
93
58
105
286
6
11
2
1
5
215
93
58
105
286
6
11
2
1
5
215
93
58
105
286
6
11
2
1
5
215
93
58
105
286
6
11
2
1
5
215
93
58
105
286
6
11
2
1
5
215
93
58
105
286
6
11
2
1
5
215
93
58
105
286
6
11
2
1
5
215
93
58
105
286
6
11
2
1
5
215
93
58
105
286
6
11
2
1
5
215
93
58
105
286
6
11
2
1
5
215
93
58
105
286
6
11
2
1
5
215
93
58
105
286
6
11
2
1
5
215
93
58
105
286
6
11
2
1
5
215
93
58
105
286
6
11
2
1
5
215
93
58
105
286
6
11
2
1
5
215
93
58
105
286
6
11
2
1
5
215
93
58
105
286
6
11
2
1
5
215
93
58
105
286
6
11
2
1
5
215
93
58
105
286
6
11
2
1
5
215
93
58
105
286
6
11
2
1
5
215
93
58
105
286
6
11
2
1
5
215
93
58
105
286
6
11
2
1
5
215
93
58
105
286
6
11
2
1
5
215
93
58
105
286
6
11
2
1
5
215
93
58
105
286
6
11
2
1
5
215
93
58
105
286
6
11
2
1
5
215
93
58
105
286
6
11
2
1
5
215
93
58
105
286
6
11
2
1
5
215
93
58
105
286
6
11
2
1
5
215
93
58
105
286
6
11
2