11
5
93
80
105
213
159
7
6
58
11
5
93
80
105
213
159
7
6
58
11
5
93
80
105
213
159
7
6
58
11
5
93
80
105
213
159
7
6
58
11
5
93
80
105
213
159
7
6
58
11
5
93
80
105
213
159
7
6
58
11
5
93
80
105
213
159
7
6
58
11
5
93
80
105
213
159
7
6
58
11
5
93
80
105
213
159
7
6
58
11
5
93
80
105
213
159
7
6
58
11
5
93
80
105
213
159
7
6
58
11
5
93
80
105
213
159
7
6
58
11
5
93
80
105
213
159
7
6
58
11
5
93
80
105
213
159
7
6
58
11
5
93
80
105
213
159
7
6
58
11
5
93
80
105
213
159
7
6
58
11
5
93
80
105
213
159
7
6
58
11
5
93
80
105
213
159
7
6
58
11
5
93
80
105
213
159
7
6
58
11
5
93
80
105
213
159
7
6
58
11
5
93
80
105
213
159
7
6
58
11
5
93
80
105
213
159
7
6
58
11
5
93
80
105
213
159
7
6
58
11
5
93
80
105
213
159
7
6
58
11
5
93
80
105
213
159
7
6
58
11
5
93
80
105
213
159
7
6
58
11
5
93
80
105
213
159
7
6
58
11
5
93
80
105
213
159
7
6
58
11
5
93
80
105
213
159
7
6
58
11
5
93
80
105
213
159
7
6
58
11
5
93
80
105
213
159
7
6
58
11
5
93
80
105
213
159
7
6
58
11
5
93
80
105
213
159
7
6
58
11
5
93
80
105
213
159
7
6
58
11
5
93
80
105
213
159
7
6
58
11
5
93
80
105
213
159
7
6
58
11
5
93
80
105
213
159
7
6
58
11
5
93
80
105
213
159
7
6
58
11
5
93
80
105
213
159
7
6
58
11
5
93
80
105
213
159
7
6
58
11
5
93
80
105
213
159
7
6
58
11
5
93
80
105
213
159
7
6
58
11
5
93
80
105
213
159
7
6
58
11
5
93
80
105
213
159
7
6
58
11
5
93
80
105
213
159
7
6
58
11
5
93
80
105
213
159
7
6
58
11
5
93
80
105
213
159
7
6
58
11
5
93
80
105
213
159
7
6
58
11
5
93
80
105
213
159
7
6
58
11
5
93
80
105
213
159
7
6
58