159
80
215
1
7
5
59
58
8
40
159
80
215
1
7
5
59
58
8
40
159
80
215
1
7
5
59
58
8
40
159
80
215
1
7
5
59
58
8
40
159
80
215
1
7
5
59
58
8
40
159
80
215
1
7
5
59
58
8
40
159
80
215
1
7
5
59
58
8
40
159
80
215
1
7
5
59
58
8
40
159
80
215
1
7
5
59
58
8
40
159
80
215
1
7
5
59
58
8
40
159
80
215
1
7
5
59
58
8
40
159
80
215
1
7
5
59
58
8
40
159
80
215
1
7
5
59
58
8
40
159
80
215
1
7
5
59
58
8
40
159
80
215
1
7
5
59
58
8
40
159
80
215
1
7
5
59
58
8
40
159
80
215
1
7
5
59
58
8
40
159
80
215
1
7
5
59
58
8
40
159
80
215
1
7
5
59
58
8
40
159
80
215
1
7
5
59
58
8
40
159
80
215
1
7
5
59
58
8
40
159
80
215
1
7
5
59
58
8
40
159
80
215
1
7
5
59
58
8
40
159
80
215
1
7
5
59
58
8
40
159
80
215
1
7
5
59
58
8
40
159
80
215
1
7
5
59
58
8
40
159
80
215
1
7
5
59
58
8
40
159
80
215
1
7
5
59
58
8
40
159
80
215
1
7
5
59
58
8
40
159
80
215
1
7
5
59
58
8
40
159
80
215
1
7
5
59
58
8
40
159
80
215
1
7
5
59
58
8
40
159
80
215
1
7
5
59
58
8
40
159
80
215
1
7
5
59
58
8
40
159
80
215
1
7
5
59
58
8
40
159
80
215
1
7
5
59
58
8
40
159
80
215
1
7
5
59
58
8
40
159
80
215
1
7
5
59
58
8
40
159
80
215
1
7
5
59
58
8
40
159
80
215
1
7
5
59
58
8
40
159
80
215
1
7
5
59
58
8
40
159
80
215
1
7
5
59
58
8
40
159
80
215
1
7
5
59
58
8
40
159
80
215
1
7
5
59
58
8
40
159
80
215
1
7
5
59
58
8
40
159
80
215
1
7
5
59
58
8
40
159
80
215
1
7
5
59
58
8
40
159
80
215
1
7
5
59
58
8
40
159
80
215
1
7
5
59
58
8
40
159
80
215
1
7
5
59
58
8
40