215
59
40
80
8
105
5
159
213
11
215
59
40
80
8
105
5
159
213
11
215
59
40
80
8
105
5
159
213
11
215
59
40
80
8
105
5
159
213
11
215
59
40
80
8
105
5
159
213
11
215
59
40
80
8
105
5
159
213
11
215
59
40
80
8
105
5
159
213
11
215
59
40
80
8
105
5
159
213
11
215
59
40
80
8
105
5
159
213
11
215
59
40
80
8
105
5
159
213
11
215
59
40
80
8
105
5
159
213
11
215
59
40
80
8
105
5
159
213
11
215
59
40
80
8
105
5
159
213
11
215
59
40
80
8
105
5
159
213
11
215
59
40
80
8
105
5
159
213
11
215
59
40
80
8
105
5
159
213
11
215
59
40
80
8
105
5
159
213
11
215
59
40
80
8
105
5
159
213
11
215
59
40
80
8
105
5
159
213
11
215
59
40
80
8
105
5
159
213
11
215
59
40
80
8
105
5
159
213
11
215
59
40
80
8
105
5
159
213
11
215
59
40
80
8
105
5
159
213
11
215
59
40
80
8
105
5
159
213
11
215
59
40
80
8
105
5
159
213
11
215
59
40
80
8
105
5
159
213
11
215
59
40
80
8
105
5
159
213
11
215
59
40
80
8
105
5
159
213
11
215
59
40
80
8
105
5
159
213
11
215
59
40
80
8
105
5
159
213
11
215
59
40
80
8
105
5
159
213
11
215
59
40
80
8
105
5
159
213
11
215
59
40
80
8
105
5
159
213
11
215
59
40
80
8
105
5
159
213
11
215
59
40
80
8
105
5
159
213
11
215
59
40
80
8
105
5
159
213
11
215
59
40
80
8
105
5
159
213
11
215
59
40
80
8
105
5
159
213
11
215
59
40
80
8
105
5
159
213
11
215
59
40
80
8
105
5
159
213
11
215
59
40
80
8
105
5
159
213
11
215
59
40
80
8
105
5
159
213
11
215
59
40
80
8
105
5
159
213
11
215
59
40
80
8
105
5
159
213
11
215
59
40
80
8
105
5
159
213
11
215
59
40
80
8
105
5
159
213
11
215
59
40
80
8
105
5
159
213
11
215
59
40
80
8
105
5
159
213
11
215
59
40
80
8
105
5
159
213
11
215
59
40
80
8
105
5
159
213
11