6
159
286
93
58
105
1
213
5
59
6
159
286
93
58
105
1
213
5
59
6
159
286
93
58
105
1
213
5
59
6
159
286
93
58
105
1
213
5
59
6
159
286
93
58
105
1
213
5
59
6
159
286
93
58
105
1
213
5
59
6
159
286
93
58
105
1
213
5
59
6
159
286
93
58
105
1
213
5
59
6
159
286
93
58
105
1
213
5
59
6
159
286
93
58
105
1
213
5
59
6
159
286
93
58
105
1
213
5
59
6
159
286
93
58
105
1
213
5
59
6
159
286
93
58
105
1
213
5
59
6
159
286
93
58
105
1
213
5
59
6
159
286
93
58
105
1
213
5
59
6
159
286
93
58
105
1
213
5
59
6
159
286
93
58
105
1
213
5
59
6
159
286
93
58
105
1
213
5
59
6
159
286
93
58
105
1
213
5
59
6
159
286
93
58
105
1
213
5
59
6
159
286
93
58
105
1
213
5
59
6
159
286
93
58
105
1
213
5
59
6
159
286
93
58
105
1
213
5
59
6
159
286
93
58
105
1
213
5
59
6
159
286
93
58
105
1
213
5
59
6
159
286
93
58
105
1
213
5
59
6
159
286
93
58
105
1
213
5
59
6
159
286
93
58
105
1
213
5
59
6
159
286
93
58
105
1
213
5
59
6
159
286
93
58
105
1
213
5
59
6
159
286
93
58
105
1
213
5
59
6
159
286
93
58
105
1
213
5
59
6
159
286
93
58
105
1
213
5
59
6
159
286
93
58
105
1
213
5
59
6
159
286
93
58
105
1
213
5
59
6
159
286
93
58
105
1
213
5
59
6
159
286
93
58
105
1
213
5
59
6
159
286
93
58
105
1
213
5
59
6
159
286
93
58
105
1
213
5
59
6
159
286
93
58
105
1
213
5
59
6
159
286
93
58
105
1
213
5
59
6
159
286
93
58
105
1
213
5
59
6
159
286
93
58
105
1
213
5
59
6
159
286
93
58
105
1
213
5
59
6
159
286
93
58
105
1
213
5
59
6
159
286
93
58
105
1
213
5
59
6
159
286
93
58
105
1
213
5
59
6
159
286
93
58
105
1
213
5
59
6
159
286
93
58
105
1
213
5
59
6
159
286
93
58
105
1
213
5
59