105
215
7
40
58
80
93
159
11
286
105
215
7
40
58
80
93
159
11
286
105
215
7
40
58
80
93
159
11
286
105
215
7
40
58
80
93
159
11
286
105
215
7
40
58
80
93
159
11
286
105
215
7
40
58
80
93
159
11
286
105
215
7
40
58
80
93
159
11
286
105
215
7
40
58
80
93
159
11
286
105
215
7
40
58
80
93
159
11
286
105
215
7
40
58
80
93
159
11
286
105
215
7
40
58
80
93
159
11
286
105
215
7
40
58
80
93
159
11
286
105
215
7
40
58
80
93
159
11
286
105
215
7
40
58
80
93
159
11
286
105
215
7
40
58
80
93
159
11
286
105
215
7
40
58
80
93
159
11
286
105
215
7
40
58
80
93
159
11
286
105
215
7
40
58
80
93
159
11
286
105
215
7
40
58
80
93
159
11
286
105
215
7
40
58
80
93
159
11
286
105
215
7
40
58
80
93
159
11
286
105
215
7
40
58
80
93
159
11
286
105
215
7
40
58
80
93
159
11
286
105
215
7
40
58
80
93
159
11
286
105
215
7
40
58
80
93
159
11
286
105
215
7
40
58
80
93
159
11
286
105
215
7
40
58
80
93
159
11
286
105
215
7
40
58
80
93
159
11
286
105
215
7
40
58
80
93
159
11
286
105
215
7
40
58
80
93
159
11
286
105
215
7
40
58
80
93
159
11
286
105
215
7
40
58
80
93
159
11
286
105
215
7
40
58
80
93
159
11
286
105
215
7
40
58
80
93
159
11
286
105
215
7
40
58
80
93
159
11
286
105
215
7
40
58
80
93
159
11
286
105
215
7
40
58
80
93
159
11
286
105
215
7
40
58
80
93
159
11
286
105
215
7
40
58
80
93
159
11
286
105
215
7
40
58
80
93
159
11
286
105
215
7
40
58
80
93
159
11
286
105
215
7
40
58
80
93
159
11
286
105
215
7
40
58
80
93
159
11
286
105
215
7
40
58
80
93
159
11
286
105
215
7
40
58
80
93
159
11
286
105
215
7
40
58
80
93
159
11
286
105
215
7
40
58
80
93
159
11
286
105
215
7
40
58
80
93
159
11
286
105
215
7
40
58
80
93
159
11
286
105
215
7
40
58
80
93
159
11
286