7
5
40
8
215
6
11
1
286
2
7
5
40
8
215
6
11
1
286
2
7
5
40
8
215
6
11
1
286
2
7
5
40
8
215
6
11
1
286
2
7
5
40
8
215
6
11
1
286
2
7
5
40
8
215
6
11
1
286
2
7
5
40
8
215
6
11
1
286
2
7
5
40
8
215
6
11
1
286
2
7
5
40
8
215
6
11
1
286
2
7
5
40
8
215
6
11
1
286
2
7
5
40
8
215
6
11
1
286
2
7
5
40
8
215
6
11
1
286
2
7
5
40
8
215
6
11
1
286
2
7
5
40
8
215
6
11
1
286
2
7
5
40
8
215
6
11
1
286
2
7
5
40
8
215
6
11
1
286
2
7
5
40
8
215
6
11
1
286
2
7
5
40
8
215
6
11
1
286
2
7
5
40
8
215
6
11
1
286
2
7
5
40
8
215
6
11
1
286
2
7
5
40
8
215
6
11
1
286
2
7
5
40
8
215
6
11
1
286
2
7
5
40
8
215
6
11
1
286
2
7
5
40
8
215
6
11
1
286
2
7
5
40
8
215
6
11
1
286
2
7
5
40
8
215
6
11
1
286
2
7
5
40
8
215
6
11
1
286
2
7
5
40
8
215
6
11
1
286
2
7
5
40
8
215
6
11
1
286
2
7
5
40
8
215
6
11
1
286
2
7
5
40
8
215
6
11
1
286
2
7
5
40
8
215
6
11
1
286
2
7
5
40
8
215
6
11
1
286
2
7
5
40
8
215
6
11
1
286
2
7
5
40
8
215
6
11
1
286
2
7
5
40
8
215
6
11
1
286
2
7
5
40
8
215
6
11
1
286
2
7
5
40
8
215
6
11
1
286
2
7
5
40
8
215
6
11
1
286
2
7
5
40
8
215
6
11
1
286
2
7
5
40
8
215
6
11
1
286
2
7
5
40
8
215
6
11
1
286
2
7
5
40
8
215
6
11
1
286
2
7
5
40
8
215
6
11
1
286
2
7
5
40
8
215
6
11
1
286
2
7
5
40
8
215
6
11
1
286
2
7
5
40
8
215
6
11
1
286
2
7
5
40
8
215
6
11
1
286
2
7
5
40
8
215
6
11
1
286
2
7
5
40
8
215
6
11
1
286
2