8
80
1
40
59
2
159
5
213
215
8
80
1
40
59
2
159
5
213
215
8
80
1
40
59
2
159
5
213
215
8
80
1
40
59
2
159
5
213
215
8
80
1
40
59
2
159
5
213
215
8
80
1
40
59
2
159
5
213
215
8
80
1
40
59
2
159
5
213
215
8
80
1
40
59
2
159
5
213
215
8
80
1
40
59
2
159
5
213
215
8
80
1
40
59
2
159
5
213
215
8
80
1
40
59
2
159
5
213
215
8
80
1
40
59
2
159
5
213
215
8
80
1
40
59
2
159
5
213
215
8
80
1
40
59
2
159
5
213
215
8
80
1
40
59
2
159
5
213
215
8
80
1
40
59
2
159
5
213
215
8
80
1
40
59
2
159
5
213
215
8
80
1
40
59
2
159
5
213
215
8
80
1
40
59
2
159
5
213
215
8
80
1
40
59
2
159
5
213
215
8
80
1
40
59
2
159
5
213
215
8
80
1
40
59
2
159
5
213
215
8
80
1
40
59
2
159
5
213
215
8
80
1
40
59
2
159
5
213
215
8
80
1
40
59
2
159
5
213
215
8
80
1
40
59
2
159
5
213
215
8
80
1
40
59
2
159
5
213
215
8
80
1
40
59
2
159
5
213
215
8
80
1
40
59
2
159
5
213
215
8
80
1
40
59
2
159
5
213
215
8
80
1
40
59
2
159
5
213
215
8
80
1
40
59
2
159
5
213
215
8
80
1
40
59
2
159
5
213
215
8
80
1
40
59
2
159
5
213
215
8
80
1
40
59
2
159
5
213
215
8
80
1
40
59
2
159
5
213
215
8
80
1
40
59
2
159
5
213
215
8
80
1
40
59
2
159
5
213
215
8
80
1
40
59
2
159
5
213
215
8
80
1
40
59
2
159
5
213
215
8
80
1
40
59
2
159
5
213
215
8
80
1
40
59
2
159
5
213
215
8
80
1
40
59
2
159
5
213
215
8
80
1
40
59
2
159
5
213
215
8
80
1
40
59
2
159
5
213
215
8
80
1
40
59
2
159
5
213
215
8
80
1
40
59
2
159
5
213
215
8
80
1
40
59
2
159
5
213
215
8
80
1
40
59
2
159
5
213
215
8
80
1
40
59
2
159
5
213
215