7
2
8
159
5
40
80
215
213
1
7
2
8
159
5
40
80
215
213
1
7
2
8
159
5
40
80
215
213
1
7
2
8
159
5
40
80
215
213
1
7
2
8
159
5
40
80
215
213
1
7
2
8
159
5
40
80
215
213
1
7
2
8
159
5
40
80
215
213
1
7
2
8
159
5
40
80
215
213
1
7
2
8
159
5
40
80
215
213
1
7
2
8
159
5
40
80
215
213
1
7
2
8
159
5
40
80
215
213
1
7
2
8
159
5
40
80
215
213
1
7
2
8
159
5
40
80
215
213
1
7
2
8
159
5
40
80
215
213
1
7
2
8
159
5
40
80
215
213
1
7
2
8
159
5
40
80
215
213
1
7
2
8
159
5
40
80
215
213
1
7
2
8
159
5
40
80
215
213
1
7
2
8
159
5
40
80
215
213
1
7
2
8
159
5
40
80
215
213
1
7
2
8
159
5
40
80
215
213
1
7
2
8
159
5
40
80
215
213
1
7
2
8
159
5
40
80
215
213
1
7
2
8
159
5
40
80
215
213
1
7
2
8
159
5
40
80
215
213
1
7
2
8
159
5
40
80
215
213
1
7
2
8
159
5
40
80
215
213
1
7
2
8
159
5
40
80
215
213
1
7
2
8
159
5
40
80
215
213
1
7
2
8
159
5
40
80
215
213
1
7
2
8
159
5
40
80
215
213
1
7
2
8
159
5
40
80
215
213
1
7
2
8
159
5
40
80
215
213
1
7
2
8
159
5
40
80
215
213
1
7
2
8
159
5
40
80
215
213
1
7
2
8
159
5
40
80
215
213
1
7
2
8
159
5
40
80
215
213
1
7
2
8
159
5
40
80
215
213
1
7
2
8
159
5
40
80
215
213
1
7
2
8
159
5
40
80
215
213
1
7
2
8
159
5
40
80
215
213
1
7
2
8
159
5
40
80
215
213
1
7
2
8
159
5
40
80
215
213
1
7
2
8
159
5
40
80
215
213
1
7
2
8
159
5
40
80
215
213
1
7
2
8
159
5
40
80
215
213
1
7
2
8
159
5
40
80
215
213
1
7
2
8
159
5
40
80
215
213
1
7
2
8
159
5
40
80
215
213
1
7
2
8
159
5
40
80
215
213
1