286
93
80
6
1
58
159
215
7
8
286
93
80
6
1
58
159
215
7
8
286
93
80
6
1
58
159
215
7
8
286
93
80
6
1
58
159
215
7
8
286
93
80
6
1
58
159
215
7
8
286
93
80
6
1
58
159
215
7
8
286
93
80
6
1
58
159
215
7
8
286
93
80
6
1
58
159
215
7
8
286
93
80
6
1
58
159
215
7
8
286
93
80
6
1
58
159
215
7
8
286
93
80
6
1
58
159
215
7
8
286
93
80
6
1
58
159
215
7
8
286
93
80
6
1
58
159
215
7
8
286
93
80
6
1
58
159
215
7
8
286
93
80
6
1
58
159
215
7
8
286
93
80
6
1
58
159
215
7
8
286
93
80
6
1
58
159
215
7
8
286
93
80
6
1
58
159
215
7
8
286
93
80
6
1
58
159
215
7
8
286
93
80
6
1
58
159
215
7
8
286
93
80
6
1
58
159
215
7
8
286
93
80
6
1
58
159
215
7
8
286
93
80
6
1
58
159
215
7
8
286
93
80
6
1
58
159
215
7
8
286
93
80
6
1
58
159
215
7
8
286
93
80
6
1
58
159
215
7
8
286
93
80
6
1
58
159
215
7
8
286
93
80
6
1
58
159
215
7
8
286
93
80
6
1
58
159
215
7
8
286
93
80
6
1
58
159
215
7
8
286
93
80
6
1
58
159
215
7
8
286
93
80
6
1
58
159
215
7
8
286
93
80
6
1
58
159
215
7
8
286
93
80
6
1
58
159
215
7
8
286
93
80
6
1
58
159
215
7
8
286
93
80
6
1
58
159
215
7
8
286
93
80
6
1
58
159
215
7
8
286
93
80
6
1
58
159
215
7
8
286
93
80
6
1
58
159
215
7
8
286
93
80
6
1
58
159
215
7
8
286
93
80
6
1
58
159
215
7
8
286
93
80
6
1
58
159
215
7
8
286
93
80
6
1
58
159
215
7
8
286
93
80
6
1
58
159
215
7
8
286
93
80
6
1
58
159
215
7
8
286
93
80
6
1
58
159
215
7
8
286
93
80
6
1
58
159
215
7
8
286
93
80
6
1
58
159
215
7
8
286
93
80
6
1
58
159
215
7
8
286
93
80
6
1
58
159
215
7
8