5
105
8
7
58
213
93
11
1
2
5
105
8
7
58
213
93
11
1
2
5
105
8
7
58
213
93
11
1
2
5
105
8
7
58
213
93
11
1
2
5
105
8
7
58
213
93
11
1
2
5
105
8
7
58
213
93
11
1
2
5
105
8
7
58
213
93
11
1
2
5
105
8
7
58
213
93
11
1
2
5
105
8
7
58
213
93
11
1
2
5
105
8
7
58
213
93
11
1
2
5
105
8
7
58
213
93
11
1
2
5
105
8
7
58
213
93
11
1
2
5
105
8
7
58
213
93
11
1
2
5
105
8
7
58
213
93
11
1
2
5
105
8
7
58
213
93
11
1
2
5
105
8
7
58
213
93
11
1
2
5
105
8
7
58
213
93
11
1
2
5
105
8
7
58
213
93
11
1
2
5
105
8
7
58
213
93
11
1
2
5
105
8
7
58
213
93
11
1
2
5
105
8
7
58
213
93
11
1
2
5
105
8
7
58
213
93
11
1
2
5
105
8
7
58
213
93
11
1
2
5
105
8
7
58
213
93
11
1
2
5
105
8
7
58
213
93
11
1
2
5
105
8
7
58
213
93
11
1
2
5
105
8
7
58
213
93
11
1
2
5
105
8
7
58
213
93
11
1
2
5
105
8
7
58
213
93
11
1
2
5
105
8
7
58
213
93
11
1
2
5
105
8
7
58
213
93
11
1
2
5
105
8
7
58
213
93
11
1
2
5
105
8
7
58
213
93
11
1
2
5
105
8
7
58
213
93
11
1
2
5
105
8
7
58
213
93
11
1
2
5
105
8
7
58
213
93
11
1
2
5
105
8
7
58
213
93
11
1
2
5
105
8
7
58
213
93
11
1
2
5
105
8
7
58
213
93
11
1
2
5
105
8
7
58
213
93
11
1
2
5
105
8
7
58
213
93
11
1
2
5
105
8
7
58
213
93
11
1
2
5
105
8
7
58
213
93
11
1
2
5
105
8
7
58
213
93
11
1
2
5
105
8
7
58
213
93
11
1
2
5
105
8
7
58
213
93
11
1
2
5
105
8
7
58
213
93
11
1
2
5
105
8
7
58
213
93
11
1
2
5
105
8
7
58
213
93
11
1
2
5
105
8
7
58
213
93
11
1
2