8
215
286
5
59
159
7
6
11
80
8
215
286
5
59
159
7
6
11
80
8
215
286
5
59
159
7
6
11
80
8
215
286
5
59
159
7
6
11
80
8
215
286
5
59
159
7
6
11
80
8
215
286
5
59
159
7
6
11
80
8
215
286
5
59
159
7
6
11
80
8
215
286
5
59
159
7
6
11
80
8
215
286
5
59
159
7
6
11
80
8
215
286
5
59
159
7
6
11
80
8
215
286
5
59
159
7
6
11
80
8
215
286
5
59
159
7
6
11
80
8
215
286
5
59
159
7
6
11
80
8
215
286
5
59
159
7
6
11
80
8
215
286
5
59
159
7
6
11
80
8
215
286
5
59
159
7
6
11
80
8
215
286
5
59
159
7
6
11
80
8
215
286
5
59
159
7
6
11
80
8
215
286
5
59
159
7
6
11
80
8
215
286
5
59
159
7
6
11
80
8
215
286
5
59
159
7
6
11
80
8
215
286
5
59
159
7
6
11
80
8
215
286
5
59
159
7
6
11
80
8
215
286
5
59
159
7
6
11
80
8
215
286
5
59
159
7
6
11
80
8
215
286
5
59
159
7
6
11
80
8
215
286
5
59
159
7
6
11
80
8
215
286
5
59
159
7
6
11
80
8
215
286
5
59
159
7
6
11
80
8
215
286
5
59
159
7
6
11
80
8
215
286
5
59
159
7
6
11
80
8
215
286
5
59
159
7
6
11
80
8
215
286
5
59
159
7
6
11
80
8
215
286
5
59
159
7
6
11
80
8
215
286
5
59
159
7
6
11
80
8
215
286
5
59
159
7
6
11
80
8
215
286
5
59
159
7
6
11
80
8
215
286
5
59
159
7
6
11
80
8
215
286
5
59
159
7
6
11
80
8
215
286
5
59
159
7
6
11
80
8
215
286
5
59
159
7
6
11
80
8
215
286
5
59
159
7
6
11
80
8
215
286
5
59
159
7
6
11
80
8
215
286
5
59
159
7
6
11
80
8
215
286
5
59
159
7
6
11
80
8
215
286
5
59
159
7
6
11
80
8
215
286
5
59
159
7
6
11
80
8
215
286
5
59
159
7
6
11
80
8
215
286
5
59
159
7
6
11
80
8
215
286
5
59
159
7
6
11
80