8
40
2
286
11
59
5
159
1
7
8
40
2
286
11
59
5
159
1
7
8
40
2
286
11
59
5
159
1
7
8
40
2
286
11
59
5
159
1
7
8
40
2
286
11
59
5
159
1
7
8
40
2
286
11
59
5
159
1
7
8
40
2
286
11
59
5
159
1
7
8
40
2
286
11
59
5
159
1
7
8
40
2
286
11
59
5
159
1
7
8
40
2
286
11
59
5
159
1
7
8
40
2
286
11
59
5
159
1
7
8
40
2
286
11
59
5
159
1
7
8
40
2
286
11
59
5
159
1
7
8
40
2
286
11
59
5
159
1
7
8
40
2
286
11
59
5
159
1
7
8
40
2
286
11
59
5
159
1
7
8
40
2
286
11
59
5
159
1
7
8
40
2
286
11
59
5
159
1
7
8
40
2
286
11
59
5
159
1
7
8
40
2
286
11
59
5
159
1
7
8
40
2
286
11
59
5
159
1
7
8
40
2
286
11
59
5
159
1
7
8
40
2
286
11
59
5
159
1
7
8
40
2
286
11
59
5
159
1
7
8
40
2
286
11
59
5
159
1
7
8
40
2
286
11
59
5
159
1
7
8
40
2
286
11
59
5
159
1
7
8
40
2
286
11
59
5
159
1
7
8
40
2
286
11
59
5
159
1
7
8
40
2
286
11
59
5
159
1
7
8
40
2
286
11
59
5
159
1
7
8
40
2
286
11
59
5
159
1
7
8
40
2
286
11
59
5
159
1
7
8
40
2
286
11
59
5
159
1
7
8
40
2
286
11
59
5
159
1
7
8
40
2
286
11
59
5
159
1
7
8
40
2
286
11
59
5
159
1
7
8
40
2
286
11
59
5
159
1
7
8
40
2
286
11
59
5
159
1
7
8
40
2
286
11
59
5
159
1
7
8
40
2
286
11
59
5
159
1
7
8
40
2
286
11
59
5
159
1
7
8
40
2
286
11
59
5
159
1
7
8
40
2
286
11
59
5
159
1
7
8
40
2
286
11
59
5
159
1
7
8
40
2
286
11
59
5
159
1
7
8
40
2
286
11
59
5
159
1
7
8
40
2
286
11
59
5
159
1
7
8
40
2
286
11
59
5
159
1
7
8
40
2
286
11
59
5
159
1
7