7
59
80
5
2
215
6
105
11
93
7
59
80
5
2
215
6
105
11
93
7
59
80
5
2
215
6
105
11
93
7
59
80
5
2
215
6
105
11
93
7
59
80
5
2
215
6
105
11
93
7
59
80
5
2
215
6
105
11
93
7
59
80
5
2
215
6
105
11
93
7
59
80
5
2
215
6
105
11
93
7
59
80
5
2
215
6
105
11
93
7
59
80
5
2
215
6
105
11
93
7
59
80
5
2
215
6
105
11
93
7
59
80
5
2
215
6
105
11
93
7
59
80
5
2
215
6
105
11
93
7
59
80
5
2
215
6
105
11
93
7
59
80
5
2
215
6
105
11
93
7
59
80
5
2
215
6
105
11
93
7
59
80
5
2
215
6
105
11
93
7
59
80
5
2
215
6
105
11
93
7
59
80
5
2
215
6
105
11
93
7
59
80
5
2
215
6
105
11
93
7
59
80
5
2
215
6
105
11
93
7
59
80
5
2
215
6
105
11
93
7
59
80
5
2
215
6
105
11
93
7
59
80
5
2
215
6
105
11
93
7
59
80
5
2
215
6
105
11
93
7
59
80
5
2
215
6
105
11
93
7
59
80
5
2
215
6
105
11
93
7
59
80
5
2
215
6
105
11
93
7
59
80
5
2
215
6
105
11
93
7
59
80
5
2
215
6
105
11
93
7
59
80
5
2
215
6
105
11
93
7
59
80
5
2
215
6
105
11
93
7
59
80
5
2
215
6
105
11
93
7
59
80
5
2
215
6
105
11
93
7
59
80
5
2
215
6
105
11
93
7
59
80
5
2
215
6
105
11
93
7
59
80
5
2
215
6
105
11
93
7
59
80
5
2
215
6
105
11
93
7
59
80
5
2
215
6
105
11
93
7
59
80
5
2
215
6
105
11
93
7
59
80
5
2
215
6
105
11
93
7
59
80
5
2
215
6
105
11
93
7
59
80
5
2
215
6
105
11
93
7
59
80
5
2
215
6
105
11
93
7
59
80
5
2
215
6
105
11
93
7
59
80
5
2
215
6
105
11
93
7
59
80
5
2
215
6
105
11
93
7
59
80
5
2
215
6
105
11
93
7
59
80
5
2
215
6
105
11
93
7
59
80
5
2
215
6
105
11
93