40
11
159
8
213
105
93
1
6
5
40
11
159
8
213
105
93
1
6
5
40
11
159
8
213
105
93
1
6
5
40
11
159
8
213
105
93
1
6
5
40
11
159
8
213
105
93
1
6
5
40
11
159
8
213
105
93
1
6
5
40
11
159
8
213
105
93
1
6
5
40
11
159
8
213
105
93
1
6
5
40
11
159
8
213
105
93
1
6
5
40
11
159
8
213
105
93
1
6
5
40
11
159
8
213
105
93
1
6
5
40
11
159
8
213
105
93
1
6
5
40
11
159
8
213
105
93
1
6
5
40
11
159
8
213
105
93
1
6
5
40
11
159
8
213
105
93
1
6
5
40
11
159
8
213
105
93
1
6
5
40
11
159
8
213
105
93
1
6
5
40
11
159
8
213
105
93
1
6
5
40
11
159
8
213
105
93
1
6
5
40
11
159
8
213
105
93
1
6
5
40
11
159
8
213
105
93
1
6
5
40
11
159
8
213
105
93
1
6
5
40
11
159
8
213
105
93
1
6
5
40
11
159
8
213
105
93
1
6
5
40
11
159
8
213
105
93
1
6
5
40
11
159
8
213
105
93
1
6
5
40
11
159
8
213
105
93
1
6
5
40
11
159
8
213
105
93
1
6
5
40
11
159
8
213
105
93
1
6
5
40
11
159
8
213
105
93
1
6
5
40
11
159
8
213
105
93
1
6
5
40
11
159
8
213
105
93
1
6
5
40
11
159
8
213
105
93
1
6
5
40
11
159
8
213
105
93
1
6
5
40
11
159
8
213
105
93
1
6
5
40
11
159
8
213
105
93
1
6
5
40
11
159
8
213
105
93
1
6
5
40
11
159
8
213
105
93
1
6
5
40
11
159
8
213
105
93
1
6
5
40
11
159
8
213
105
93
1
6
5
40
11
159
8
213
105
93
1
6
5
40
11
159
8
213
105
93
1
6
5
40
11
159
8
213
105
93
1
6
5
40
11
159
8
213
105
93
1
6
5
40
11
159
8
213
105
93
1
6
5
40
11
159
8
213
105
93
1
6
5
40
11
159
8
213
105
93
1
6
5
40
11
159
8
213
105
93
1
6
5
40
11
159
8
213
105
93
1
6
5
40
11
159
8
213
105
93
1
6
5