5
8
286
213
1
7
58
11
2
59
5
8
286
213
1
7
58
11
2
59
5
8
286
213
1
7
58
11
2
59
5
8
286
213
1
7
58
11
2
59
5
8
286
213
1
7
58
11
2
59
5
8
286
213
1
7
58
11
2
59
5
8
286
213
1
7
58
11
2
59
5
8
286
213
1
7
58
11
2
59
5
8
286
213
1
7
58
11
2
59
5
8
286
213
1
7
58
11
2
59
5
8
286
213
1
7
58
11
2
59
5
8
286
213
1
7
58
11
2
59
5
8
286
213
1
7
58
11
2
59
5
8
286
213
1
7
58
11
2
59
5
8
286
213
1
7
58
11
2
59
5
8
286
213
1
7
58
11
2
59
5
8
286
213
1
7
58
11
2
59
5
8
286
213
1
7
58
11
2
59
5
8
286
213
1
7
58
11
2
59
5
8
286
213
1
7
58
11
2
59
5
8
286
213
1
7
58
11
2
59
5
8
286
213
1
7
58
11
2
59
5
8
286
213
1
7
58
11
2
59
5
8
286
213
1
7
58
11
2
59
5
8
286
213
1
7
58
11
2
59
5
8
286
213
1
7
58
11
2
59
5
8
286
213
1
7
58
11
2
59
5
8
286
213
1
7
58
11
2
59
5
8
286
213
1
7
58
11
2
59
5
8
286
213
1
7
58
11
2
59
5
8
286
213
1
7
58
11
2
59
5
8
286
213
1
7
58
11
2
59
5
8
286
213
1
7
58
11
2
59
5
8
286
213
1
7
58
11
2
59
5
8
286
213
1
7
58
11
2
59
5
8
286
213
1
7
58
11
2
59
5
8
286
213
1
7
58
11
2
59
5
8
286
213
1
7
58
11
2
59
5
8
286
213
1
7
58
11
2
59
5
8
286
213
1
7
58
11
2
59
5
8
286
213
1
7
58
11
2
59
5
8
286
213
1
7
58
11
2
59
5
8
286
213
1
7
58
11
2
59
5
8
286
213
1
7
58
11
2
59
5
8
286
213
1
7
58
11
2
59
5
8
286
213
1
7
58
11
2
59
5
8
286
213
1
7
58
11
2
59
5
8
286
213
1
7
58
11
2
59
5
8
286
213
1
7
58
11
2
59
5
8
286
213
1
7
58
11
2
59