7
93
11
58
2
8
105
286
159
215
7
93
11
58
2
8
105
286
159
215
7
93
11
58
2
8
105
286
159
215
7
93
11
58
2
8
105
286
159
215
7
93
11
58
2
8
105
286
159
215
7
93
11
58
2
8
105
286
159
215
7
93
11
58
2
8
105
286
159
215
7
93
11
58
2
8
105
286
159
215
7
93
11
58
2
8
105
286
159
215
7
93
11
58
2
8
105
286
159
215
7
93
11
58
2
8
105
286
159
215
7
93
11
58
2
8
105
286
159
215
7
93
11
58
2
8
105
286
159
215
7
93
11
58
2
8
105
286
159
215
7
93
11
58
2
8
105
286
159
215
7
93
11
58
2
8
105
286
159
215
7
93
11
58
2
8
105
286
159
215
7
93
11
58
2
8
105
286
159
215
7
93
11
58
2
8
105
286
159
215
7
93
11
58
2
8
105
286
159
215
7
93
11
58
2
8
105
286
159
215
7
93
11
58
2
8
105
286
159
215
7
93
11
58
2
8
105
286
159
215
7
93
11
58
2
8
105
286
159
215
7
93
11
58
2
8
105
286
159
215
7
93
11
58
2
8
105
286
159
215
7
93
11
58
2
8
105
286
159
215
7
93
11
58
2
8
105
286
159
215
7
93
11
58
2
8
105
286
159
215
7
93
11
58
2
8
105
286
159
215
7
93
11
58
2
8
105
286
159
215
7
93
11
58
2
8
105
286
159
215
7
93
11
58
2
8
105
286
159
215
7
93
11
58
2
8
105
286
159
215
7
93
11
58
2
8
105
286
159
215
7
93
11
58
2
8
105
286
159
215
7
93
11
58
2
8
105
286
159
215
7
93
11
58
2
8
105
286
159
215
7
93
11
58
2
8
105
286
159
215
7
93
11
58
2
8
105
286
159
215
7
93
11
58
2
8
105
286
159
215
7
93
11
58
2
8
105
286
159
215
7
93
11
58
2
8
105
286
159
215
7
93
11
58
2
8
105
286
159
215
7
93
11
58
2
8
105
286
159
215
7
93
11
58
2
8
105
286
159
215
7
93
11
58
2
8
105
286
159
215
7
93
11
58
2
8
105
286
159
215
7
93
11
58
2
8
105
286
159
215
7
93
11
58
2
8
105
286
159
215