159
7
286
40
215
213
80
1
93
5
159
7
286
40
215
213
80
1
93
5
159
7
286
40
215
213
80
1
93
5
159
7
286
40
215
213
80
1
93
5
159
7
286
40
215
213
80
1
93
5
159
7
286
40
215
213
80
1
93
5
159
7
286
40
215
213
80
1
93
5
159
7
286
40
215
213
80
1
93
5
159
7
286
40
215
213
80
1
93
5
159
7
286
40
215
213
80
1
93
5
159
7
286
40
215
213
80
1
93
5
159
7
286
40
215
213
80
1
93
5
159
7
286
40
215
213
80
1
93
5
159
7
286
40
215
213
80
1
93
5
159
7
286
40
215
213
80
1
93
5
159
7
286
40
215
213
80
1
93
5
159
7
286
40
215
213
80
1
93
5
159
7
286
40
215
213
80
1
93
5
159
7
286
40
215
213
80
1
93
5
159
7
286
40
215
213
80
1
93
5
159
7
286
40
215
213
80
1
93
5
159
7
286
40
215
213
80
1
93
5
159
7
286
40
215
213
80
1
93
5
159
7
286
40
215
213
80
1
93
5
159
7
286
40
215
213
80
1
93
5
159
7
286
40
215
213
80
1
93
5
159
7
286
40
215
213
80
1
93
5
159
7
286
40
215
213
80
1
93
5
159
7
286
40
215
213
80
1
93
5
159
7
286
40
215
213
80
1
93
5
159
7
286
40
215
213
80
1
93
5
159
7
286
40
215
213
80
1
93
5
159
7
286
40
215
213
80
1
93
5
159
7
286
40
215
213
80
1
93
5
159
7
286
40
215
213
80
1
93
5
159
7
286
40
215
213
80
1
93
5
159
7
286
40
215
213
80
1
93
5
159
7
286
40
215
213
80
1
93
5
159
7
286
40
215
213
80
1
93
5
159
7
286
40
215
213
80
1
93
5
159
7
286
40
215
213
80
1
93
5
159
7
286
40
215
213
80
1
93
5
159
7
286
40
215
213
80
1
93
5
159
7
286
40
215
213
80
1
93
5
159
7
286
40
215
213
80
1
93
5
159
7
286
40
215
213
80
1
93
5
159
7
286
40
215
213
80
1
93
5
159
7
286
40
215
213
80
1
93
5
159
7
286
40
215
213
80
1
93
5
159
7
286
40
215
213
80
1
93
5