5
80
1
105
2
213
93
159
286
58
5
80
1
105
2
213
93
159
286
58
5
80
1
105
2
213
93
159
286
58
5
80
1
105
2
213
93
159
286
58
5
80
1
105
2
213
93
159
286
58
5
80
1
105
2
213
93
159
286
58
5
80
1
105
2
213
93
159
286
58
5
80
1
105
2
213
93
159
286
58
5
80
1
105
2
213
93
159
286
58
5
80
1
105
2
213
93
159
286
58
5
80
1
105
2
213
93
159
286
58
5
80
1
105
2
213
93
159
286
58
5
80
1
105
2
213
93
159
286
58
5
80
1
105
2
213
93
159
286
58
5
80
1
105
2
213
93
159
286
58
5
80
1
105
2
213
93
159
286
58
5
80
1
105
2
213
93
159
286
58
5
80
1
105
2
213
93
159
286
58
5
80
1
105
2
213
93
159
286
58
5
80
1
105
2
213
93
159
286
58
5
80
1
105
2
213
93
159
286
58
5
80
1
105
2
213
93
159
286
58
5
80
1
105
2
213
93
159
286
58
5
80
1
105
2
213
93
159
286
58
5
80
1
105
2
213
93
159
286
58
5
80
1
105
2
213
93
159
286
58
5
80
1
105
2
213
93
159
286
58
5
80
1
105
2
213
93
159
286
58
5
80
1
105
2
213
93
159
286
58
5
80
1
105
2
213
93
159
286
58
5
80
1
105
2
213
93
159
286
58
5
80
1
105
2
213
93
159
286
58
5
80
1
105
2
213
93
159
286
58
5
80
1
105
2
213
93
159
286
58
5
80
1
105
2
213
93
159
286
58
5
80
1
105
2
213
93
159
286
58
5
80
1
105
2
213
93
159
286
58
5
80
1
105
2
213
93
159
286
58
5
80
1
105
2
213
93
159
286
58
5
80
1
105
2
213
93
159
286
58
5
80
1
105
2
213
93
159
286
58
5
80
1
105
2
213
93
159
286
58
5
80
1
105
2
213
93
159
286
58
5
80
1
105
2
213
93
159
286
58
5
80
1
105
2
213
93
159
286
58
5
80
1
105
2
213
93
159
286
58
5
80
1
105
2
213
93
159
286
58
5
80
1
105
2
213
93
159
286
58
5
80
1
105
2
213
93
159
286
58
5
80
1
105
2
213
93
159
286
58