5
40
105
93
159
80
2
213
6
7
5
40
105
93
159
80
2
213
6
7
5
40
105
93
159
80
2
213
6
7
5
40
105
93
159
80
2
213
6
7
5
40
105
93
159
80
2
213
6
7
5
40
105
93
159
80
2
213
6
7
5
40
105
93
159
80
2
213
6
7
5
40
105
93
159
80
2
213
6
7
5
40
105
93
159
80
2
213
6
7
5
40
105
93
159
80
2
213
6
7
5
40
105
93
159
80
2
213
6
7
5
40
105
93
159
80
2
213
6
7
5
40
105
93
159
80
2
213
6
7
5
40
105
93
159
80
2
213
6
7
5
40
105
93
159
80
2
213
6
7
5
40
105
93
159
80
2
213
6
7
5
40
105
93
159
80
2
213
6
7
5
40
105
93
159
80
2
213
6
7
5
40
105
93
159
80
2
213
6
7
5
40
105
93
159
80
2
213
6
7
5
40
105
93
159
80
2
213
6
7
5
40
105
93
159
80
2
213
6
7
5
40
105
93
159
80
2
213
6
7
5
40
105
93
159
80
2
213
6
7
5
40
105
93
159
80
2
213
6
7
5
40
105
93
159
80
2
213
6
7
5
40
105
93
159
80
2
213
6
7
5
40
105
93
159
80
2
213
6
7
5
40
105
93
159
80
2
213
6
7
5
40
105
93
159
80
2
213
6
7
5
40
105
93
159
80
2
213
6
7
5
40
105
93
159
80
2
213
6
7
5
40
105
93
159
80
2
213
6
7
5
40
105
93
159
80
2
213
6
7
5
40
105
93
159
80
2
213
6
7
5
40
105
93
159
80
2
213
6
7
5
40
105
93
159
80
2
213
6
7
5
40
105
93
159
80
2
213
6
7
5
40
105
93
159
80
2
213
6
7
5
40
105
93
159
80
2
213
6
7
5
40
105
93
159
80
2
213
6
7
5
40
105
93
159
80
2
213
6
7
5
40
105
93
159
80
2
213
6
7
5
40
105
93
159
80
2
213
6
7
5
40
105
93
159
80
2
213
6
7
5
40
105
93
159
80
2
213
6
7
5
40
105
93
159
80
2
213
6
7
5
40
105
93
159
80
2
213
6
7
5
40
105
93
159
80
2
213
6
7
5
40
105
93
159
80
2
213
6
7