2
8
59
286
5
159
6
93
215
7
2
8
59
286
5
159
6
93
215
7
2
8
59
286
5
159
6
93
215
7
2
8
59
286
5
159
6
93
215
7
2
8
59
286
5
159
6
93
215
7
2
8
59
286
5
159
6
93
215
7
2
8
59
286
5
159
6
93
215
7
2
8
59
286
5
159
6
93
215
7
2
8
59
286
5
159
6
93
215
7
2
8
59
286
5
159
6
93
215
7
2
8
59
286
5
159
6
93
215
7
2
8
59
286
5
159
6
93
215
7
2
8
59
286
5
159
6
93
215
7
2
8
59
286
5
159
6
93
215
7
2
8
59
286
5
159
6
93
215
7
2
8
59
286
5
159
6
93
215
7
2
8
59
286
5
159
6
93
215
7
2
8
59
286
5
159
6
93
215
7
2
8
59
286
5
159
6
93
215
7
2
8
59
286
5
159
6
93
215
7
2
8
59
286
5
159
6
93
215
7
2
8
59
286
5
159
6
93
215
7
2
8
59
286
5
159
6
93
215
7
2
8
59
286
5
159
6
93
215
7
2
8
59
286
5
159
6
93
215
7
2
8
59
286
5
159
6
93
215
7
2
8
59
286
5
159
6
93
215
7
2
8
59
286
5
159
6
93
215
7
2
8
59
286
5
159
6
93
215
7
2
8
59
286
5
159
6
93
215
7
2
8
59
286
5
159
6
93
215
7
2
8
59
286
5
159
6
93
215
7
2
8
59
286
5
159
6
93
215
7
2
8
59
286
5
159
6
93
215
7
2
8
59
286
5
159
6
93
215
7
2
8
59
286
5
159
6
93
215
7
2
8
59
286
5
159
6
93
215
7
2
8
59
286
5
159
6
93
215
7
2
8
59
286
5
159
6
93
215
7
2
8
59
286
5
159
6
93
215
7
2
8
59
286
5
159
6
93
215
7
2
8
59
286
5
159
6
93
215
7
2
8
59
286
5
159
6
93
215
7
2
8
59
286
5
159
6
93
215
7
2
8
59
286
5
159
6
93
215
7
2
8
59
286
5
159
6
93
215
7
2
8
59
286
5
159
6
93
215
7
2
8
59
286
5
159
6
93
215
7
2
8
59
286
5
159
6
93
215
7
2
8
59
286
5
159
6
93
215
7