213
7
5
58
11
159
8
215
1
80
213
7
5
58
11
159
8
215
1
80
213
7
5
58
11
159
8
215
1
80
213
7
5
58
11
159
8
215
1
80
213
7
5
58
11
159
8
215
1
80
213
7
5
58
11
159
8
215
1
80
213
7
5
58
11
159
8
215
1
80
213
7
5
58
11
159
8
215
1
80
213
7
5
58
11
159
8
215
1
80
213
7
5
58
11
159
8
215
1
80
213
7
5
58
11
159
8
215
1
80
213
7
5
58
11
159
8
215
1
80
213
7
5
58
11
159
8
215
1
80
213
7
5
58
11
159
8
215
1
80
213
7
5
58
11
159
8
215
1
80
213
7
5
58
11
159
8
215
1
80
213
7
5
58
11
159
8
215
1
80
213
7
5
58
11
159
8
215
1
80
213
7
5
58
11
159
8
215
1
80
213
7
5
58
11
159
8
215
1
80
213
7
5
58
11
159
8
215
1
80
213
7
5
58
11
159
8
215
1
80
213
7
5
58
11
159
8
215
1
80
213
7
5
58
11
159
8
215
1
80
213
7
5
58
11
159
8
215
1
80
213
7
5
58
11
159
8
215
1
80
213
7
5
58
11
159
8
215
1
80
213
7
5
58
11
159
8
215
1
80
213
7
5
58
11
159
8
215
1
80
213
7
5
58
11
159
8
215
1
80
213
7
5
58
11
159
8
215
1
80
213
7
5
58
11
159
8
215
1
80
213
7
5
58
11
159
8
215
1
80
213
7
5
58
11
159
8
215
1
80
213
7
5
58
11
159
8
215
1
80
213
7
5
58
11
159
8
215
1
80
213
7
5
58
11
159
8
215
1
80
213
7
5
58
11
159
8
215
1
80
213
7
5
58
11
159
8
215
1
80
213
7
5
58
11
159
8
215
1
80
213
7
5
58
11
159
8
215
1
80
213
7
5
58
11
159
8
215
1
80
213
7
5
58
11
159
8
215
1
80
213
7
5
58
11
159
8
215
1
80
213
7
5
58
11
159
8
215
1
80
213
7
5
58
11
159
8
215
1
80
213
7
5
58
11
159
8
215
1
80
213
7
5
58
11
159
8
215
1
80
213
7
5
58
11
159
8
215
1
80
213
7
5
58
11
159
8
215
1
80