6
2
59
1
40
93
11
5
80
201
6
2
59
1
40
93
11
5
80
201
6
2
59
1
40
93
11
5
80
201
6
2
59
1
40
93
11
5
80
201
6
2
59
1
40
93
11
5
80
201
6
2
59
1
40
93
11
5
80
201
6
2
59
1
40
93
11
5
80
201
6
2
59
1
40
93
11
5
80
201
6
2
59
1
40
93
11
5
80
201
6
2
59
1
40
93
11
5
80
201
6
2
59
1
40
93
11
5
80
201
6
2
59
1
40
93
11
5
80
201
6
2
59
1
40
93
11
5
80
201
6
2
59
1
40
93
11
5
80
201
6
2
59
1
40
93
11
5
80
201
6
2
59
1
40
93
11
5
80
201
6
2
59
1
40
93
11
5
80
201
6
2
59
1
40
93
11
5
80
201
6
2
59
1
40
93
11
5
80
201
6
2
59
1
40
93
11
5
80
201
6
2
59
1
40
93
11
5
80
201
6
2
59
1
40
93
11
5
80
201
6
2
59
1
40
93
11
5
80
201
6
2
59
1
40
93
11
5
80
201
6
2
59
1
40
93
11
5
80
201
6
2
59
1
40
93
11
5
80
201
6
2
59
1
40
93
11
5
80
201
6
2
59
1
40
93
11
5
80
201
6
2
59
1
40
93
11
5
80
201
6
2
59
1
40
93
11
5
80
201
6
2
59
1
40
93
11
5
80
201
6
2
59
1
40
93
11
5
80
201
6
2
59
1
40
93
11
5
80
201
6
2
59
1
40
93
11
5
80
201
6
2
59
1
40
93
11
5
80
201
6
2
59
1
40
93
11
5
80
201
6
2
59
1
40
93
11
5
80
201
6
2
59
1
40
93
11
5
80
201
6
2
59
1
40
93
11
5
80
201
6
2
59
1
40
93
11
5
80
201
6
2
59
1
40
93
11
5
80
201
6
2
59
1
40
93
11
5
80
201
6
2
59
1
40
93
11
5
80
201
6
2
59
1
40
93
11
5
80
201
6
2
59
1
40
93
11
5
80
201
6
2
59
1
40
93
11
5
80
201
6
2
59
1
40
93
11
5
80
201
6
2
59
1
40
93
11
5
80
201
6
2
59
1
40
93
11
5
80
201
6
2
59
1
40
93
11
5
80
201