6
2
59
1
93
11
5
213
201
159
6
2
59
1
93
11
5
213
201
159
6
2
59
1
93
11
5
213
201
159
6
2
59
1
93
11
5
213
201
159
6
2
59
1
93
11
5
213
201
159
6
2
59
1
93
11
5
213
201
159
6
2
59
1
93
11
5
213
201
159
6
2
59
1
93
11
5
213
201
159
6
2
59
1
93
11
5
213
201
159
6
2
59
1
93
11
5
213
201
159
6
2
59
1
93
11
5
213
201
159
6
2
59
1
93
11
5
213
201
159
6
2
59
1
93
11
5
213
201
159
6
2
59
1
93
11
5
213
201
159
6
2
59
1
93
11
5
213
201
159
6
2
59
1
93
11
5
213
201
159
6
2
59
1
93
11
5
213
201
159
6
2
59
1
93
11
5
213
201
159
6
2
59
1
93
11
5
213
201
159
6
2
59
1
93
11
5
213
201
159
6
2
59
1
93
11
5
213
201
159
6
2
59
1
93
11
5
213
201
159
6
2
59
1
93
11
5
213
201
159
6
2
59
1
93
11
5
213
201
159
6
2
59
1
93
11
5
213
201
159
6
2
59
1
93
11
5
213
201
159
6
2
59
1
93
11
5
213
201
159
6
2
59
1
93
11
5
213
201
159
6
2
59
1
93
11
5
213
201
159
6
2
59
1
93
11
5
213
201
159
6
2
59
1
93
11
5
213
201
159
6
2
59
1
93
11
5
213
201
159
6
2
59
1
93
11
5
213
201
159
6
2
59
1
93
11
5
213
201
159
6
2
59
1
93
11
5
213
201
159
6
2
59
1
93
11
5
213
201
159
6
2
59
1
93
11
5
213
201
159
6
2
59
1
93
11
5
213
201
159
6
2
59
1
93
11
5
213
201
159
6
2
59
1
93
11
5
213
201
159
6
2
59
1
93
11
5
213
201
159
6
2
59
1
93
11
5
213
201
159
6
2
59
1
93
11
5
213
201
159
6
2
59
1
93
11
5
213
201
159
6
2
59
1
93
11
5
213
201
159
6
2
59
1
93
11
5
213
201
159
6
2
59
1
93
11
5
213
201
159
6
2
59
1
93
11
5
213
201
159
6
2
59
1
93
11
5
213
201
159
6
2
59
1
93
11
5
213
201
159