6
2
40
93
11
5
213
80
201
159
6
2
40
93
11
5
213
80
201
159
6
2
40
93
11
5
213
80
201
159
6
2
40
93
11
5
213
80
201
159
6
2
40
93
11
5
213
80
201
159
6
2
40
93
11
5
213
80
201
159
6
2
40
93
11
5
213
80
201
159
6
2
40
93
11
5
213
80
201
159
6
2
40
93
11
5
213
80
201
159
6
2
40
93
11
5
213
80
201
159
6
2
40
93
11
5
213
80
201
159
6
2
40
93
11
5
213
80
201
159
6
2
40
93
11
5
213
80
201
159
6
2
40
93
11
5
213
80
201
159
6
2
40
93
11
5
213
80
201
159
6
2
40
93
11
5
213
80
201
159
6
2
40
93
11
5
213
80
201
159
6
2
40
93
11
5
213
80
201
159
6
2
40
93
11
5
213
80
201
159
6
2
40
93
11
5
213
80
201
159
6
2
40
93
11
5
213
80
201
159
6
2
40
93
11
5
213
80
201
159
6
2
40
93
11
5
213
80
201
159
6
2
40
93
11
5
213
80
201
159
6
2
40
93
11
5
213
80
201
159
6
2
40
93
11
5
213
80
201
159
6
2
40
93
11
5
213
80
201
159
6
2
40
93
11
5
213
80
201
159
6
2
40
93
11
5
213
80
201
159
6
2
40
93
11
5
213
80
201
159
6
2
40
93
11
5
213
80
201
159
6
2
40
93
11
5
213
80
201
159
6
2
40
93
11
5
213
80
201
159
6
2
40
93
11
5
213
80
201
159
6
2
40
93
11
5
213
80
201
159
6
2
40
93
11
5
213
80
201
159
6
2
40
93
11
5
213
80
201
159
6
2
40
93
11
5
213
80
201
159
6
2
40
93
11
5
213
80
201
159
6
2
40
93
11
5
213
80
201
159
6
2
40
93
11
5
213
80
201
159
6
2
40
93
11
5
213
80
201
159
6
2
40
93
11
5
213
80
201
159
6
2
40
93
11
5
213
80
201
159
6
2
40
93
11
5
213
80
201
159
6
2
40
93
11
5
213
80
201
159
6
2
40
93
11
5
213
80
201
159
6
2
40
93
11
5
213
80
201
159
6
2
40
93
11
5
213
80
201
159
6
2
40
93
11
5
213
80
201
159