6
2
59
1
40
93
11
5
213
201
6
2
59
1
40
93
11
5
213
201
6
2
59
1
40
93
11
5
213
201
6
2
59
1
40
93
11
5
213
201
6
2
59
1
40
93
11
5
213
201
6
2
59
1
40
93
11
5
213
201
6
2
59
1
40
93
11
5
213
201
6
2
59
1
40
93
11
5
213
201
6
2
59
1
40
93
11
5
213
201
6
2
59
1
40
93
11
5
213
201
6
2
59
1
40
93
11
5
213
201
6
2
59
1
40
93
11
5
213
201
6
2
59
1
40
93
11
5
213
201
6
2
59
1
40
93
11
5
213
201
6
2
59
1
40
93
11
5
213
201
6
2
59
1
40
93
11
5
213
201
6
2
59
1
40
93
11
5
213
201
6
2
59
1
40
93
11
5
213
201
6
2
59
1
40
93
11
5
213
201
6
2
59
1
40
93
11
5
213
201
6
2
59
1
40
93
11
5
213
201
6
2
59
1
40
93
11
5
213
201
6
2
59
1
40
93
11
5
213
201
6
2
59
1
40
93
11
5
213
201
6
2
59
1
40
93
11
5
213
201
6
2
59
1
40
93
11
5
213
201
6
2
59
1
40
93
11
5
213
201
6
2
59
1
40
93
11
5
213
201
6
2
59
1
40
93
11
5
213
201
6
2
59
1
40
93
11
5
213
201
6
2
59
1
40
93
11
5
213
201
6
2
59
1
40
93
11
5
213
201
6
2
59
1
40
93
11
5
213
201
6
2
59
1
40
93
11
5
213
201
6
2
59
1
40
93
11
5
213
201
6
2
59
1
40
93
11
5
213
201
6
2
59
1
40
93
11
5
213
201
6
2
59
1
40
93
11
5
213
201
6
2
59
1
40
93
11
5
213
201
6
2
59
1
40
93
11
5
213
201
6
2
59
1
40
93
11
5
213
201
6
2
59
1
40
93
11
5
213
201
6
2
59
1
40
93
11
5
213
201
6
2
59
1
40
93
11
5
213
201
6
2
59
1
40
93
11
5
213
201
6
2
59
1
40
93
11
5
213
201
6
2
59
1
40
93
11
5
213
201
6
2
59
1
40
93
11
5
213
201
6
2
59
1
40
93
11
5
213
201
6
2
59
1
40
93
11
5
213
201