2
59
40
93
11
5
213
80
201
159
2
59
40
93
11
5
213
80
201
159
2
59
40
93
11
5
213
80
201
159
2
59
40
93
11
5
213
80
201
159
2
59
40
93
11
5
213
80
201
159
2
59
40
93
11
5
213
80
201
159
2
59
40
93
11
5
213
80
201
159
2
59
40
93
11
5
213
80
201
159
2
59
40
93
11
5
213
80
201
159
2
59
40
93
11
5
213
80
201
159
2
59
40
93
11
5
213
80
201
159
2
59
40
93
11
5
213
80
201
159
2
59
40
93
11
5
213
80
201
159
2
59
40
93
11
5
213
80
201
159
2
59
40
93
11
5
213
80
201
159
2
59
40
93
11
5
213
80
201
159
2
59
40
93
11
5
213
80
201
159
2
59
40
93
11
5
213
80
201
159
2
59
40
93
11
5
213
80
201
159
2
59
40
93
11
5
213
80
201
159
2
59
40
93
11
5
213
80
201
159
2
59
40
93
11
5
213
80
201
159
2
59
40
93
11
5
213
80
201
159
2
59
40
93
11
5
213
80
201
159
2
59
40
93
11
5
213
80
201
159
2
59
40
93
11
5
213
80
201
159
2
59
40
93
11
5
213
80
201
159
2
59
40
93
11
5
213
80
201
159
2
59
40
93
11
5
213
80
201
159
2
59
40
93
11
5
213
80
201
159
2
59
40
93
11
5
213
80
201
159
2
59
40
93
11
5
213
80
201
159
2
59
40
93
11
5
213
80
201
159
2
59
40
93
11
5
213
80
201
159
2
59
40
93
11
5
213
80
201
159
2
59
40
93
11
5
213
80
201
159
2
59
40
93
11
5
213
80
201
159
2
59
40
93
11
5
213
80
201
159
2
59
40
93
11
5
213
80
201
159
2
59
40
93
11
5
213
80
201
159
2
59
40
93
11
5
213
80
201
159
2
59
40
93
11
5
213
80
201
159
2
59
40
93
11
5
213
80
201
159
2
59
40
93
11
5
213
80
201
159
2
59
40
93
11
5
213
80
201
159
2
59
40
93
11
5
213
80
201
159
2
59
40
93
11
5
213
80
201
159
2
59
40
93
11
5
213
80
201
159
2
59
40
93
11
5
213
80
201
159
2
59
40
93
11
5
213
80
201
159