93
40
6
201
159
80
58
5
59
286
93
40
6
201
159
80
58
5
59
286
93
40
6
201
159
80
58
5
59
286
93
40
6
201
159
80
58
5
59
286
93
40
6
201
159
80
58
5
59
286
93
40
6
201
159
80
58
5
59
286
93
40
6
201
159
80
58
5
59
286
93
40
6
201
159
80
58
5
59
286
93
40
6
201
159
80
58
5
59
286
93
40
6
201
159
80
58
5
59
286
93
40
6
201
159
80
58
5
59
286
93
40
6
201
159
80
58
5
59
286
93
40
6
201
159
80
58
5
59
286
93
40
6
201
159
80
58
5
59
286
93
40
6
201
159
80
58
5
59
286
93
40
6
201
159
80
58
5
59
286
93
40
6
201
159
80
58
5
59
286
93
40
6
201
159
80
58
5
59
286
93
40
6
201
159
80
58
5
59
286
93
40
6
201
159
80
58
5
59
286
93
40
6
201
159
80
58
5
59
286
93
40
6
201
159
80
58
5
59
286
93
40
6
201
159
80
58
5
59
286
93
40
6
201
159
80
58
5
59
286
93
40
6
201
159
80
58
5
59
286
93
40
6
201
159
80
58
5
59
286
93
40
6
201
159
80
58
5
59
286
93
40
6
201
159
80
58
5
59
286
93
40
6
201
159
80
58
5
59
286
93
40
6
201
159
80
58
5
59
286
93
40
6
201
159
80
58
5
59
286
93
40
6
201
159
80
58
5
59
286
93
40
6
201
159
80
58
5
59
286
93
40
6
201
159
80
58
5
59
286
93
40
6
201
159
80
58
5
59
286
93
40
6
201
159
80
58
5
59
286
93
40
6
201
159
80
58
5
59
286
93
40
6
201
159
80
58
5
59
286
93
40
6
201
159
80
58
5
59
286
93
40
6
201
159
80
58
5
59
286
93
40
6
201
159
80
58
5
59
286
93
40
6
201
159
80
58
5
59
286
93
40
6
201
159
80
58
5
59
286
93
40
6
201
159
80
58
5
59
286
93
40
6
201
159
80
58
5
59
286
93
40
6
201
159
80
58
5
59
286
93
40
6
201
159
80
58
5
59
286
93
40
6
201
159
80
58
5
59
286
93
40
6
201
159
80
58
5
59
286
93
40
6
201
159
80
58
5
59
286