74
28
19
87
204
15
73
9
2
38
74
28
19
87
204
15
73
9
2
38
74
28
19
87
204
15
73
9
2
38
74
28
19
87
204
15
73
9
2
38
74
28
19
87
204
15
73
9
2
38
74
28
19
87
204
15
73
9
2
38
74
28
19
87
204
15
73
9
2
38
74
28
19
87
204
15
73
9
2
38
74
28
19
87
204
15
73
9
2
38
74
28
19
87
204
15
73
9
2
38
74
28
19
87
204
15
73
9
2
38
74
28
19
87
204
15
73
9
2
38
74
28
19
87
204
15
73
9
2
38
74
28
19
87
204
15
73
9
2
38
74
28
19
87
204
15
73
9
2
38
74
28
19
87
204
15
73
9
2
38
74
28
19
87
204
15
73
9
2
38
74
28
19
87
204
15
73
9
2
38
74
28
19
87
204
15
73
9
2
38
74
28
19
87
204
15
73
9
2
38
74
28
19
87
204
15
73
9
2
38
74
28
19
87
204
15
73
9
2
38
74
28
19
87
204
15
73
9
2
38
74
28
19
87
204
15
73
9
2
38
74
28
19
87
204
15
73
9
2
38
74
28
19
87
204
15
73
9
2
38
74
28
19
87
204
15
73
9
2
38
74
28
19
87
204
15
73
9
2
38
74
28
19
87
204
15
73
9
2
38
74
28
19
87
204
15
73
9
2
38
74
28
19
87
204
15
73
9
2
38
74
28
19
87
204
15
73
9
2
38
74
28
19
87
204
15
73
9
2
38
74
28
19
87
204
15
73
9
2
38
74
28
19
87
204
15
73
9
2
38
74
28
19
87
204
15
73
9
2
38
74
28
19
87
204
15
73
9
2
38
74
28
19
87
204
15
73
9
2
38
74
28
19
87
204
15
73
9
2
38
74
28
19
87
204
15
73
9
2
38
74
28
19
87
204
15
73
9
2
38
74
28
19
87
204
15
73
9
2
38
74
28
19
87
204
15
73
9
2
38
74
28
19
87
204
15
73
9
2
38
74
28
19
87
204
15
73
9
2
38
74
28
19
87
204
15
73
9
2
38
74
28
19
87
204
15
73
9
2
38
74
28
19
87
204
15
73
9
2
38
74
28
19
87
204
15
73
9
2
38
74
28
19
87
204
15
73
9
2
38