38
1
87
112
74
15
9
204
28
19
38
1
87
112
74
15
9
204
28
19
38
1
87
112
74
15
9
204
28
19
38
1
87
112
74
15
9
204
28
19
38
1
87
112
74
15
9
204
28
19
38
1
87
112
74
15
9
204
28
19
38
1
87
112
74
15
9
204
28
19
38
1
87
112
74
15
9
204
28
19
38
1
87
112
74
15
9
204
28
19
38
1
87
112
74
15
9
204
28
19
38
1
87
112
74
15
9
204
28
19
38
1
87
112
74
15
9
204
28
19
38
1
87
112
74
15
9
204
28
19
38
1
87
112
74
15
9
204
28
19
38
1
87
112
74
15
9
204
28
19
38
1
87
112
74
15
9
204
28
19
38
1
87
112
74
15
9
204
28
19
38
1
87
112
74
15
9
204
28
19
38
1
87
112
74
15
9
204
28
19
38
1
87
112
74
15
9
204
28
19
38
1
87
112
74
15
9
204
28
19
38
1
87
112
74
15
9
204
28
19
38
1
87
112
74
15
9
204
28
19
38
1
87
112
74
15
9
204
28
19
38
1
87
112
74
15
9
204
28
19
38
1
87
112
74
15
9
204
28
19
38
1
87
112
74
15
9
204
28
19
38
1
87
112
74
15
9
204
28
19
38
1
87
112
74
15
9
204
28
19
38
1
87
112
74
15
9
204
28
19
38
1
87
112
74
15
9
204
28
19
38
1
87
112
74
15
9
204
28
19
38
1
87
112
74
15
9
204
28
19
38
1
87
112
74
15
9
204
28
19
38
1
87
112
74
15
9
204
28
19
38
1
87
112
74
15
9
204
28
19
38
1
87
112
74
15
9
204
28
19
38
1
87
112
74
15
9
204
28
19
38
1
87
112
74
15
9
204
28
19
38
1
87
112
74
15
9
204
28
19
38
1
87
112
74
15
9
204
28
19
38
1
87
112
74
15
9
204
28
19
38
1
87
112
74
15
9
204
28
19
38
1
87
112
74
15
9
204
28
19
38
1
87
112
74
15
9
204
28
19
38
1
87
112
74
15
9
204
28
19
38
1
87
112
74
15
9
204
28
19
38
1
87
112
74
15
9
204
28
19
38
1
87
112
74
15
9
204
28
19
38
1
87
112
74
15
9
204
28
19