38
73
204
19
74
83
2
1
111
112
38
73
204
19
74
83
2
1
111
112
38
73
204
19
74
83
2
1
111
112
38
73
204
19
74
83
2
1
111
112
38
73
204
19
74
83
2
1
111
112
38
73
204
19
74
83
2
1
111
112
38
73
204
19
74
83
2
1
111
112
38
73
204
19
74
83
2
1
111
112
38
73
204
19
74
83
2
1
111
112
38
73
204
19
74
83
2
1
111
112
38
73
204
19
74
83
2
1
111
112
38
73
204
19
74
83
2
1
111
112
38
73
204
19
74
83
2
1
111
112
38
73
204
19
74
83
2
1
111
112
38
73
204
19
74
83
2
1
111
112
38
73
204
19
74
83
2
1
111
112
38
73
204
19
74
83
2
1
111
112
38
73
204
19
74
83
2
1
111
112
38
73
204
19
74
83
2
1
111
112
38
73
204
19
74
83
2
1
111
112
38
73
204
19
74
83
2
1
111
112
38
73
204
19
74
83
2
1
111
112
38
73
204
19
74
83
2
1
111
112
38
73
204
19
74
83
2
1
111
112
38
73
204
19
74
83
2
1
111
112
38
73
204
19
74
83
2
1
111
112
38
73
204
19
74
83
2
1
111
112
38
73
204
19
74
83
2
1
111
112
38
73
204
19
74
83
2
1
111
112
38
73
204
19
74
83
2
1
111
112
38
73
204
19
74
83
2
1
111
112
38
73
204
19
74
83
2
1
111
112
38
73
204
19
74
83
2
1
111
112
38
73
204
19
74
83
2
1
111
112
38
73
204
19
74
83
2
1
111
112
38
73
204
19
74
83
2
1
111
112
38
73
204
19
74
83
2
1
111
112
38
73
204
19
74
83
2
1
111
112
38
73
204
19
74
83
2
1
111
112
38
73
204
19
74
83
2
1
111
112
38
73
204
19
74
83
2
1
111
112
38
73
204
19
74
83
2
1
111
112
38
73
204
19
74
83
2
1
111
112
38
73
204
19
74
83
2
1
111
112
38
73
204
19
74
83
2
1
111
112
38
73
204
19
74
83
2
1
111
112
38
73
204
19
74
83
2
1
111
112
38
73
204
19
74
83
2
1
111
112
38
73
204
19
74
83
2
1
111
112
38
73
204
19
74
83
2
1
111
112