87
204
111
38
15
9
1
74
73
83
87
204
111
38
15
9
1
74
73
83
87
204
111
38
15
9
1
74
73
83
87
204
111
38
15
9
1
74
73
83
87
204
111
38
15
9
1
74
73
83
87
204
111
38
15
9
1
74
73
83
87
204
111
38
15
9
1
74
73
83
87
204
111
38
15
9
1
74
73
83
87
204
111
38
15
9
1
74
73
83
87
204
111
38
15
9
1
74
73
83
87
204
111
38
15
9
1
74
73
83
87
204
111
38
15
9
1
74
73
83
87
204
111
38
15
9
1
74
73
83
87
204
111
38
15
9
1
74
73
83
87
204
111
38
15
9
1
74
73
83
87
204
111
38
15
9
1
74
73
83
87
204
111
38
15
9
1
74
73
83
87
204
111
38
15
9
1
74
73
83
87
204
111
38
15
9
1
74
73
83
87
204
111
38
15
9
1
74
73
83
87
204
111
38
15
9
1
74
73
83
87
204
111
38
15
9
1
74
73
83
87
204
111
38
15
9
1
74
73
83
87
204
111
38
15
9
1
74
73
83
87
204
111
38
15
9
1
74
73
83
87
204
111
38
15
9
1
74
73
83
87
204
111
38
15
9
1
74
73
83
87
204
111
38
15
9
1
74
73
83
87
204
111
38
15
9
1
74
73
83
87
204
111
38
15
9
1
74
73
83
87
204
111
38
15
9
1
74
73
83
87
204
111
38
15
9
1
74
73
83
87
204
111
38
15
9
1
74
73
83
87
204
111
38
15
9
1
74
73
83
87
204
111
38
15
9
1
74
73
83
87
204
111
38
15
9
1
74
73
83
87
204
111
38
15
9
1
74
73
83
87
204
111
38
15
9
1
74
73
83
87
204
111
38
15
9
1
74
73
83
87
204
111
38
15
9
1
74
73
83
87
204
111
38
15
9
1
74
73
83
87
204
111
38
15
9
1
74
73
83
87
204
111
38
15
9
1
74
73
83
87
204
111
38
15
9
1
74
73
83
87
204
111
38
15
9
1
74
73
83
87
204
111
38
15
9
1
74
73
83
87
204
111
38
15
9
1
74
73
83
87
204
111
38
15
9
1
74
73
83
87
204
111
38
15
9
1
74
73
83
87
204
111
38
15
9
1
74
73
83