9
38
73
28
83
74
87
1
2
112
9
38
73
28
83
74
87
1
2
112
9
38
73
28
83
74
87
1
2
112
9
38
73
28
83
74
87
1
2
112
9
38
73
28
83
74
87
1
2
112
9
38
73
28
83
74
87
1
2
112
9
38
73
28
83
74
87
1
2
112
9
38
73
28
83
74
87
1
2
112
9
38
73
28
83
74
87
1
2
112
9
38
73
28
83
74
87
1
2
112
9
38
73
28
83
74
87
1
2
112
9
38
73
28
83
74
87
1
2
112
9
38
73
28
83
74
87
1
2
112
9
38
73
28
83
74
87
1
2
112
9
38
73
28
83
74
87
1
2
112
9
38
73
28
83
74
87
1
2
112
9
38
73
28
83
74
87
1
2
112
9
38
73
28
83
74
87
1
2
112
9
38
73
28
83
74
87
1
2
112
9
38
73
28
83
74
87
1
2
112
9
38
73
28
83
74
87
1
2
112
9
38
73
28
83
74
87
1
2
112
9
38
73
28
83
74
87
1
2
112
9
38
73
28
83
74
87
1
2
112
9
38
73
28
83
74
87
1
2
112
9
38
73
28
83
74
87
1
2
112
9
38
73
28
83
74
87
1
2
112
9
38
73
28
83
74
87
1
2
112
9
38
73
28
83
74
87
1
2
112
9
38
73
28
83
74
87
1
2
112
9
38
73
28
83
74
87
1
2
112
9
38
73
28
83
74
87
1
2
112
9
38
73
28
83
74
87
1
2
112
9
38
73
28
83
74
87
1
2
112
9
38
73
28
83
74
87
1
2
112
9
38
73
28
83
74
87
1
2
112
9
38
73
28
83
74
87
1
2
112
9
38
73
28
83
74
87
1
2
112
9
38
73
28
83
74
87
1
2
112
9
38
73
28
83
74
87
1
2
112
9
38
73
28
83
74
87
1
2
112
9
38
73
28
83
74
87
1
2
112
9
38
73
28
83
74
87
1
2
112
9
38
73
28
83
74
87
1
2
112
9
38
73
28
83
74
87
1
2
112
9
38
73
28
83
74
87
1
2
112
9
38
73
28
83
74
87
1
2
112
9
38
73
28
83
74
87
1
2
112
9
38
73
28
83
74
87
1
2
112
9
38
73
28
83
74
87
1
2
112