87
73
15
83
74
112
204
19
38
111
87
73
15
83
74
112
204
19
38
111
87
73
15
83
74
112
204
19
38
111
87
73
15
83
74
112
204
19
38
111
87
73
15
83
74
112
204
19
38
111
87
73
15
83
74
112
204
19
38
111
87
73
15
83
74
112
204
19
38
111
87
73
15
83
74
112
204
19
38
111
87
73
15
83
74
112
204
19
38
111
87
73
15
83
74
112
204
19
38
111
87
73
15
83
74
112
204
19
38
111
87
73
15
83
74
112
204
19
38
111
87
73
15
83
74
112
204
19
38
111
87
73
15
83
74
112
204
19
38
111
87
73
15
83
74
112
204
19
38
111
87
73
15
83
74
112
204
19
38
111
87
73
15
83
74
112
204
19
38
111
87
73
15
83
74
112
204
19
38
111
87
73
15
83
74
112
204
19
38
111
87
73
15
83
74
112
204
19
38
111
87
73
15
83
74
112
204
19
38
111
87
73
15
83
74
112
204
19
38
111
87
73
15
83
74
112
204
19
38
111
87
73
15
83
74
112
204
19
38
111
87
73
15
83
74
112
204
19
38
111
87
73
15
83
74
112
204
19
38
111
87
73
15
83
74
112
204
19
38
111
87
73
15
83
74
112
204
19
38
111
87
73
15
83
74
112
204
19
38
111
87
73
15
83
74
112
204
19
38
111
87
73
15
83
74
112
204
19
38
111
87
73
15
83
74
112
204
19
38
111
87
73
15
83
74
112
204
19
38
111
87
73
15
83
74
112
204
19
38
111
87
73
15
83
74
112
204
19
38
111
87
73
15
83
74
112
204
19
38
111
87
73
15
83
74
112
204
19
38
111
87
73
15
83
74
112
204
19
38
111
87
73
15
83
74
112
204
19
38
111
87
73
15
83
74
112
204
19
38
111
87
73
15
83
74
112
204
19
38
111
87
73
15
83
74
112
204
19
38
111
87
73
15
83
74
112
204
19
38
111
87
73
15
83
74
112
204
19
38
111
87
73
15
83
74
112
204
19
38
111
87
73
15
83
74
112
204
19
38
111
87
73
15
83
74
112
204
19
38
111
87
73
15
83
74
112
204
19
38
111
87
73
15
83
74
112
204
19
38
111
87
73
15
83
74
112
204
19
38
111