83
38
1
74
19
111
204
87
28
9
83
38
1
74
19
111
204
87
28
9
83
38
1
74
19
111
204
87
28
9
83
38
1
74
19
111
204
87
28
9
83
38
1
74
19
111
204
87
28
9
83
38
1
74
19
111
204
87
28
9
83
38
1
74
19
111
204
87
28
9
83
38
1
74
19
111
204
87
28
9
83
38
1
74
19
111
204
87
28
9
83
38
1
74
19
111
204
87
28
9
83
38
1
74
19
111
204
87
28
9
83
38
1
74
19
111
204
87
28
9
83
38
1
74
19
111
204
87
28
9
83
38
1
74
19
111
204
87
28
9
83
38
1
74
19
111
204
87
28
9
83
38
1
74
19
111
204
87
28
9
83
38
1
74
19
111
204
87
28
9
83
38
1
74
19
111
204
87
28
9
83
38
1
74
19
111
204
87
28
9
83
38
1
74
19
111
204
87
28
9
83
38
1
74
19
111
204
87
28
9
83
38
1
74
19
111
204
87
28
9
83
38
1
74
19
111
204
87
28
9
83
38
1
74
19
111
204
87
28
9
83
38
1
74
19
111
204
87
28
9
83
38
1
74
19
111
204
87
28
9
83
38
1
74
19
111
204
87
28
9
83
38
1
74
19
111
204
87
28
9
83
38
1
74
19
111
204
87
28
9
83
38
1
74
19
111
204
87
28
9
83
38
1
74
19
111
204
87
28
9
83
38
1
74
19
111
204
87
28
9
83
38
1
74
19
111
204
87
28
9
83
38
1
74
19
111
204
87
28
9
83
38
1
74
19
111
204
87
28
9
83
38
1
74
19
111
204
87
28
9
83
38
1
74
19
111
204
87
28
9
83
38
1
74
19
111
204
87
28
9
83
38
1
74
19
111
204
87
28
9
83
38
1
74
19
111
204
87
28
9
83
38
1
74
19
111
204
87
28
9
83
38
1
74
19
111
204
87
28
9
83
38
1
74
19
111
204
87
28
9
83
38
1
74
19
111
204
87
28
9
83
38
1
74
19
111
204
87
28
9
83
38
1
74
19
111
204
87
28
9
83
38
1
74
19
111
204
87
28
9
83
38
1
74
19
111
204
87
28
9
83
38
1
74
19
111
204
87
28
9
83
38
1
74
19
111
204
87
28
9