2
111
204
28
1
38
74
19
112
83
2
111
204
28
1
38
74
19
112
83
2
111
204
28
1
38
74
19
112
83
2
111
204
28
1
38
74
19
112
83
2
111
204
28
1
38
74
19
112
83
2
111
204
28
1
38
74
19
112
83
2
111
204
28
1
38
74
19
112
83
2
111
204
28
1
38
74
19
112
83
2
111
204
28
1
38
74
19
112
83
2
111
204
28
1
38
74
19
112
83
2
111
204
28
1
38
74
19
112
83
2
111
204
28
1
38
74
19
112
83
2
111
204
28
1
38
74
19
112
83
2
111
204
28
1
38
74
19
112
83
2
111
204
28
1
38
74
19
112
83
2
111
204
28
1
38
74
19
112
83
2
111
204
28
1
38
74
19
112
83
2
111
204
28
1
38
74
19
112
83
2
111
204
28
1
38
74
19
112
83
2
111
204
28
1
38
74
19
112
83
2
111
204
28
1
38
74
19
112
83
2
111
204
28
1
38
74
19
112
83
2
111
204
28
1
38
74
19
112
83
2
111
204
28
1
38
74
19
112
83
2
111
204
28
1
38
74
19
112
83
2
111
204
28
1
38
74
19
112
83
2
111
204
28
1
38
74
19
112
83
2
111
204
28
1
38
74
19
112
83
2
111
204
28
1
38
74
19
112
83
2
111
204
28
1
38
74
19
112
83
2
111
204
28
1
38
74
19
112
83
2
111
204
28
1
38
74
19
112
83
2
111
204
28
1
38
74
19
112
83
2
111
204
28
1
38
74
19
112
83
2
111
204
28
1
38
74
19
112
83
2
111
204
28
1
38
74
19
112
83
2
111
204
28
1
38
74
19
112
83
2
111
204
28
1
38
74
19
112
83
2
111
204
28
1
38
74
19
112
83
2
111
204
28
1
38
74
19
112
83
2
111
204
28
1
38
74
19
112
83
2
111
204
28
1
38
74
19
112
83
2
111
204
28
1
38
74
19
112
83
2
111
204
28
1
38
74
19
112
83
2
111
204
28
1
38
74
19
112
83
2
111
204
28
1
38
74
19
112
83
2
111
204
28
1
38
74
19
112
83
2
111
204
28
1
38
74
19
112
83
2
111
204
28
1
38
74
19
112
83
2
111
204
28
1
38
74
19
112
83