15
1
2
74
38
83
112
204
28
87
15
1
2
74
38
83
112
204
28
87
15
1
2
74
38
83
112
204
28
87
15
1
2
74
38
83
112
204
28
87
15
1
2
74
38
83
112
204
28
87
15
1
2
74
38
83
112
204
28
87
15
1
2
74
38
83
112
204
28
87
15
1
2
74
38
83
112
204
28
87
15
1
2
74
38
83
112
204
28
87
15
1
2
74
38
83
112
204
28
87
15
1
2
74
38
83
112
204
28
87
15
1
2
74
38
83
112
204
28
87
15
1
2
74
38
83
112
204
28
87
15
1
2
74
38
83
112
204
28
87
15
1
2
74
38
83
112
204
28
87
15
1
2
74
38
83
112
204
28
87
15
1
2
74
38
83
112
204
28
87
15
1
2
74
38
83
112
204
28
87
15
1
2
74
38
83
112
204
28
87
15
1
2
74
38
83
112
204
28
87
15
1
2
74
38
83
112
204
28
87
15
1
2
74
38
83
112
204
28
87
15
1
2
74
38
83
112
204
28
87
15
1
2
74
38
83
112
204
28
87
15
1
2
74
38
83
112
204
28
87
15
1
2
74
38
83
112
204
28
87
15
1
2
74
38
83
112
204
28
87
15
1
2
74
38
83
112
204
28
87
15
1
2
74
38
83
112
204
28
87
15
1
2
74
38
83
112
204
28
87
15
1
2
74
38
83
112
204
28
87
15
1
2
74
38
83
112
204
28
87
15
1
2
74
38
83
112
204
28
87
15
1
2
74
38
83
112
204
28
87
15
1
2
74
38
83
112
204
28
87
15
1
2
74
38
83
112
204
28
87
15
1
2
74
38
83
112
204
28
87
15
1
2
74
38
83
112
204
28
87
15
1
2
74
38
83
112
204
28
87
15
1
2
74
38
83
112
204
28
87
15
1
2
74
38
83
112
204
28
87
15
1
2
74
38
83
112
204
28
87
15
1
2
74
38
83
112
204
28
87
15
1
2
74
38
83
112
204
28
87
15
1
2
74
38
83
112
204
28
87
15
1
2
74
38
83
112
204
28
87
15
1
2
74
38
83
112
204
28
87
15
1
2
74
38
83
112
204
28
87
15
1
2
74
38
83
112
204
28
87
15
1
2
74
38
83
112
204
28
87