87
19
74
15
1
83
9
204
112
38
87
19
74
15
1
83
9
204
112
38
87
19
74
15
1
83
9
204
112
38
87
19
74
15
1
83
9
204
112
38
87
19
74
15
1
83
9
204
112
38
87
19
74
15
1
83
9
204
112
38
87
19
74
15
1
83
9
204
112
38
87
19
74
15
1
83
9
204
112
38
87
19
74
15
1
83
9
204
112
38
87
19
74
15
1
83
9
204
112
38
87
19
74
15
1
83
9
204
112
38
87
19
74
15
1
83
9
204
112
38
87
19
74
15
1
83
9
204
112
38
87
19
74
15
1
83
9
204
112
38
87
19
74
15
1
83
9
204
112
38
87
19
74
15
1
83
9
204
112
38
87
19
74
15
1
83
9
204
112
38
87
19
74
15
1
83
9
204
112
38
87
19
74
15
1
83
9
204
112
38
87
19
74
15
1
83
9
204
112
38
87
19
74
15
1
83
9
204
112
38
87
19
74
15
1
83
9
204
112
38
87
19
74
15
1
83
9
204
112
38
87
19
74
15
1
83
9
204
112
38
87
19
74
15
1
83
9
204
112
38
87
19
74
15
1
83
9
204
112
38
87
19
74
15
1
83
9
204
112
38
87
19
74
15
1
83
9
204
112
38
87
19
74
15
1
83
9
204
112
38
87
19
74
15
1
83
9
204
112
38
87
19
74
15
1
83
9
204
112
38
87
19
74
15
1
83
9
204
112
38
87
19
74
15
1
83
9
204
112
38
87
19
74
15
1
83
9
204
112
38
87
19
74
15
1
83
9
204
112
38
87
19
74
15
1
83
9
204
112
38
87
19
74
15
1
83
9
204
112
38
87
19
74
15
1
83
9
204
112
38
87
19
74
15
1
83
9
204
112
38
87
19
74
15
1
83
9
204
112
38
87
19
74
15
1
83
9
204
112
38
87
19
74
15
1
83
9
204
112
38
87
19
74
15
1
83
9
204
112
38
87
19
74
15
1
83
9
204
112
38
87
19
74
15
1
83
9
204
112
38
87
19
74
15
1
83
9
204
112
38
87
19
74
15
1
83
9
204
112
38
87
19
74
15
1
83
9
204
112
38
87
19
74
15
1
83
9
204
112
38
87
19
74
15
1
83
9
204
112
38