28
112
1
73
38
2
204
9
19
83
28
112
1
73
38
2
204
9
19
83
28
112
1
73
38
2
204
9
19
83
28
112
1
73
38
2
204
9
19
83
28
112
1
73
38
2
204
9
19
83
28
112
1
73
38
2
204
9
19
83
28
112
1
73
38
2
204
9
19
83
28
112
1
73
38
2
204
9
19
83
28
112
1
73
38
2
204
9
19
83
28
112
1
73
38
2
204
9
19
83
28
112
1
73
38
2
204
9
19
83
28
112
1
73
38
2
204
9
19
83
28
112
1
73
38
2
204
9
19
83
28
112
1
73
38
2
204
9
19
83
28
112
1
73
38
2
204
9
19
83
28
112
1
73
38
2
204
9
19
83
28
112
1
73
38
2
204
9
19
83
28
112
1
73
38
2
204
9
19
83
28
112
1
73
38
2
204
9
19
83
28
112
1
73
38
2
204
9
19
83
28
112
1
73
38
2
204
9
19
83
28
112
1
73
38
2
204
9
19
83
28
112
1
73
38
2
204
9
19
83
28
112
1
73
38
2
204
9
19
83
28
112
1
73
38
2
204
9
19
83
28
112
1
73
38
2
204
9
19
83
28
112
1
73
38
2
204
9
19
83
28
112
1
73
38
2
204
9
19
83
28
112
1
73
38
2
204
9
19
83
28
112
1
73
38
2
204
9
19
83
28
112
1
73
38
2
204
9
19
83
28
112
1
73
38
2
204
9
19
83
28
112
1
73
38
2
204
9
19
83
28
112
1
73
38
2
204
9
19
83
28
112
1
73
38
2
204
9
19
83
28
112
1
73
38
2
204
9
19
83
28
112
1
73
38
2
204
9
19
83
28
112
1
73
38
2
204
9
19
83
28
112
1
73
38
2
204
9
19
83
28
112
1
73
38
2
204
9
19
83
28
112
1
73
38
2
204
9
19
83
28
112
1
73
38
2
204
9
19
83
28
112
1
73
38
2
204
9
19
83
28
112
1
73
38
2
204
9
19
83
28
112
1
73
38
2
204
9
19
83
28
112
1
73
38
2
204
9
19
83
28
112
1
73
38
2
204
9
19
83
28
112
1
73
38
2
204
9
19
83
28
112
1
73
38
2
204
9
19
83
28
112
1
73
38
2
204
9
19
83