9
15
87
83
38
19
73
204
112
2
9
15
87
83
38
19
73
204
112
2
9
15
87
83
38
19
73
204
112
2
9
15
87
83
38
19
73
204
112
2
9
15
87
83
38
19
73
204
112
2
9
15
87
83
38
19
73
204
112
2
9
15
87
83
38
19
73
204
112
2
9
15
87
83
38
19
73
204
112
2
9
15
87
83
38
19
73
204
112
2
9
15
87
83
38
19
73
204
112
2
9
15
87
83
38
19
73
204
112
2
9
15
87
83
38
19
73
204
112
2
9
15
87
83
38
19
73
204
112
2
9
15
87
83
38
19
73
204
112
2
9
15
87
83
38
19
73
204
112
2
9
15
87
83
38
19
73
204
112
2
9
15
87
83
38
19
73
204
112
2
9
15
87
83
38
19
73
204
112
2
9
15
87
83
38
19
73
204
112
2
9
15
87
83
38
19
73
204
112
2
9
15
87
83
38
19
73
204
112
2
9
15
87
83
38
19
73
204
112
2
9
15
87
83
38
19
73
204
112
2
9
15
87
83
38
19
73
204
112
2
9
15
87
83
38
19
73
204
112
2
9
15
87
83
38
19
73
204
112
2
9
15
87
83
38
19
73
204
112
2
9
15
87
83
38
19
73
204
112
2
9
15
87
83
38
19
73
204
112
2
9
15
87
83
38
19
73
204
112
2
9
15
87
83
38
19
73
204
112
2
9
15
87
83
38
19
73
204
112
2
9
15
87
83
38
19
73
204
112
2
9
15
87
83
38
19
73
204
112
2
9
15
87
83
38
19
73
204
112
2
9
15
87
83
38
19
73
204
112
2
9
15
87
83
38
19
73
204
112
2
9
15
87
83
38
19
73
204
112
2
9
15
87
83
38
19
73
204
112
2
9
15
87
83
38
19
73
204
112
2
9
15
87
83
38
19
73
204
112
2
9
15
87
83
38
19
73
204
112
2
9
15
87
83
38
19
73
204
112
2
9
15
87
83
38
19
73
204
112
2
9
15
87
83
38
19
73
204
112
2
9
15
87
83
38
19
73
204
112
2
9
15
87
83
38
19
73
204
112
2
9
15
87
83
38
19
73
204
112
2
9
15
87
83
38
19
73
204
112
2
9
15
87
83
38
19
73
204
112
2