111
87
15
2
28
1
73
38
9
112
111
87
15
2
28
1
73
38
9
112
111
87
15
2
28
1
73
38
9
112
111
87
15
2
28
1
73
38
9
112
111
87
15
2
28
1
73
38
9
112
111
87
15
2
28
1
73
38
9
112
111
87
15
2
28
1
73
38
9
112
111
87
15
2
28
1
73
38
9
112
111
87
15
2
28
1
73
38
9
112
111
87
15
2
28
1
73
38
9
112
111
87
15
2
28
1
73
38
9
112
111
87
15
2
28
1
73
38
9
112
111
87
15
2
28
1
73
38
9
112
111
87
15
2
28
1
73
38
9
112
111
87
15
2
28
1
73
38
9
112
111
87
15
2
28
1
73
38
9
112
111
87
15
2
28
1
73
38
9
112
111
87
15
2
28
1
73
38
9
112
111
87
15
2
28
1
73
38
9
112
111
87
15
2
28
1
73
38
9
112
111
87
15
2
28
1
73
38
9
112
111
87
15
2
28
1
73
38
9
112
111
87
15
2
28
1
73
38
9
112
111
87
15
2
28
1
73
38
9
112
111
87
15
2
28
1
73
38
9
112
111
87
15
2
28
1
73
38
9
112
111
87
15
2
28
1
73
38
9
112
111
87
15
2
28
1
73
38
9
112
111
87
15
2
28
1
73
38
9
112
111
87
15
2
28
1
73
38
9
112
111
87
15
2
28
1
73
38
9
112
111
87
15
2
28
1
73
38
9
112
111
87
15
2
28
1
73
38
9
112
111
87
15
2
28
1
73
38
9
112
111
87
15
2
28
1
73
38
9
112
111
87
15
2
28
1
73
38
9
112
111
87
15
2
28
1
73
38
9
112
111
87
15
2
28
1
73
38
9
112
111
87
15
2
28
1
73
38
9
112
111
87
15
2
28
1
73
38
9
112
111
87
15
2
28
1
73
38
9
112
111
87
15
2
28
1
73
38
9
112
111
87
15
2
28
1
73
38
9
112
111
87
15
2
28
1
73
38
9
112
111
87
15
2
28
1
73
38
9
112
111
87
15
2
28
1
73
38
9
112
111
87
15
2
28
1
73
38
9
112
111
87
15
2
28
1
73
38
9
112
111
87
15
2
28
1
73
38
9
112
111
87
15
2
28
1
73
38
9
112