15
74
2
73
204
9
28
1
112
87
15
74
2
73
204
9
28
1
112
87
15
74
2
73
204
9
28
1
112
87
15
74
2
73
204
9
28
1
112
87
15
74
2
73
204
9
28
1
112
87
15
74
2
73
204
9
28
1
112
87
15
74
2
73
204
9
28
1
112
87
15
74
2
73
204
9
28
1
112
87
15
74
2
73
204
9
28
1
112
87
15
74
2
73
204
9
28
1
112
87
15
74
2
73
204
9
28
1
112
87
15
74
2
73
204
9
28
1
112
87
15
74
2
73
204
9
28
1
112
87
15
74
2
73
204
9
28
1
112
87
15
74
2
73
204
9
28
1
112
87
15
74
2
73
204
9
28
1
112
87
15
74
2
73
204
9
28
1
112
87
15
74
2
73
204
9
28
1
112
87
15
74
2
73
204
9
28
1
112
87
15
74
2
73
204
9
28
1
112
87
15
74
2
73
204
9
28
1
112
87
15
74
2
73
204
9
28
1
112
87
15
74
2
73
204
9
28
1
112
87
15
74
2
73
204
9
28
1
112
87
15
74
2
73
204
9
28
1
112
87
15
74
2
73
204
9
28
1
112
87
15
74
2
73
204
9
28
1
112
87
15
74
2
73
204
9
28
1
112
87
15
74
2
73
204
9
28
1
112
87
15
74
2
73
204
9
28
1
112
87
15
74
2
73
204
9
28
1
112
87
15
74
2
73
204
9
28
1
112
87
15
74
2
73
204
9
28
1
112
87
15
74
2
73
204
9
28
1
112
87
15
74
2
73
204
9
28
1
112
87
15
74
2
73
204
9
28
1
112
87
15
74
2
73
204
9
28
1
112
87
15
74
2
73
204
9
28
1
112
87
15
74
2
73
204
9
28
1
112
87
15
74
2
73
204
9
28
1
112
87
15
74
2
73
204
9
28
1
112
87
15
74
2
73
204
9
28
1
112
87
15
74
2
73
204
9
28
1
112
87
15
74
2
73
204
9
28
1
112
87
15
74
2
73
204
9
28
1
112
87
15
74
2
73
204
9
28
1
112
87
15
74
2
73
204
9
28
1
112
87
15
74
2
73
204
9
28
1
112
87
15
74
2
73
204
9
28
1
112
87
15
74
2
73
204
9
28
1
112
87