74
1
19
73
112
28
87
2
83
38
74
1
19
73
112
28
87
2
83
38
74
1
19
73
112
28
87
2
83
38
74
1
19
73
112
28
87
2
83
38
74
1
19
73
112
28
87
2
83
38
74
1
19
73
112
28
87
2
83
38
74
1
19
73
112
28
87
2
83
38
74
1
19
73
112
28
87
2
83
38
74
1
19
73
112
28
87
2
83
38
74
1
19
73
112
28
87
2
83
38
74
1
19
73
112
28
87
2
83
38
74
1
19
73
112
28
87
2
83
38
74
1
19
73
112
28
87
2
83
38
74
1
19
73
112
28
87
2
83
38
74
1
19
73
112
28
87
2
83
38
74
1
19
73
112
28
87
2
83
38
74
1
19
73
112
28
87
2
83
38
74
1
19
73
112
28
87
2
83
38
74
1
19
73
112
28
87
2
83
38
74
1
19
73
112
28
87
2
83
38
74
1
19
73
112
28
87
2
83
38
74
1
19
73
112
28
87
2
83
38
74
1
19
73
112
28
87
2
83
38
74
1
19
73
112
28
87
2
83
38
74
1
19
73
112
28
87
2
83
38
74
1
19
73
112
28
87
2
83
38
74
1
19
73
112
28
87
2
83
38
74
1
19
73
112
28
87
2
83
38
74
1
19
73
112
28
87
2
83
38
74
1
19
73
112
28
87
2
83
38
74
1
19
73
112
28
87
2
83
38
74
1
19
73
112
28
87
2
83
38
74
1
19
73
112
28
87
2
83
38
74
1
19
73
112
28
87
2
83
38
74
1
19
73
112
28
87
2
83
38
74
1
19
73
112
28
87
2
83
38
74
1
19
73
112
28
87
2
83
38
74
1
19
73
112
28
87
2
83
38
74
1
19
73
112
28
87
2
83
38
74
1
19
73
112
28
87
2
83
38
74
1
19
73
112
28
87
2
83
38
74
1
19
73
112
28
87
2
83
38
74
1
19
73
112
28
87
2
83
38
74
1
19
73
112
28
87
2
83
38
74
1
19
73
112
28
87
2
83
38
74
1
19
73
112
28
87
2
83
38
74
1
19
73
112
28
87
2
83
38
74
1
19
73
112
28
87
2
83
38
74
1
19
73
112
28
87
2
83
38
74
1
19
73
112
28
87
2
83
38