9
111
73
112
87
1
2
38
15
204
9
111
73
112
87
1
2
38
15
204
9
111
73
112
87
1
2
38
15
204
9
111
73
112
87
1
2
38
15
204
9
111
73
112
87
1
2
38
15
204
9
111
73
112
87
1
2
38
15
204
9
111
73
112
87
1
2
38
15
204
9
111
73
112
87
1
2
38
15
204
9
111
73
112
87
1
2
38
15
204
9
111
73
112
87
1
2
38
15
204
9
111
73
112
87
1
2
38
15
204
9
111
73
112
87
1
2
38
15
204
9
111
73
112
87
1
2
38
15
204
9
111
73
112
87
1
2
38
15
204
9
111
73
112
87
1
2
38
15
204
9
111
73
112
87
1
2
38
15
204
9
111
73
112
87
1
2
38
15
204
9
111
73
112
87
1
2
38
15
204
9
111
73
112
87
1
2
38
15
204
9
111
73
112
87
1
2
38
15
204
9
111
73
112
87
1
2
38
15
204
9
111
73
112
87
1
2
38
15
204
9
111
73
112
87
1
2
38
15
204
9
111
73
112
87
1
2
38
15
204
9
111
73
112
87
1
2
38
15
204
9
111
73
112
87
1
2
38
15
204
9
111
73
112
87
1
2
38
15
204
9
111
73
112
87
1
2
38
15
204
9
111
73
112
87
1
2
38
15
204
9
111
73
112
87
1
2
38
15
204
9
111
73
112
87
1
2
38
15
204
9
111
73
112
87
1
2
38
15
204
9
111
73
112
87
1
2
38
15
204
9
111
73
112
87
1
2
38
15
204
9
111
73
112
87
1
2
38
15
204
9
111
73
112
87
1
2
38
15
204
9
111
73
112
87
1
2
38
15
204
9
111
73
112
87
1
2
38
15
204
9
111
73
112
87
1
2
38
15
204
9
111
73
112
87
1
2
38
15
204
9
111
73
112
87
1
2
38
15
204
9
111
73
112
87
1
2
38
15
204
9
111
73
112
87
1
2
38
15
204
9
111
73
112
87
1
2
38
15
204
9
111
73
112
87
1
2
38
15
204
9
111
73
112
87
1
2
38
15
204
9
111
73
112
87
1
2
38
15
204
9
111
73
112
87
1
2
38
15
204
9
111
73
112
87
1
2
38
15
204
9
111
73
112
87
1
2
38
15
204