19
28
15
38
112
87
83
9
1
204
19
28
15
38
112
87
83
9
1
204
19
28
15
38
112
87
83
9
1
204
19
28
15
38
112
87
83
9
1
204
19
28
15
38
112
87
83
9
1
204
19
28
15
38
112
87
83
9
1
204
19
28
15
38
112
87
83
9
1
204
19
28
15
38
112
87
83
9
1
204
19
28
15
38
112
87
83
9
1
204
19
28
15
38
112
87
83
9
1
204
19
28
15
38
112
87
83
9
1
204
19
28
15
38
112
87
83
9
1
204
19
28
15
38
112
87
83
9
1
204
19
28
15
38
112
87
83
9
1
204
19
28
15
38
112
87
83
9
1
204
19
28
15
38
112
87
83
9
1
204
19
28
15
38
112
87
83
9
1
204
19
28
15
38
112
87
83
9
1
204
19
28
15
38
112
87
83
9
1
204
19
28
15
38
112
87
83
9
1
204
19
28
15
38
112
87
83
9
1
204
19
28
15
38
112
87
83
9
1
204
19
28
15
38
112
87
83
9
1
204
19
28
15
38
112
87
83
9
1
204
19
28
15
38
112
87
83
9
1
204
19
28
15
38
112
87
83
9
1
204
19
28
15
38
112
87
83
9
1
204
19
28
15
38
112
87
83
9
1
204
19
28
15
38
112
87
83
9
1
204
19
28
15
38
112
87
83
9
1
204
19
28
15
38
112
87
83
9
1
204
19
28
15
38
112
87
83
9
1
204
19
28
15
38
112
87
83
9
1
204
19
28
15
38
112
87
83
9
1
204
19
28
15
38
112
87
83
9
1
204
19
28
15
38
112
87
83
9
1
204
19
28
15
38
112
87
83
9
1
204
19
28
15
38
112
87
83
9
1
204
19
28
15
38
112
87
83
9
1
204
19
28
15
38
112
87
83
9
1
204
19
28
15
38
112
87
83
9
1
204
19
28
15
38
112
87
83
9
1
204
19
28
15
38
112
87
83
9
1
204
19
28
15
38
112
87
83
9
1
204
19
28
15
38
112
87
83
9
1
204
19
28
15
38
112
87
83
9
1
204
19
28
15
38
112
87
83
9
1
204
19
28
15
38
112
87
83
9
1
204
19
28
15
38
112
87
83
9
1
204
19
28
15
38
112
87
83
9
1
204