87
204
38
1
9
28
19
83
2
111
87
204
38
1
9
28
19
83
2
111
87
204
38
1
9
28
19
83
2
111
87
204
38
1
9
28
19
83
2
111
87
204
38
1
9
28
19
83
2
111
87
204
38
1
9
28
19
83
2
111
87
204
38
1
9
28
19
83
2
111
87
204
38
1
9
28
19
83
2
111
87
204
38
1
9
28
19
83
2
111
87
204
38
1
9
28
19
83
2
111
87
204
38
1
9
28
19
83
2
111
87
204
38
1
9
28
19
83
2
111
87
204
38
1
9
28
19
83
2
111
87
204
38
1
9
28
19
83
2
111
87
204
38
1
9
28
19
83
2
111
87
204
38
1
9
28
19
83
2
111
87
204
38
1
9
28
19
83
2
111
87
204
38
1
9
28
19
83
2
111
87
204
38
1
9
28
19
83
2
111
87
204
38
1
9
28
19
83
2
111
87
204
38
1
9
28
19
83
2
111
87
204
38
1
9
28
19
83
2
111
87
204
38
1
9
28
19
83
2
111
87
204
38
1
9
28
19
83
2
111
87
204
38
1
9
28
19
83
2
111
87
204
38
1
9
28
19
83
2
111
87
204
38
1
9
28
19
83
2
111
87
204
38
1
9
28
19
83
2
111
87
204
38
1
9
28
19
83
2
111
87
204
38
1
9
28
19
83
2
111
87
204
38
1
9
28
19
83
2
111
87
204
38
1
9
28
19
83
2
111
87
204
38
1
9
28
19
83
2
111
87
204
38
1
9
28
19
83
2
111
87
204
38
1
9
28
19
83
2
111
87
204
38
1
9
28
19
83
2
111
87
204
38
1
9
28
19
83
2
111
87
204
38
1
9
28
19
83
2
111
87
204
38
1
9
28
19
83
2
111
87
204
38
1
9
28
19
83
2
111
87
204
38
1
9
28
19
83
2
111
87
204
38
1
9
28
19
83
2
111
87
204
38
1
9
28
19
83
2
111
87
204
38
1
9
28
19
83
2
111
87
204
38
1
9
28
19
83
2
111
87
204
38
1
9
28
19
83
2
111
87
204
38
1
9
28
19
83
2
111
87
204
38
1
9
28
19
83
2
111
87
204
38
1
9
28
19
83
2
111
87
204
38
1
9
28
19
83
2
111