19
83
87
38
111
15
74
112
1
28
19
83
87
38
111
15
74
112
1
28
19
83
87
38
111
15
74
112
1
28
19
83
87
38
111
15
74
112
1
28
19
83
87
38
111
15
74
112
1
28
19
83
87
38
111
15
74
112
1
28
19
83
87
38
111
15
74
112
1
28
19
83
87
38
111
15
74
112
1
28
19
83
87
38
111
15
74
112
1
28
19
83
87
38
111
15
74
112
1
28
19
83
87
38
111
15
74
112
1
28
19
83
87
38
111
15
74
112
1
28
19
83
87
38
111
15
74
112
1
28
19
83
87
38
111
15
74
112
1
28
19
83
87
38
111
15
74
112
1
28
19
83
87
38
111
15
74
112
1
28
19
83
87
38
111
15
74
112
1
28
19
83
87
38
111
15
74
112
1
28
19
83
87
38
111
15
74
112
1
28
19
83
87
38
111
15
74
112
1
28
19
83
87
38
111
15
74
112
1
28
19
83
87
38
111
15
74
112
1
28
19
83
87
38
111
15
74
112
1
28
19
83
87
38
111
15
74
112
1
28
19
83
87
38
111
15
74
112
1
28
19
83
87
38
111
15
74
112
1
28
19
83
87
38
111
15
74
112
1
28
19
83
87
38
111
15
74
112
1
28
19
83
87
38
111
15
74
112
1
28
19
83
87
38
111
15
74
112
1
28
19
83
87
38
111
15
74
112
1
28
19
83
87
38
111
15
74
112
1
28
19
83
87
38
111
15
74
112
1
28
19
83
87
38
111
15
74
112
1
28
19
83
87
38
111
15
74
112
1
28
19
83
87
38
111
15
74
112
1
28
19
83
87
38
111
15
74
112
1
28
19
83
87
38
111
15
74
112
1
28
19
83
87
38
111
15
74
112
1
28
19
83
87
38
111
15
74
112
1
28
19
83
87
38
111
15
74
112
1
28
19
83
87
38
111
15
74
112
1
28
19
83
87
38
111
15
74
112
1
28
19
83
87
38
111
15
74
112
1
28
19
83
87
38
111
15
74
112
1
28
19
83
87
38
111
15
74
112
1
28
19
83
87
38
111
15
74
112
1
28
19
83
87
38
111
15
74
112
1
28
19
83
87
38
111
15
74
112
1
28
19
83
87
38
111
15
74
112
1
28