2
28
111
204
15
74
112
19
87
9
2
28
111
204
15
74
112
19
87
9
2
28
111
204
15
74
112
19
87
9
2
28
111
204
15
74
112
19
87
9
2
28
111
204
15
74
112
19
87
9
2
28
111
204
15
74
112
19
87
9
2
28
111
204
15
74
112
19
87
9
2
28
111
204
15
74
112
19
87
9
2
28
111
204
15
74
112
19
87
9
2
28
111
204
15
74
112
19
87
9
2
28
111
204
15
74
112
19
87
9
2
28
111
204
15
74
112
19
87
9
2
28
111
204
15
74
112
19
87
9
2
28
111
204
15
74
112
19
87
9
2
28
111
204
15
74
112
19
87
9
2
28
111
204
15
74
112
19
87
9
2
28
111
204
15
74
112
19
87
9
2
28
111
204
15
74
112
19
87
9
2
28
111
204
15
74
112
19
87
9
2
28
111
204
15
74
112
19
87
9
2
28
111
204
15
74
112
19
87
9
2
28
111
204
15
74
112
19
87
9
2
28
111
204
15
74
112
19
87
9
2
28
111
204
15
74
112
19
87
9
2
28
111
204
15
74
112
19
87
9
2
28
111
204
15
74
112
19
87
9
2
28
111
204
15
74
112
19
87
9
2
28
111
204
15
74
112
19
87
9
2
28
111
204
15
74
112
19
87
9
2
28
111
204
15
74
112
19
87
9
2
28
111
204
15
74
112
19
87
9
2
28
111
204
15
74
112
19
87
9
2
28
111
204
15
74
112
19
87
9
2
28
111
204
15
74
112
19
87
9
2
28
111
204
15
74
112
19
87
9
2
28
111
204
15
74
112
19
87
9
2
28
111
204
15
74
112
19
87
9
2
28
111
204
15
74
112
19
87
9
2
28
111
204
15
74
112
19
87
9
2
28
111
204
15
74
112
19
87
9
2
28
111
204
15
74
112
19
87
9
2
28
111
204
15
74
112
19
87
9
2
28
111
204
15
74
112
19
87
9
2
28
111
204
15
74
112
19
87
9
2
28
111
204
15
74
112
19
87
9
2
28
111
204
15
74
112
19
87
9
2
28
111
204
15
74
112
19
87
9
2
28
111
204
15
74
112
19
87
9
2
28
111
204
15
74
112
19
87
9
2
28
111
204
15
74
112
19
87
9