73
9
111
112
38
28
1
204
19
74
73
9
111
112
38
28
1
204
19
74
73
9
111
112
38
28
1
204
19
74
73
9
111
112
38
28
1
204
19
74
73
9
111
112
38
28
1
204
19
74
73
9
111
112
38
28
1
204
19
74
73
9
111
112
38
28
1
204
19
74
73
9
111
112
38
28
1
204
19
74
73
9
111
112
38
28
1
204
19
74
73
9
111
112
38
28
1
204
19
74
73
9
111
112
38
28
1
204
19
74
73
9
111
112
38
28
1
204
19
74
73
9
111
112
38
28
1
204
19
74
73
9
111
112
38
28
1
204
19
74
73
9
111
112
38
28
1
204
19
74
73
9
111
112
38
28
1
204
19
74
73
9
111
112
38
28
1
204
19
74
73
9
111
112
38
28
1
204
19
74
73
9
111
112
38
28
1
204
19
74
73
9
111
112
38
28
1
204
19
74
73
9
111
112
38
28
1
204
19
74
73
9
111
112
38
28
1
204
19
74
73
9
111
112
38
28
1
204
19
74
73
9
111
112
38
28
1
204
19
74
73
9
111
112
38
28
1
204
19
74
73
9
111
112
38
28
1
204
19
74
73
9
111
112
38
28
1
204
19
74
73
9
111
112
38
28
1
204
19
74
73
9
111
112
38
28
1
204
19
74
73
9
111
112
38
28
1
204
19
74
73
9
111
112
38
28
1
204
19
74
73
9
111
112
38
28
1
204
19
74
73
9
111
112
38
28
1
204
19
74
73
9
111
112
38
28
1
204
19
74
73
9
111
112
38
28
1
204
19
74
73
9
111
112
38
28
1
204
19
74
73
9
111
112
38
28
1
204
19
74
73
9
111
112
38
28
1
204
19
74
73
9
111
112
38
28
1
204
19
74
73
9
111
112
38
28
1
204
19
74
73
9
111
112
38
28
1
204
19
74
73
9
111
112
38
28
1
204
19
74
73
9
111
112
38
28
1
204
19
74
73
9
111
112
38
28
1
204
19
74
73
9
111
112
38
28
1
204
19
74
73
9
111
112
38
28
1
204
19
74
73
9
111
112
38
28
1
204
19
74
73
9
111
112
38
28
1
204
19
74
73
9
111
112
38
28
1
204
19
74
73
9
111
112
38
28
1
204
19
74