19
73
87
1
9
38
83
28
15
111
19
73
87
1
9
38
83
28
15
111
19
73
87
1
9
38
83
28
15
111
19
73
87
1
9
38
83
28
15
111
19
73
87
1
9
38
83
28
15
111
19
73
87
1
9
38
83
28
15
111
19
73
87
1
9
38
83
28
15
111
19
73
87
1
9
38
83
28
15
111
19
73
87
1
9
38
83
28
15
111
19
73
87
1
9
38
83
28
15
111
19
73
87
1
9
38
83
28
15
111
19
73
87
1
9
38
83
28
15
111
19
73
87
1
9
38
83
28
15
111
19
73
87
1
9
38
83
28
15
111
19
73
87
1
9
38
83
28
15
111
19
73
87
1
9
38
83
28
15
111
19
73
87
1
9
38
83
28
15
111
19
73
87
1
9
38
83
28
15
111
19
73
87
1
9
38
83
28
15
111
19
73
87
1
9
38
83
28
15
111
19
73
87
1
9
38
83
28
15
111
19
73
87
1
9
38
83
28
15
111
19
73
87
1
9
38
83
28
15
111
19
73
87
1
9
38
83
28
15
111
19
73
87
1
9
38
83
28
15
111
19
73
87
1
9
38
83
28
15
111
19
73
87
1
9
38
83
28
15
111
19
73
87
1
9
38
83
28
15
111
19
73
87
1
9
38
83
28
15
111
19
73
87
1
9
38
83
28
15
111
19
73
87
1
9
38
83
28
15
111
19
73
87
1
9
38
83
28
15
111
19
73
87
1
9
38
83
28
15
111
19
73
87
1
9
38
83
28
15
111
19
73
87
1
9
38
83
28
15
111
19
73
87
1
9
38
83
28
15
111
19
73
87
1
9
38
83
28
15
111
19
73
87
1
9
38
83
28
15
111
19
73
87
1
9
38
83
28
15
111
19
73
87
1
9
38
83
28
15
111
19
73
87
1
9
38
83
28
15
111
19
73
87
1
9
38
83
28
15
111
19
73
87
1
9
38
83
28
15
111
19
73
87
1
9
38
83
28
15
111
19
73
87
1
9
38
83
28
15
111
19
73
87
1
9
38
83
28
15
111
19
73
87
1
9
38
83
28
15
111
19
73
87
1
9
38
83
28
15
111
19
73
87
1
9
38
83
28
15
111
19
73
87
1
9
38
83
28
15
111