112
2
9
83
73
15
87
111
204
28
112
2
9
83
73
15
87
111
204
28
112
2
9
83
73
15
87
111
204
28
112
2
9
83
73
15
87
111
204
28
112
2
9
83
73
15
87
111
204
28
112
2
9
83
73
15
87
111
204
28
112
2
9
83
73
15
87
111
204
28
112
2
9
83
73
15
87
111
204
28
112
2
9
83
73
15
87
111
204
28
112
2
9
83
73
15
87
111
204
28
112
2
9
83
73
15
87
111
204
28
112
2
9
83
73
15
87
111
204
28
112
2
9
83
73
15
87
111
204
28
112
2
9
83
73
15
87
111
204
28
112
2
9
83
73
15
87
111
204
28
112
2
9
83
73
15
87
111
204
28
112
2
9
83
73
15
87
111
204
28
112
2
9
83
73
15
87
111
204
28
112
2
9
83
73
15
87
111
204
28
112
2
9
83
73
15
87
111
204
28
112
2
9
83
73
15
87
111
204
28
112
2
9
83
73
15
87
111
204
28
112
2
9
83
73
15
87
111
204
28
112
2
9
83
73
15
87
111
204
28
112
2
9
83
73
15
87
111
204
28
112
2
9
83
73
15
87
111
204
28
112
2
9
83
73
15
87
111
204
28
112
2
9
83
73
15
87
111
204
28
112
2
9
83
73
15
87
111
204
28
112
2
9
83
73
15
87
111
204
28
112
2
9
83
73
15
87
111
204
28
112
2
9
83
73
15
87
111
204
28
112
2
9
83
73
15
87
111
204
28
112
2
9
83
73
15
87
111
204
28
112
2
9
83
73
15
87
111
204
28
112
2
9
83
73
15
87
111
204
28
112
2
9
83
73
15
87
111
204
28
112
2
9
83
73
15
87
111
204
28
112
2
9
83
73
15
87
111
204
28
112
2
9
83
73
15
87
111
204
28
112
2
9
83
73
15
87
111
204
28
112
2
9
83
73
15
87
111
204
28
112
2
9
83
73
15
87
111
204
28
112
2
9
83
73
15
87
111
204
28
112
2
9
83
73
15
87
111
204
28
112
2
9
83
73
15
87
111
204
28
112
2
9
83
73
15
87
111
204
28
112
2
9
83
73
15
87
111
204
28
112
2
9
83
73
15
87
111
204
28
112
2
9
83
73
15
87
111
204
28