19
73
2
1
38
112
74
87
204
28
19
73
2
1
38
112
74
87
204
28
19
73
2
1
38
112
74
87
204
28
19
73
2
1
38
112
74
87
204
28
19
73
2
1
38
112
74
87
204
28
19
73
2
1
38
112
74
87
204
28
19
73
2
1
38
112
74
87
204
28
19
73
2
1
38
112
74
87
204
28
19
73
2
1
38
112
74
87
204
28
19
73
2
1
38
112
74
87
204
28
19
73
2
1
38
112
74
87
204
28
19
73
2
1
38
112
74
87
204
28
19
73
2
1
38
112
74
87
204
28
19
73
2
1
38
112
74
87
204
28
19
73
2
1
38
112
74
87
204
28
19
73
2
1
38
112
74
87
204
28
19
73
2
1
38
112
74
87
204
28
19
73
2
1
38
112
74
87
204
28
19
73
2
1
38
112
74
87
204
28
19
73
2
1
38
112
74
87
204
28
19
73
2
1
38
112
74
87
204
28
19
73
2
1
38
112
74
87
204
28
19
73
2
1
38
112
74
87
204
28
19
73
2
1
38
112
74
87
204
28
19
73
2
1
38
112
74
87
204
28
19
73
2
1
38
112
74
87
204
28
19
73
2
1
38
112
74
87
204
28
19
73
2
1
38
112
74
87
204
28
19
73
2
1
38
112
74
87
204
28
19
73
2
1
38
112
74
87
204
28
19
73
2
1
38
112
74
87
204
28
19
73
2
1
38
112
74
87
204
28
19
73
2
1
38
112
74
87
204
28
19
73
2
1
38
112
74
87
204
28
19
73
2
1
38
112
74
87
204
28
19
73
2
1
38
112
74
87
204
28
19
73
2
1
38
112
74
87
204
28
19
73
2
1
38
112
74
87
204
28
19
73
2
1
38
112
74
87
204
28
19
73
2
1
38
112
74
87
204
28
19
73
2
1
38
112
74
87
204
28
19
73
2
1
38
112
74
87
204
28
19
73
2
1
38
112
74
87
204
28
19
73
2
1
38
112
74
87
204
28
19
73
2
1
38
112
74
87
204
28
19
73
2
1
38
112
74
87
204
28
19
73
2
1
38
112
74
87
204
28
19
73
2
1
38
112
74
87
204
28
19
73
2
1
38
112
74
87
204
28
19
73
2
1
38
112
74
87
204
28