83
19
204
111
1
15
73
87
38
112
83
19
204
111
1
15
73
87
38
112
83
19
204
111
1
15
73
87
38
112
83
19
204
111
1
15
73
87
38
112
83
19
204
111
1
15
73
87
38
112
83
19
204
111
1
15
73
87
38
112
83
19
204
111
1
15
73
87
38
112
83
19
204
111
1
15
73
87
38
112
83
19
204
111
1
15
73
87
38
112
83
19
204
111
1
15
73
87
38
112
83
19
204
111
1
15
73
87
38
112
83
19
204
111
1
15
73
87
38
112
83
19
204
111
1
15
73
87
38
112
83
19
204
111
1
15
73
87
38
112
83
19
204
111
1
15
73
87
38
112
83
19
204
111
1
15
73
87
38
112
83
19
204
111
1
15
73
87
38
112
83
19
204
111
1
15
73
87
38
112
83
19
204
111
1
15
73
87
38
112
83
19
204
111
1
15
73
87
38
112
83
19
204
111
1
15
73
87
38
112
83
19
204
111
1
15
73
87
38
112
83
19
204
111
1
15
73
87
38
112
83
19
204
111
1
15
73
87
38
112
83
19
204
111
1
15
73
87
38
112
83
19
204
111
1
15
73
87
38
112
83
19
204
111
1
15
73
87
38
112
83
19
204
111
1
15
73
87
38
112
83
19
204
111
1
15
73
87
38
112
83
19
204
111
1
15
73
87
38
112
83
19
204
111
1
15
73
87
38
112
83
19
204
111
1
15
73
87
38
112
83
19
204
111
1
15
73
87
38
112
83
19
204
111
1
15
73
87
38
112
83
19
204
111
1
15
73
87
38
112
83
19
204
111
1
15
73
87
38
112
83
19
204
111
1
15
73
87
38
112
83
19
204
111
1
15
73
87
38
112
83
19
204
111
1
15
73
87
38
112
83
19
204
111
1
15
73
87
38
112
83
19
204
111
1
15
73
87
38
112
83
19
204
111
1
15
73
87
38
112
83
19
204
111
1
15
73
87
38
112
83
19
204
111
1
15
73
87
38
112
83
19
204
111
1
15
73
87
38
112
83
19
204
111
1
15
73
87
38
112
83
19
204
111
1
15
73
87
38
112
83
19
204
111
1
15
73
87
38
112
83
19
204
111
1
15
73
87
38
112
83
19
204
111
1
15
73
87
38
112