112
74
73
9
83
15
38
87
111
204
112
74
73
9
83
15
38
87
111
204
112
74
73
9
83
15
38
87
111
204
112
74
73
9
83
15
38
87
111
204
112
74
73
9
83
15
38
87
111
204
112
74
73
9
83
15
38
87
111
204
112
74
73
9
83
15
38
87
111
204
112
74
73
9
83
15
38
87
111
204
112
74
73
9
83
15
38
87
111
204
112
74
73
9
83
15
38
87
111
204
112
74
73
9
83
15
38
87
111
204
112
74
73
9
83
15
38
87
111
204
112
74
73
9
83
15
38
87
111
204
112
74
73
9
83
15
38
87
111
204
112
74
73
9
83
15
38
87
111
204
112
74
73
9
83
15
38
87
111
204
112
74
73
9
83
15
38
87
111
204
112
74
73
9
83
15
38
87
111
204
112
74
73
9
83
15
38
87
111
204
112
74
73
9
83
15
38
87
111
204
112
74
73
9
83
15
38
87
111
204
112
74
73
9
83
15
38
87
111
204
112
74
73
9
83
15
38
87
111
204
112
74
73
9
83
15
38
87
111
204
112
74
73
9
83
15
38
87
111
204
112
74
73
9
83
15
38
87
111
204
112
74
73
9
83
15
38
87
111
204
112
74
73
9
83
15
38
87
111
204
112
74
73
9
83
15
38
87
111
204
112
74
73
9
83
15
38
87
111
204
112
74
73
9
83
15
38
87
111
204
112
74
73
9
83
15
38
87
111
204
112
74
73
9
83
15
38
87
111
204
112
74
73
9
83
15
38
87
111
204
112
74
73
9
83
15
38
87
111
204
112
74
73
9
83
15
38
87
111
204
112
74
73
9
83
15
38
87
111
204
112
74
73
9
83
15
38
87
111
204
112
74
73
9
83
15
38
87
111
204
112
74
73
9
83
15
38
87
111
204
112
74
73
9
83
15
38
87
111
204
112
74
73
9
83
15
38
87
111
204
112
74
73
9
83
15
38
87
111
204
112
74
73
9
83
15
38
87
111
204
112
74
73
9
83
15
38
87
111
204
112
74
73
9
83
15
38
87
111
204
112
74
73
9
83
15
38
87
111
204
112
74
73
9
83
15
38
87
111
204
112
74
73
9
83
15
38
87
111
204
112
74
73
9
83
15
38
87
111
204