204
28
1
19
9
2
38
87
111
74
204
28
1
19
9
2
38
87
111
74
204
28
1
19
9
2
38
87
111
74
204
28
1
19
9
2
38
87
111
74
204
28
1
19
9
2
38
87
111
74
204
28
1
19
9
2
38
87
111
74
204
28
1
19
9
2
38
87
111
74
204
28
1
19
9
2
38
87
111
74
204
28
1
19
9
2
38
87
111
74
204
28
1
19
9
2
38
87
111
74
204
28
1
19
9
2
38
87
111
74
204
28
1
19
9
2
38
87
111
74
204
28
1
19
9
2
38
87
111
74
204
28
1
19
9
2
38
87
111
74
204
28
1
19
9
2
38
87
111
74
204
28
1
19
9
2
38
87
111
74
204
28
1
19
9
2
38
87
111
74
204
28
1
19
9
2
38
87
111
74
204
28
1
19
9
2
38
87
111
74
204
28
1
19
9
2
38
87
111
74
204
28
1
19
9
2
38
87
111
74
204
28
1
19
9
2
38
87
111
74
204
28
1
19
9
2
38
87
111
74
204
28
1
19
9
2
38
87
111
74
204
28
1
19
9
2
38
87
111
74
204
28
1
19
9
2
38
87
111
74
204
28
1
19
9
2
38
87
111
74
204
28
1
19
9
2
38
87
111
74
204
28
1
19
9
2
38
87
111
74
204
28
1
19
9
2
38
87
111
74
204
28
1
19
9
2
38
87
111
74
204
28
1
19
9
2
38
87
111
74
204
28
1
19
9
2
38
87
111
74
204
28
1
19
9
2
38
87
111
74
204
28
1
19
9
2
38
87
111
74
204
28
1
19
9
2
38
87
111
74
204
28
1
19
9
2
38
87
111
74
204
28
1
19
9
2
38
87
111
74
204
28
1
19
9
2
38
87
111
74
204
28
1
19
9
2
38
87
111
74
204
28
1
19
9
2
38
87
111
74
204
28
1
19
9
2
38
87
111
74
204
28
1
19
9
2
38
87
111
74
204
28
1
19
9
2
38
87
111
74
204
28
1
19
9
2
38
87
111
74
204
28
1
19
9
2
38
87
111
74
204
28
1
19
9
2
38
87
111
74
204
28
1
19
9
2
38
87
111
74
204
28
1
19
9
2
38
87
111
74
204
28
1
19
9
2
38
87
111
74