2
87
19
15
74
1
83
112
204
73
2
87
19
15
74
1
83
112
204
73
2
87
19
15
74
1
83
112
204
73
2
87
19
15
74
1
83
112
204
73
2
87
19
15
74
1
83
112
204
73
2
87
19
15
74
1
83
112
204
73
2
87
19
15
74
1
83
112
204
73
2
87
19
15
74
1
83
112
204
73
2
87
19
15
74
1
83
112
204
73
2
87
19
15
74
1
83
112
204
73
2
87
19
15
74
1
83
112
204
73
2
87
19
15
74
1
83
112
204
73
2
87
19
15
74
1
83
112
204
73
2
87
19
15
74
1
83
112
204
73
2
87
19
15
74
1
83
112
204
73
2
87
19
15
74
1
83
112
204
73
2
87
19
15
74
1
83
112
204
73
2
87
19
15
74
1
83
112
204
73
2
87
19
15
74
1
83
112
204
73
2
87
19
15
74
1
83
112
204
73
2
87
19
15
74
1
83
112
204
73
2
87
19
15
74
1
83
112
204
73
2
87
19
15
74
1
83
112
204
73
2
87
19
15
74
1
83
112
204
73
2
87
19
15
74
1
83
112
204
73
2
87
19
15
74
1
83
112
204
73
2
87
19
15
74
1
83
112
204
73
2
87
19
15
74
1
83
112
204
73
2
87
19
15
74
1
83
112
204
73
2
87
19
15
74
1
83
112
204
73
2
87
19
15
74
1
83
112
204
73
2
87
19
15
74
1
83
112
204
73
2
87
19
15
74
1
83
112
204
73
2
87
19
15
74
1
83
112
204
73
2
87
19
15
74
1
83
112
204
73
2
87
19
15
74
1
83
112
204
73
2
87
19
15
74
1
83
112
204
73
2
87
19
15
74
1
83
112
204
73
2
87
19
15
74
1
83
112
204
73
2
87
19
15
74
1
83
112
204
73
2
87
19
15
74
1
83
112
204
73
2
87
19
15
74
1
83
112
204
73
2
87
19
15
74
1
83
112
204
73
2
87
19
15
74
1
83
112
204
73
2
87
19
15
74
1
83
112
204
73
2
87
19
15
74
1
83
112
204
73
2
87
19
15
74
1
83
112
204
73
2
87
19
15
74
1
83
112
204
73
2
87
19
15
74
1
83
112
204
73
2
87
19
15
74
1
83
112
204
73