38
9
204
87
15
73
74
28
112
2
38
9
204
87
15
73
74
28
112
2
38
9
204
87
15
73
74
28
112
2
38
9
204
87
15
73
74
28
112
2
38
9
204
87
15
73
74
28
112
2
38
9
204
87
15
73
74
28
112
2
38
9
204
87
15
73
74
28
112
2
38
9
204
87
15
73
74
28
112
2
38
9
204
87
15
73
74
28
112
2
38
9
204
87
15
73
74
28
112
2
38
9
204
87
15
73
74
28
112
2
38
9
204
87
15
73
74
28
112
2
38
9
204
87
15
73
74
28
112
2
38
9
204
87
15
73
74
28
112
2
38
9
204
87
15
73
74
28
112
2
38
9
204
87
15
73
74
28
112
2
38
9
204
87
15
73
74
28
112
2
38
9
204
87
15
73
74
28
112
2
38
9
204
87
15
73
74
28
112
2
38
9
204
87
15
73
74
28
112
2
38
9
204
87
15
73
74
28
112
2
38
9
204
87
15
73
74
28
112
2
38
9
204
87
15
73
74
28
112
2
38
9
204
87
15
73
74
28
112
2
38
9
204
87
15
73
74
28
112
2
38
9
204
87
15
73
74
28
112
2
38
9
204
87
15
73
74
28
112
2
38
9
204
87
15
73
74
28
112
2
38
9
204
87
15
73
74
28
112
2
38
9
204
87
15
73
74
28
112
2
38
9
204
87
15
73
74
28
112
2
38
9
204
87
15
73
74
28
112
2
38
9
204
87
15
73
74
28
112
2
38
9
204
87
15
73
74
28
112
2
38
9
204
87
15
73
74
28
112
2
38
9
204
87
15
73
74
28
112
2
38
9
204
87
15
73
74
28
112
2
38
9
204
87
15
73
74
28
112
2
38
9
204
87
15
73
74
28
112
2
38
9
204
87
15
73
74
28
112
2
38
9
204
87
15
73
74
28
112
2
38
9
204
87
15
73
74
28
112
2
38
9
204
87
15
73
74
28
112
2
38
9
204
87
15
73
74
28
112
2
38
9
204
87
15
73
74
28
112
2
38
9
204
87
15
73
74
28
112
2
38
9
204
87
15
73
74
28
112
2
38
9
204
87
15
73
74
28
112
2
38
9
204
87
15
73
74
28
112
2
38
9
204
87
15
73
74
28
112
2