204
15
73
74
38
9
2
111
112
1
204
15
73
74
38
9
2
111
112
1
204
15
73
74
38
9
2
111
112
1
204
15
73
74
38
9
2
111
112
1
204
15
73
74
38
9
2
111
112
1
204
15
73
74
38
9
2
111
112
1
204
15
73
74
38
9
2
111
112
1
204
15
73
74
38
9
2
111
112
1
204
15
73
74
38
9
2
111
112
1
204
15
73
74
38
9
2
111
112
1
204
15
73
74
38
9
2
111
112
1
204
15
73
74
38
9
2
111
112
1
204
15
73
74
38
9
2
111
112
1
204
15
73
74
38
9
2
111
112
1
204
15
73
74
38
9
2
111
112
1
204
15
73
74
38
9
2
111
112
1
204
15
73
74
38
9
2
111
112
1
204
15
73
74
38
9
2
111
112
1
204
15
73
74
38
9
2
111
112
1
204
15
73
74
38
9
2
111
112
1
204
15
73
74
38
9
2
111
112
1
204
15
73
74
38
9
2
111
112
1
204
15
73
74
38
9
2
111
112
1
204
15
73
74
38
9
2
111
112
1
204
15
73
74
38
9
2
111
112
1
204
15
73
74
38
9
2
111
112
1
204
15
73
74
38
9
2
111
112
1
204
15
73
74
38
9
2
111
112
1
204
15
73
74
38
9
2
111
112
1
204
15
73
74
38
9
2
111
112
1
204
15
73
74
38
9
2
111
112
1
204
15
73
74
38
9
2
111
112
1
204
15
73
74
38
9
2
111
112
1
204
15
73
74
38
9
2
111
112
1
204
15
73
74
38
9
2
111
112
1
204
15
73
74
38
9
2
111
112
1
204
15
73
74
38
9
2
111
112
1
204
15
73
74
38
9
2
111
112
1
204
15
73
74
38
9
2
111
112
1
204
15
73
74
38
9
2
111
112
1
204
15
73
74
38
9
2
111
112
1
204
15
73
74
38
9
2
111
112
1
204
15
73
74
38
9
2
111
112
1
204
15
73
74
38
9
2
111
112
1
204
15
73
74
38
9
2
111
112
1
204
15
73
74
38
9
2
111
112
1
204
15
73
74
38
9
2
111
112
1
204
15
73
74
38
9
2
111
112
1
204
15
73
74
38
9
2
111
112
1
204
15
73
74
38
9
2
111
112
1