83
204
73
28
2
87
9
38
74
19
83
204
73
28
2
87
9
38
74
19
83
204
73
28
2
87
9
38
74
19
83
204
73
28
2
87
9
38
74
19
83
204
73
28
2
87
9
38
74
19
83
204
73
28
2
87
9
38
74
19
83
204
73
28
2
87
9
38
74
19
83
204
73
28
2
87
9
38
74
19
83
204
73
28
2
87
9
38
74
19
83
204
73
28
2
87
9
38
74
19
83
204
73
28
2
87
9
38
74
19
83
204
73
28
2
87
9
38
74
19
83
204
73
28
2
87
9
38
74
19
83
204
73
28
2
87
9
38
74
19
83
204
73
28
2
87
9
38
74
19
83
204
73
28
2
87
9
38
74
19
83
204
73
28
2
87
9
38
74
19
83
204
73
28
2
87
9
38
74
19
83
204
73
28
2
87
9
38
74
19
83
204
73
28
2
87
9
38
74
19
83
204
73
28
2
87
9
38
74
19
83
204
73
28
2
87
9
38
74
19
83
204
73
28
2
87
9
38
74
19
83
204
73
28
2
87
9
38
74
19
83
204
73
28
2
87
9
38
74
19
83
204
73
28
2
87
9
38
74
19
83
204
73
28
2
87
9
38
74
19
83
204
73
28
2
87
9
38
74
19
83
204
73
28
2
87
9
38
74
19
83
204
73
28
2
87
9
38
74
19
83
204
73
28
2
87
9
38
74
19
83
204
73
28
2
87
9
38
74
19
83
204
73
28
2
87
9
38
74
19
83
204
73
28
2
87
9
38
74
19
83
204
73
28
2
87
9
38
74
19
83
204
73
28
2
87
9
38
74
19
83
204
73
28
2
87
9
38
74
19
83
204
73
28
2
87
9
38
74
19
83
204
73
28
2
87
9
38
74
19
83
204
73
28
2
87
9
38
74
19
83
204
73
28
2
87
9
38
74
19
83
204
73
28
2
87
9
38
74
19
83
204
73
28
2
87
9
38
74
19
83
204
73
28
2
87
9
38
74
19
83
204
73
28
2
87
9
38
74
19
83
204
73
28
2
87
9
38
74
19
83
204
73
28
2
87
9
38
74
19
83
204
73
28
2
87
9
38
74
19
83
204
73
28
2
87
9
38
74
19
83
204
73
28
2
87
9
38
74
19