73
28
1
2
15
111
74
204
38
112
73
28
1
2
15
111
74
204
38
112
73
28
1
2
15
111
74
204
38
112
73
28
1
2
15
111
74
204
38
112
73
28
1
2
15
111
74
204
38
112
73
28
1
2
15
111
74
204
38
112
73
28
1
2
15
111
74
204
38
112
73
28
1
2
15
111
74
204
38
112
73
28
1
2
15
111
74
204
38
112
73
28
1
2
15
111
74
204
38
112
73
28
1
2
15
111
74
204
38
112
73
28
1
2
15
111
74
204
38
112
73
28
1
2
15
111
74
204
38
112
73
28
1
2
15
111
74
204
38
112
73
28
1
2
15
111
74
204
38
112
73
28
1
2
15
111
74
204
38
112
73
28
1
2
15
111
74
204
38
112
73
28
1
2
15
111
74
204
38
112
73
28
1
2
15
111
74
204
38
112
73
28
1
2
15
111
74
204
38
112
73
28
1
2
15
111
74
204
38
112
73
28
1
2
15
111
74
204
38
112
73
28
1
2
15
111
74
204
38
112
73
28
1
2
15
111
74
204
38
112
73
28
1
2
15
111
74
204
38
112
73
28
1
2
15
111
74
204
38
112
73
28
1
2
15
111
74
204
38
112
73
28
1
2
15
111
74
204
38
112
73
28
1
2
15
111
74
204
38
112
73
28
1
2
15
111
74
204
38
112
73
28
1
2
15
111
74
204
38
112
73
28
1
2
15
111
74
204
38
112
73
28
1
2
15
111
74
204
38
112
73
28
1
2
15
111
74
204
38
112
73
28
1
2
15
111
74
204
38
112
73
28
1
2
15
111
74
204
38
112
73
28
1
2
15
111
74
204
38
112
73
28
1
2
15
111
74
204
38
112
73
28
1
2
15
111
74
204
38
112
73
28
1
2
15
111
74
204
38
112
73
28
1
2
15
111
74
204
38
112
73
28
1
2
15
111
74
204
38
112
73
28
1
2
15
111
74
204
38
112
73
28
1
2
15
111
74
204
38
112
73
28
1
2
15
111
74
204
38
112
73
28
1
2
15
111
74
204
38
112
73
28
1
2
15
111
74
204
38
112
73
28
1
2
15
111
74
204
38
112
73
28
1
2
15
111
74
204
38
112
73
28
1
2
15
111
74
204
38
112