2
28
111
9
83
87
1
19
112
38
2
28
111
9
83
87
1
19
112
38
2
28
111
9
83
87
1
19
112
38
2
28
111
9
83
87
1
19
112
38
2
28
111
9
83
87
1
19
112
38
2
28
111
9
83
87
1
19
112
38
2
28
111
9
83
87
1
19
112
38
2
28
111
9
83
87
1
19
112
38
2
28
111
9
83
87
1
19
112
38
2
28
111
9
83
87
1
19
112
38
2
28
111
9
83
87
1
19
112
38
2
28
111
9
83
87
1
19
112
38
2
28
111
9
83
87
1
19
112
38
2
28
111
9
83
87
1
19
112
38
2
28
111
9
83
87
1
19
112
38
2
28
111
9
83
87
1
19
112
38
2
28
111
9
83
87
1
19
112
38
2
28
111
9
83
87
1
19
112
38
2
28
111
9
83
87
1
19
112
38
2
28
111
9
83
87
1
19
112
38
2
28
111
9
83
87
1
19
112
38
2
28
111
9
83
87
1
19
112
38
2
28
111
9
83
87
1
19
112
38
2
28
111
9
83
87
1
19
112
38
2
28
111
9
83
87
1
19
112
38
2
28
111
9
83
87
1
19
112
38
2
28
111
9
83
87
1
19
112
38
2
28
111
9
83
87
1
19
112
38
2
28
111
9
83
87
1
19
112
38
2
28
111
9
83
87
1
19
112
38
2
28
111
9
83
87
1
19
112
38
2
28
111
9
83
87
1
19
112
38
2
28
111
9
83
87
1
19
112
38
2
28
111
9
83
87
1
19
112
38
2
28
111
9
83
87
1
19
112
38
2
28
111
9
83
87
1
19
112
38
2
28
111
9
83
87
1
19
112
38
2
28
111
9
83
87
1
19
112
38
2
28
111
9
83
87
1
19
112
38
2
28
111
9
83
87
1
19
112
38
2
28
111
9
83
87
1
19
112
38
2
28
111
9
83
87
1
19
112
38
2
28
111
9
83
87
1
19
112
38
2
28
111
9
83
87
1
19
112
38
2
28
111
9
83
87
1
19
112
38
2
28
111
9
83
87
1
19
112
38
2
28
111
9
83
87
1
19
112
38
2
28
111
9
83
87
1
19
112
38
2
28
111
9
83
87
1
19
112
38
2
28
111
9
83
87
1
19
112
38