74
19
9
87
2
1
15
28
73
111
74
19
9
87
2
1
15
28
73
111
74
19
9
87
2
1
15
28
73
111
74
19
9
87
2
1
15
28
73
111
74
19
9
87
2
1
15
28
73
111
74
19
9
87
2
1
15
28
73
111
74
19
9
87
2
1
15
28
73
111
74
19
9
87
2
1
15
28
73
111
74
19
9
87
2
1
15
28
73
111
74
19
9
87
2
1
15
28
73
111
74
19
9
87
2
1
15
28
73
111
74
19
9
87
2
1
15
28
73
111
74
19
9
87
2
1
15
28
73
111
74
19
9
87
2
1
15
28
73
111
74
19
9
87
2
1
15
28
73
111
74
19
9
87
2
1
15
28
73
111
74
19
9
87
2
1
15
28
73
111
74
19
9
87
2
1
15
28
73
111
74
19
9
87
2
1
15
28
73
111
74
19
9
87
2
1
15
28
73
111
74
19
9
87
2
1
15
28
73
111
74
19
9
87
2
1
15
28
73
111
74
19
9
87
2
1
15
28
73
111
74
19
9
87
2
1
15
28
73
111
74
19
9
87
2
1
15
28
73
111
74
19
9
87
2
1
15
28
73
111
74
19
9
87
2
1
15
28
73
111
74
19
9
87
2
1
15
28
73
111
74
19
9
87
2
1
15
28
73
111
74
19
9
87
2
1
15
28
73
111
74
19
9
87
2
1
15
28
73
111
74
19
9
87
2
1
15
28
73
111
74
19
9
87
2
1
15
28
73
111
74
19
9
87
2
1
15
28
73
111
74
19
9
87
2
1
15
28
73
111
74
19
9
87
2
1
15
28
73
111
74
19
9
87
2
1
15
28
73
111
74
19
9
87
2
1
15
28
73
111
74
19
9
87
2
1
15
28
73
111
74
19
9
87
2
1
15
28
73
111
74
19
9
87
2
1
15
28
73
111
74
19
9
87
2
1
15
28
73
111
74
19
9
87
2
1
15
28
73
111
74
19
9
87
2
1
15
28
73
111
74
19
9
87
2
1
15
28
73
111
74
19
9
87
2
1
15
28
73
111
74
19
9
87
2
1
15
28
73
111
74
19
9
87
2
1
15
28
73
111
74
19
9
87
2
1
15
28
73
111
74
19
9
87
2
1
15
28
73
111