74
204
9
28
1
87
19
15
2
73
74
204
9
28
1
87
19
15
2
73
74
204
9
28
1
87
19
15
2
73
74
204
9
28
1
87
19
15
2
73
74
204
9
28
1
87
19
15
2
73
74
204
9
28
1
87
19
15
2
73
74
204
9
28
1
87
19
15
2
73
74
204
9
28
1
87
19
15
2
73
74
204
9
28
1
87
19
15
2
73
74
204
9
28
1
87
19
15
2
73
74
204
9
28
1
87
19
15
2
73
74
204
9
28
1
87
19
15
2
73
74
204
9
28
1
87
19
15
2
73
74
204
9
28
1
87
19
15
2
73
74
204
9
28
1
87
19
15
2
73
74
204
9
28
1
87
19
15
2
73
74
204
9
28
1
87
19
15
2
73
74
204
9
28
1
87
19
15
2
73
74
204
9
28
1
87
19
15
2
73
74
204
9
28
1
87
19
15
2
73
74
204
9
28
1
87
19
15
2
73
74
204
9
28
1
87
19
15
2
73
74
204
9
28
1
87
19
15
2
73
74
204
9
28
1
87
19
15
2
73
74
204
9
28
1
87
19
15
2
73
74
204
9
28
1
87
19
15
2
73
74
204
9
28
1
87
19
15
2
73
74
204
9
28
1
87
19
15
2
73
74
204
9
28
1
87
19
15
2
73
74
204
9
28
1
87
19
15
2
73
74
204
9
28
1
87
19
15
2
73
74
204
9
28
1
87
19
15
2
73
74
204
9
28
1
87
19
15
2
73
74
204
9
28
1
87
19
15
2
73
74
204
9
28
1
87
19
15
2
73
74
204
9
28
1
87
19
15
2
73
74
204
9
28
1
87
19
15
2
73
74
204
9
28
1
87
19
15
2
73
74
204
9
28
1
87
19
15
2
73
74
204
9
28
1
87
19
15
2
73
74
204
9
28
1
87
19
15
2
73
74
204
9
28
1
87
19
15
2
73
74
204
9
28
1
87
19
15
2
73
74
204
9
28
1
87
19
15
2
73
74
204
9
28
1
87
19
15
2
73
74
204
9
28
1
87
19
15
2
73
74
204
9
28
1
87
19
15
2
73
74
204
9
28
1
87
19
15
2
73
74
204
9
28
1
87
19
15
2
73
74
204
9
28
1
87
19
15
2
73