38
112
87
1
204
83
28
9
73
19
38
112
87
1
204
83
28
9
73
19
38
112
87
1
204
83
28
9
73
19
38
112
87
1
204
83
28
9
73
19
38
112
87
1
204
83
28
9
73
19
38
112
87
1
204
83
28
9
73
19
38
112
87
1
204
83
28
9
73
19
38
112
87
1
204
83
28
9
73
19
38
112
87
1
204
83
28
9
73
19
38
112
87
1
204
83
28
9
73
19
38
112
87
1
204
83
28
9
73
19
38
112
87
1
204
83
28
9
73
19
38
112
87
1
204
83
28
9
73
19
38
112
87
1
204
83
28
9
73
19
38
112
87
1
204
83
28
9
73
19
38
112
87
1
204
83
28
9
73
19
38
112
87
1
204
83
28
9
73
19
38
112
87
1
204
83
28
9
73
19
38
112
87
1
204
83
28
9
73
19
38
112
87
1
204
83
28
9
73
19
38
112
87
1
204
83
28
9
73
19
38
112
87
1
204
83
28
9
73
19
38
112
87
1
204
83
28
9
73
19
38
112
87
1
204
83
28
9
73
19
38
112
87
1
204
83
28
9
73
19
38
112
87
1
204
83
28
9
73
19
38
112
87
1
204
83
28
9
73
19
38
112
87
1
204
83
28
9
73
19
38
112
87
1
204
83
28
9
73
19
38
112
87
1
204
83
28
9
73
19
38
112
87
1
204
83
28
9
73
19
38
112
87
1
204
83
28
9
73
19
38
112
87
1
204
83
28
9
73
19
38
112
87
1
204
83
28
9
73
19
38
112
87
1
204
83
28
9
73
19
38
112
87
1
204
83
28
9
73
19
38
112
87
1
204
83
28
9
73
19
38
112
87
1
204
83
28
9
73
19
38
112
87
1
204
83
28
9
73
19
38
112
87
1
204
83
28
9
73
19
38
112
87
1
204
83
28
9
73
19
38
112
87
1
204
83
28
9
73
19
38
112
87
1
204
83
28
9
73
19
38
112
87
1
204
83
28
9
73
19
38
112
87
1
204
83
28
9
73
19
38
112
87
1
204
83
28
9
73
19
38
112
87
1
204
83
28
9
73
19
38
112
87
1
204
83
28
9
73
19
38
112
87
1
204
83
28
9
73
19
38
112
87
1
204
83
28
9
73
19