83
74
111
15
19
9
28
87
1
38
83
74
111
15
19
9
28
87
1
38
83
74
111
15
19
9
28
87
1
38
83
74
111
15
19
9
28
87
1
38
83
74
111
15
19
9
28
87
1
38
83
74
111
15
19
9
28
87
1
38
83
74
111
15
19
9
28
87
1
38
83
74
111
15
19
9
28
87
1
38
83
74
111
15
19
9
28
87
1
38
83
74
111
15
19
9
28
87
1
38
83
74
111
15
19
9
28
87
1
38
83
74
111
15
19
9
28
87
1
38
83
74
111
15
19
9
28
87
1
38
83
74
111
15
19
9
28
87
1
38
83
74
111
15
19
9
28
87
1
38
83
74
111
15
19
9
28
87
1
38
83
74
111
15
19
9
28
87
1
38
83
74
111
15
19
9
28
87
1
38
83
74
111
15
19
9
28
87
1
38
83
74
111
15
19
9
28
87
1
38
83
74
111
15
19
9
28
87
1
38
83
74
111
15
19
9
28
87
1
38
83
74
111
15
19
9
28
87
1
38
83
74
111
15
19
9
28
87
1
38
83
74
111
15
19
9
28
87
1
38
83
74
111
15
19
9
28
87
1
38
83
74
111
15
19
9
28
87
1
38
83
74
111
15
19
9
28
87
1
38
83
74
111
15
19
9
28
87
1
38
83
74
111
15
19
9
28
87
1
38
83
74
111
15
19
9
28
87
1
38
83
74
111
15
19
9
28
87
1
38
83
74
111
15
19
9
28
87
1
38
83
74
111
15
19
9
28
87
1
38
83
74
111
15
19
9
28
87
1
38
83
74
111
15
19
9
28
87
1
38
83
74
111
15
19
9
28
87
1
38
83
74
111
15
19
9
28
87
1
38
83
74
111
15
19
9
28
87
1
38
83
74
111
15
19
9
28
87
1
38
83
74
111
15
19
9
28
87
1
38
83
74
111
15
19
9
28
87
1
38
83
74
111
15
19
9
28
87
1
38
83
74
111
15
19
9
28
87
1
38
83
74
111
15
19
9
28
87
1
38
83
74
111
15
19
9
28
87
1
38
83
74
111
15
19
9
28
87
1
38
83
74
111
15
19
9
28
87
1
38
83
74
111
15
19
9
28
87
1
38
83
74
111
15
19
9
28
87
1
38