2
38
112
87
204
73
15
74
83
28
2
38
112
87
204
73
15
74
83
28
2
38
112
87
204
73
15
74
83
28
2
38
112
87
204
73
15
74
83
28
2
38
112
87
204
73
15
74
83
28
2
38
112
87
204
73
15
74
83
28
2
38
112
87
204
73
15
74
83
28
2
38
112
87
204
73
15
74
83
28
2
38
112
87
204
73
15
74
83
28
2
38
112
87
204
73
15
74
83
28
2
38
112
87
204
73
15
74
83
28
2
38
112
87
204
73
15
74
83
28
2
38
112
87
204
73
15
74
83
28
2
38
112
87
204
73
15
74
83
28
2
38
112
87
204
73
15
74
83
28
2
38
112
87
204
73
15
74
83
28
2
38
112
87
204
73
15
74
83
28
2
38
112
87
204
73
15
74
83
28
2
38
112
87
204
73
15
74
83
28
2
38
112
87
204
73
15
74
83
28
2
38
112
87
204
73
15
74
83
28
2
38
112
87
204
73
15
74
83
28
2
38
112
87
204
73
15
74
83
28
2
38
112
87
204
73
15
74
83
28
2
38
112
87
204
73
15
74
83
28
2
38
112
87
204
73
15
74
83
28
2
38
112
87
204
73
15
74
83
28
2
38
112
87
204
73
15
74
83
28
2
38
112
87
204
73
15
74
83
28
2
38
112
87
204
73
15
74
83
28
2
38
112
87
204
73
15
74
83
28
2
38
112
87
204
73
15
74
83
28
2
38
112
87
204
73
15
74
83
28
2
38
112
87
204
73
15
74
83
28
2
38
112
87
204
73
15
74
83
28
2
38
112
87
204
73
15
74
83
28
2
38
112
87
204
73
15
74
83
28
2
38
112
87
204
73
15
74
83
28
2
38
112
87
204
73
15
74
83
28
2
38
112
87
204
73
15
74
83
28
2
38
112
87
204
73
15
74
83
28
2
38
112
87
204
73
15
74
83
28
2
38
112
87
204
73
15
74
83
28
2
38
112
87
204
73
15
74
83
28
2
38
112
87
204
73
15
74
83
28
2
38
112
87
204
73
15
74
83
28
2
38
112
87
204
73
15
74
83
28
2
38
112
87
204
73
15
74
83
28
2
38
112
87
204
73
15
74
83
28
2
38
112
87
204
73
15
74
83
28