111
74
38
1
204
73
19
112
28
83
111
74
38
1
204
73
19
112
28
83
111
74
38
1
204
73
19
112
28
83
111
74
38
1
204
73
19
112
28
83
111
74
38
1
204
73
19
112
28
83
111
74
38
1
204
73
19
112
28
83
111
74
38
1
204
73
19
112
28
83
111
74
38
1
204
73
19
112
28
83
111
74
38
1
204
73
19
112
28
83
111
74
38
1
204
73
19
112
28
83
111
74
38
1
204
73
19
112
28
83
111
74
38
1
204
73
19
112
28
83
111
74
38
1
204
73
19
112
28
83
111
74
38
1
204
73
19
112
28
83
111
74
38
1
204
73
19
112
28
83
111
74
38
1
204
73
19
112
28
83
111
74
38
1
204
73
19
112
28
83
111
74
38
1
204
73
19
112
28
83
111
74
38
1
204
73
19
112
28
83
111
74
38
1
204
73
19
112
28
83
111
74
38
1
204
73
19
112
28
83
111
74
38
1
204
73
19
112
28
83
111
74
38
1
204
73
19
112
28
83
111
74
38
1
204
73
19
112
28
83
111
74
38
1
204
73
19
112
28
83
111
74
38
1
204
73
19
112
28
83
111
74
38
1
204
73
19
112
28
83
111
74
38
1
204
73
19
112
28
83
111
74
38
1
204
73
19
112
28
83
111
74
38
1
204
73
19
112
28
83
111
74
38
1
204
73
19
112
28
83
111
74
38
1
204
73
19
112
28
83
111
74
38
1
204
73
19
112
28
83
111
74
38
1
204
73
19
112
28
83
111
74
38
1
204
73
19
112
28
83
111
74
38
1
204
73
19
112
28
83
111
74
38
1
204
73
19
112
28
83
111
74
38
1
204
73
19
112
28
83
111
74
38
1
204
73
19
112
28
83
111
74
38
1
204
73
19
112
28
83
111
74
38
1
204
73
19
112
28
83
111
74
38
1
204
73
19
112
28
83
111
74
38
1
204
73
19
112
28
83
111
74
38
1
204
73
19
112
28
83
111
74
38
1
204
73
19
112
28
83
111
74
38
1
204
73
19
112
28
83
111
74
38
1
204
73
19
112
28
83
111
74
38
1
204
73
19
112
28
83
111
74
38
1
204
73
19
112
28
83
111
74
38
1
204
73
19
112
28
83