111
38
1
87
15
204
19
112
28
83
111
38
1
87
15
204
19
112
28
83
111
38
1
87
15
204
19
112
28
83
111
38
1
87
15
204
19
112
28
83
111
38
1
87
15
204
19
112
28
83
111
38
1
87
15
204
19
112
28
83
111
38
1
87
15
204
19
112
28
83
111
38
1
87
15
204
19
112
28
83
111
38
1
87
15
204
19
112
28
83
111
38
1
87
15
204
19
112
28
83
111
38
1
87
15
204
19
112
28
83
111
38
1
87
15
204
19
112
28
83
111
38
1
87
15
204
19
112
28
83
111
38
1
87
15
204
19
112
28
83
111
38
1
87
15
204
19
112
28
83
111
38
1
87
15
204
19
112
28
83
111
38
1
87
15
204
19
112
28
83
111
38
1
87
15
204
19
112
28
83
111
38
1
87
15
204
19
112
28
83
111
38
1
87
15
204
19
112
28
83
111
38
1
87
15
204
19
112
28
83
111
38
1
87
15
204
19
112
28
83
111
38
1
87
15
204
19
112
28
83
111
38
1
87
15
204
19
112
28
83
111
38
1
87
15
204
19
112
28
83
111
38
1
87
15
204
19
112
28
83
111
38
1
87
15
204
19
112
28
83
111
38
1
87
15
204
19
112
28
83
111
38
1
87
15
204
19
112
28
83
111
38
1
87
15
204
19
112
28
83
111
38
1
87
15
204
19
112
28
83
111
38
1
87
15
204
19
112
28
83
111
38
1
87
15
204
19
112
28
83
111
38
1
87
15
204
19
112
28
83
111
38
1
87
15
204
19
112
28
83
111
38
1
87
15
204
19
112
28
83
111
38
1
87
15
204
19
112
28
83
111
38
1
87
15
204
19
112
28
83
111
38
1
87
15
204
19
112
28
83
111
38
1
87
15
204
19
112
28
83
111
38
1
87
15
204
19
112
28
83
111
38
1
87
15
204
19
112
28
83
111
38
1
87
15
204
19
112
28
83
111
38
1
87
15
204
19
112
28
83
111
38
1
87
15
204
19
112
28
83
111
38
1
87
15
204
19
112
28
83
111
38
1
87
15
204
19
112
28
83
111
38
1
87
15
204
19
112
28
83
111
38
1
87
15
204
19
112
28
83
111
38
1
87
15
204
19
112
28
83