111
38
87
15
204
73
19
112
28
83
111
38
87
15
204
73
19
112
28
83
111
38
87
15
204
73
19
112
28
83
111
38
87
15
204
73
19
112
28
83
111
38
87
15
204
73
19
112
28
83
111
38
87
15
204
73
19
112
28
83
111
38
87
15
204
73
19
112
28
83
111
38
87
15
204
73
19
112
28
83
111
38
87
15
204
73
19
112
28
83
111
38
87
15
204
73
19
112
28
83
111
38
87
15
204
73
19
112
28
83
111
38
87
15
204
73
19
112
28
83
111
38
87
15
204
73
19
112
28
83
111
38
87
15
204
73
19
112
28
83
111
38
87
15
204
73
19
112
28
83
111
38
87
15
204
73
19
112
28
83
111
38
87
15
204
73
19
112
28
83
111
38
87
15
204
73
19
112
28
83
111
38
87
15
204
73
19
112
28
83
111
38
87
15
204
73
19
112
28
83
111
38
87
15
204
73
19
112
28
83
111
38
87
15
204
73
19
112
28
83
111
38
87
15
204
73
19
112
28
83
111
38
87
15
204
73
19
112
28
83
111
38
87
15
204
73
19
112
28
83
111
38
87
15
204
73
19
112
28
83
111
38
87
15
204
73
19
112
28
83
111
38
87
15
204
73
19
112
28
83
111
38
87
15
204
73
19
112
28
83
111
38
87
15
204
73
19
112
28
83
111
38
87
15
204
73
19
112
28
83
111
38
87
15
204
73
19
112
28
83
111
38
87
15
204
73
19
112
28
83
111
38
87
15
204
73
19
112
28
83
111
38
87
15
204
73
19
112
28
83
111
38
87
15
204
73
19
112
28
83
111
38
87
15
204
73
19
112
28
83
111
38
87
15
204
73
19
112
28
83
111
38
87
15
204
73
19
112
28
83
111
38
87
15
204
73
19
112
28
83
111
38
87
15
204
73
19
112
28
83
111
38
87
15
204
73
19
112
28
83
111
38
87
15
204
73
19
112
28
83
111
38
87
15
204
73
19
112
28
83
111
38
87
15
204
73
19
112
28
83
111
38
87
15
204
73
19
112
28
83
111
38
87
15
204
73
19
112
28
83
111
38
87
15
204
73
19
112
28
83
111
38
87
15
204
73
19
112
28
83
111
38
87
15
204
73
19
112
28
83