111
74
38
1
87
204
73
19
28
83
111
74
38
1
87
204
73
19
28
83
111
74
38
1
87
204
73
19
28
83
111
74
38
1
87
204
73
19
28
83
111
74
38
1
87
204
73
19
28
83
111
74
38
1
87
204
73
19
28
83
111
74
38
1
87
204
73
19
28
83
111
74
38
1
87
204
73
19
28
83
111
74
38
1
87
204
73
19
28
83
111
74
38
1
87
204
73
19
28
83
111
74
38
1
87
204
73
19
28
83
111
74
38
1
87
204
73
19
28
83
111
74
38
1
87
204
73
19
28
83
111
74
38
1
87
204
73
19
28
83
111
74
38
1
87
204
73
19
28
83
111
74
38
1
87
204
73
19
28
83
111
74
38
1
87
204
73
19
28
83
111
74
38
1
87
204
73
19
28
83
111
74
38
1
87
204
73
19
28
83
111
74
38
1
87
204
73
19
28
83
111
74
38
1
87
204
73
19
28
83
111
74
38
1
87
204
73
19
28
83
111
74
38
1
87
204
73
19
28
83
111
74
38
1
87
204
73
19
28
83
111
74
38
1
87
204
73
19
28
83
111
74
38
1
87
204
73
19
28
83
111
74
38
1
87
204
73
19
28
83
111
74
38
1
87
204
73
19
28
83
111
74
38
1
87
204
73
19
28
83
111
74
38
1
87
204
73
19
28
83
111
74
38
1
87
204
73
19
28
83
111
74
38
1
87
204
73
19
28
83
111
74
38
1
87
204
73
19
28
83
111
74
38
1
87
204
73
19
28
83
111
74
38
1
87
204
73
19
28
83
111
74
38
1
87
204
73
19
28
83
111
74
38
1
87
204
73
19
28
83
111
74
38
1
87
204
73
19
28
83
111
74
38
1
87
204
73
19
28
83
111
74
38
1
87
204
73
19
28
83
111
74
38
1
87
204
73
19
28
83
111
74
38
1
87
204
73
19
28
83
111
74
38
1
87
204
73
19
28
83
111
74
38
1
87
204
73
19
28
83
111
74
38
1
87
204
73
19
28
83
111
74
38
1
87
204
73
19
28
83
111
74
38
1
87
204
73
19
28
83
111
74
38
1
87
204
73
19
28
83
111
74
38
1
87
204
73
19
28
83
111
74
38
1
87
204
73
19
28
83