74
38
1
87
15
204
73
19
112
83
74
38
1
87
15
204
73
19
112
83
74
38
1
87
15
204
73
19
112
83
74
38
1
87
15
204
73
19
112
83
74
38
1
87
15
204
73
19
112
83
74
38
1
87
15
204
73
19
112
83
74
38
1
87
15
204
73
19
112
83
74
38
1
87
15
204
73
19
112
83
74
38
1
87
15
204
73
19
112
83
74
38
1
87
15
204
73
19
112
83
74
38
1
87
15
204
73
19
112
83
74
38
1
87
15
204
73
19
112
83
74
38
1
87
15
204
73
19
112
83
74
38
1
87
15
204
73
19
112
83
74
38
1
87
15
204
73
19
112
83
74
38
1
87
15
204
73
19
112
83
74
38
1
87
15
204
73
19
112
83
74
38
1
87
15
204
73
19
112
83
74
38
1
87
15
204
73
19
112
83
74
38
1
87
15
204
73
19
112
83
74
38
1
87
15
204
73
19
112
83
74
38
1
87
15
204
73
19
112
83
74
38
1
87
15
204
73
19
112
83
74
38
1
87
15
204
73
19
112
83
74
38
1
87
15
204
73
19
112
83
74
38
1
87
15
204
73
19
112
83
74
38
1
87
15
204
73
19
112
83
74
38
1
87
15
204
73
19
112
83
74
38
1
87
15
204
73
19
112
83
74
38
1
87
15
204
73
19
112
83
74
38
1
87
15
204
73
19
112
83
74
38
1
87
15
204
73
19
112
83
74
38
1
87
15
204
73
19
112
83
74
38
1
87
15
204
73
19
112
83
74
38
1
87
15
204
73
19
112
83
74
38
1
87
15
204
73
19
112
83
74
38
1
87
15
204
73
19
112
83
74
38
1
87
15
204
73
19
112
83
74
38
1
87
15
204
73
19
112
83
74
38
1
87
15
204
73
19
112
83
74
38
1
87
15
204
73
19
112
83
74
38
1
87
15
204
73
19
112
83
74
38
1
87
15
204
73
19
112
83
74
38
1
87
15
204
73
19
112
83
74
38
1
87
15
204
73
19
112
83
74
38
1
87
15
204
73
19
112
83
74
38
1
87
15
204
73
19
112
83
74
38
1
87
15
204
73
19
112
83
74
38
1
87
15
204
73
19
112
83
74
38
1
87
15
204
73
19
112
83