69
18
2
130
6
69
18
2
130
6
69
18
2
130
6
69
18
2
130
6
69
18
2
130
6
69
18
2
130
6
69
18
2
130
6
69
18
2
130
6
69
18
2
130
6
69
18
2
130
6
69
18
2
130
6
69
18
2
130
6
69
18
2
130
6
69
18
2
130
6
69
18
2
130
6
69
18
2
130
6
69
18
2
130
6
69
18
2
130
6
69
18
2
130
6
69
18
2
130
6
69
18
2
130
6
69
18
2
130
6
69
18
2
130
6
69
18
2
130
6
69
18
2
130
6
69
18
2
130
6
69
18
2
130
6
69
18
2
130
6
69
18
2
130
6
69
18
2
130
6
69
18
2
130
6
69
18
2
130
6
69
18
2
130
6
69
18
2
130
6
69
18
2
130
6
69
18
2
130
6
69
18
2
130
6
69
18
2
130
6
69
18
2
130
6
69
18
2
130
6
69
18
2
130
6
69
18
2
130
6
69
18
2
130
6
69
18
2
130
6
69
18
2
130
6
69
18
2
130
6
69
18
2
130
6
69
18
2
130
6
69
18
2
130
6
69
18
2
130
6