18
69
2
19
42
18
69
2
19
42
18
69
2
19
42
18
69
2
19
42
18
69
2
19
42
18
69
2
19
42
18
69
2
19
42
18
69
2
19
42
18
69
2
19
42
18
69
2
19
42
18
69
2
19
42
18
69
2
19
42
18
69
2
19
42
18
69
2
19
42
18
69
2
19
42
18
69
2
19
42
18
69
2
19
42
18
69
2
19
42
18
69
2
19
42
18
69
2
19
42
18
69
2
19
42
18
69
2
19
42
18
69
2
19
42
18
69
2
19
42
18
69
2
19
42
18
69
2
19
42
18
69
2
19
42
18
69
2
19
42
18
69
2
19
42
18
69
2
19
42
18
69
2
19
42
18
69
2
19
42
18
69
2
19
42
18
69
2
19
42
18
69
2
19
42
18
69
2
19
42
18
69
2
19
42
18
69
2
19
42
18
69
2
19
42
18
69
2
19
42
18
69
2
19
42
18
69
2
19
42
18
69
2
19
42
18
69
2
19
42
18
69
2
19
42
18
69
2
19
42
18
69
2
19
42
18
69
2
19
42
18
69
2
19
42
18
69
2
19
42