42
3
130
6
2
42
3
130
6
2
42
3
130
6
2
42
3
130
6
2
42
3
130
6
2
42
3
130
6
2
42
3
130
6
2
42
3
130
6
2
42
3
130
6
2
42
3
130
6
2
42
3
130
6
2
42
3
130
6
2
42
3
130
6
2
42
3
130
6
2
42
3
130
6
2
42
3
130
6
2
42
3
130
6
2
42
3
130
6
2
42
3
130
6
2
42
3
130
6
2
42
3
130
6
2
42
3
130
6
2
42
3
130
6
2
42
3
130
6
2
42
3
130
6
2
42
3
130
6
2
42
3
130
6
2
42
3
130
6
2
42
3
130
6
2
42
3
130
6
2
42
3
130
6
2
42
3
130
6
2
42
3
130
6
2
42
3
130
6
2
42
3
130
6
2
42
3
130
6
2
42
3
130
6
2
42
3
130
6
2
42
3
130
6
2
42
3
130
6
2
42
3
130
6
2
42
3
130
6
2
42
3
130
6
2
42
3
130
6
2
42
3
130
6
2
42
3
130
6
2
42
3
130
6
2
42
3
130
6
2
42
3
130
6
2
42
3
130
6
2