18
6
69
42
2
18
6
69
42
2
18
6
69
42
2
18
6
69
42
2
18
6
69
42
2
18
6
69
42
2
18
6
69
42
2
18
6
69
42
2
18
6
69
42
2
18
6
69
42
2
18
6
69
42
2
18
6
69
42
2
18
6
69
42
2
18
6
69
42
2
18
6
69
42
2
18
6
69
42
2
18
6
69
42
2
18
6
69
42
2
18
6
69
42
2
18
6
69
42
2
18
6
69
42
2
18
6
69
42
2
18
6
69
42
2
18
6
69
42
2
18
6
69
42
2
18
6
69
42
2
18
6
69
42
2
18
6
69
42
2
18
6
69
42
2
18
6
69
42
2
18
6
69
42
2
18
6
69
42
2
18
6
69
42
2
18
6
69
42
2
18
6
69
42
2
18
6
69
42
2
18
6
69
42
2
18
6
69
42
2
18
6
69
42
2
18
6
69
42
2
18
6
69
42
2
18
6
69
42
2
18
6
69
42
2
18
6
69
42
2
18
6
69
42
2
18
6
69
42
2
18
6
69
42
2
18
6
69
42
2
18
6
69
42
2
18
6
69
42
2