69
19
6
2
130
69
19
6
2
130
69
19
6
2
130
69
19
6
2
130
69
19
6
2
130
69
19
6
2
130
69
19
6
2
130
69
19
6
2
130
69
19
6
2
130
69
19
6
2
130
69
19
6
2
130
69
19
6
2
130
69
19
6
2
130
69
19
6
2
130
69
19
6
2
130
69
19
6
2
130
69
19
6
2
130
69
19
6
2
130
69
19
6
2
130
69
19
6
2
130
69
19
6
2
130
69
19
6
2
130
69
19
6
2
130
69
19
6
2
130
69
19
6
2
130
69
19
6
2
130
69
19
6
2
130
69
19
6
2
130
69
19
6
2
130
69
19
6
2
130
69
19
6
2
130
69
19
6
2
130
69
19
6
2
130
69
19
6
2
130
69
19
6
2
130
69
19
6
2
130
69
19
6
2
130
69
19
6
2
130
69
19
6
2
130
69
19
6
2
130
69
19
6
2
130
69
19
6
2
130
69
19
6
2
130
69
19
6
2
130
69
19
6
2
130
69
19
6
2
130
69
19
6
2
130
69
19
6
2
130
69
19
6
2
130
69
19
6
2
130