2
3
6
130
18
2
3
6
130
18
2
3
6
130
18
2
3
6
130
18
2
3
6
130
18
2
3
6
130
18
2
3
6
130
18
2
3
6
130
18
2
3
6
130
18
2
3
6
130
18
2
3
6
130
18
2
3
6
130
18
2
3
6
130
18
2
3
6
130
18
2
3
6
130
18
2
3
6
130
18
2
3
6
130
18
2
3
6
130
18
2
3
6
130
18
2
3
6
130
18
2
3
6
130
18
2
3
6
130
18
2
3
6
130
18
2
3
6
130
18
2
3
6
130
18
2
3
6
130
18
2
3
6
130
18
2
3
6
130
18
2
3
6
130
18
2
3
6
130
18
2
3
6
130
18
2
3
6
130
18
2
3
6
130
18
2
3
6
130
18
2
3
6
130
18
2
3
6
130
18
2
3
6
130
18
2
3
6
130
18
2
3
6
130
18
2
3
6
130
18
2
3
6
130
18
2
3
6
130
18
2
3
6
130
18
2
3
6
130
18
2
3
6
130
18
2
3
6
130
18
2
3
6
130
18
2
3
6
130
18
2
3
6
130
18
2
3
6
130
18