6
2
3
1
42
6
2
3
1
42
6
2
3
1
42
6
2
3
1
42
6
2
3
1
42
6
2
3
1
42
6
2
3
1
42
6
2
3
1
42
6
2
3
1
42
6
2
3
1
42
6
2
3
1
42
6
2
3
1
42
6
2
3
1
42
6
2
3
1
42
6
2
3
1
42
6
2
3
1
42
6
2
3
1
42
6
2
3
1
42
6
2
3
1
42
6
2
3
1
42
6
2
3
1
42
6
2
3
1
42
6
2
3
1
42
6
2
3
1
42
6
2
3
1
42
6
2
3
1
42
6
2
3
1
42
6
2
3
1
42
6
2
3
1
42
6
2
3
1
42
6
2
3
1
42
6
2
3
1
42
6
2
3
1
42
6
2
3
1
42
6
2
3
1
42
6
2
3
1
42
6
2
3
1
42
6
2
3
1
42
6
2
3
1
42
6
2
3
1
42
6
2
3
1
42
6
2
3
1
42
6
2
3
1
42
6
2
3
1
42
6
2
3
1
42
6
2
3
1
42
6
2
3
1
42
6
2
3
1
42
6
2
3
1
42
6
2
3
1
42