19
69
2
18
1
19
69
2
18
1
19
69
2
18
1
19
69
2
18
1
19
69
2
18
1
19
69
2
18
1
19
69
2
18
1
19
69
2
18
1
19
69
2
18
1
19
69
2
18
1
19
69
2
18
1
19
69
2
18
1
19
69
2
18
1
19
69
2
18
1
19
69
2
18
1
19
69
2
18
1
19
69
2
18
1
19
69
2
18
1
19
69
2
18
1
19
69
2
18
1
19
69
2
18
1
19
69
2
18
1
19
69
2
18
1
19
69
2
18
1
19
69
2
18
1
19
69
2
18
1
19
69
2
18
1
19
69
2
18
1
19
69
2
18
1
19
69
2
18
1
19
69
2
18
1
19
69
2
18
1
19
69
2
18
1
19
69
2
18
1
19
69
2
18
1
19
69
2
18
1
19
69
2
18
1
19
69
2
18
1
19
69
2
18
1
19
69
2
18
1
19
69
2
18
1
19
69
2
18
1
19
69
2
18
1
19
69
2
18
1
19
69
2
18
1
19
69
2
18
1
19
69
2
18
1
19
69
2
18
1
19
69
2
18
1
19
69
2
18
1