1
130
3
2
19
1
130
3
2
19
1
130
3
2
19
1
130
3
2
19
1
130
3
2
19
1
130
3
2
19
1
130
3
2
19
1
130
3
2
19
1
130
3
2
19
1
130
3
2
19
1
130
3
2
19
1
130
3
2
19
1
130
3
2
19
1
130
3
2
19
1
130
3
2
19
1
130
3
2
19
1
130
3
2
19
1
130
3
2
19
1
130
3
2
19
1
130
3
2
19
1
130
3
2
19
1
130
3
2
19
1
130
3
2
19
1
130
3
2
19
1
130
3
2
19
1
130
3
2
19
1
130
3
2
19
1
130
3
2
19
1
130
3
2
19
1
130
3
2
19
1
130
3
2
19
1
130
3
2
19
1
130
3
2
19
1
130
3
2
19
1
130
3
2
19
1
130
3
2
19
1
130
3
2
19
1
130
3
2
19
1
130
3
2
19
1
130
3
2
19
1
130
3
2
19
1
130
3
2
19
1
130
3
2
19
1
130
3
2
19
1
130
3
2
19
1
130
3
2
19
1
130
3
2
19
1
130
3
2
19
1
130
3
2
19
1
130
3
2
19