42
6
2
3
18
42
6
2
3
18
42
6
2
3
18
42
6
2
3
18
42
6
2
3
18
42
6
2
3
18
42
6
2
3
18
42
6
2
3
18
42
6
2
3
18
42
6
2
3
18
42
6
2
3
18
42
6
2
3
18
42
6
2
3
18
42
6
2
3
18
42
6
2
3
18
42
6
2
3
18
42
6
2
3
18
42
6
2
3
18
42
6
2
3
18
42
6
2
3
18
42
6
2
3
18
42
6
2
3
18
42
6
2
3
18
42
6
2
3
18
42
6
2
3
18
42
6
2
3
18
42
6
2
3
18
42
6
2
3
18
42
6
2
3
18
42
6
2
3
18
42
6
2
3
18
42
6
2
3
18
42
6
2
3
18
42
6
2
3
18
42
6
2
3
18
42
6
2
3
18
42
6
2
3
18
42
6
2
3
18
42
6
2
3
18
42
6
2
3
18
42
6
2
3
18
42
6
2
3
18
42
6
2
3
18
42
6
2
3
18
42
6
2
3
18
42
6
2
3
18
42
6
2
3
18
42
6
2
3
18
42
6
2
3
18
42
6
2
3
18