42
1
2
18
6
42
1
2
18
6
42
1
2
18
6
42
1
2
18
6
42
1
2
18
6
42
1
2
18
6
42
1
2
18
6
42
1
2
18
6
42
1
2
18
6
42
1
2
18
6
42
1
2
18
6
42
1
2
18
6
42
1
2
18
6
42
1
2
18
6
42
1
2
18
6
42
1
2
18
6
42
1
2
18
6
42
1
2
18
6
42
1
2
18
6
42
1
2
18
6
42
1
2
18
6
42
1
2
18
6
42
1
2
18
6
42
1
2
18
6
42
1
2
18
6
42
1
2
18
6
42
1
2
18
6
42
1
2
18
6
42
1
2
18
6
42
1
2
18
6
42
1
2
18
6
42
1
2
18
6
42
1
2
18
6
42
1
2
18
6
42
1
2
18
6
42
1
2
18
6
42
1
2
18
6
42
1
2
18
6
42
1
2
18
6
42
1
2
18
6
42
1
2
18
6
42
1
2
18
6
42
1
2
18
6
42
1
2
18
6
42
1
2
18
6
42
1
2
18
6
42
1
2
18
6
42
1
2
18
6
42
1
2
18
6
42
1
2
18
6