69
3
1
42
6
69
3
1
42
6
69
3
1
42
6
69
3
1
42
6
69
3
1
42
6
69
3
1
42
6
69
3
1
42
6
69
3
1
42
6
69
3
1
42
6
69
3
1
42
6
69
3
1
42
6
69
3
1
42
6
69
3
1
42
6
69
3
1
42
6
69
3
1
42
6
69
3
1
42
6
69
3
1
42
6
69
3
1
42
6
69
3
1
42
6
69
3
1
42
6
69
3
1
42
6
69
3
1
42
6
69
3
1
42
6
69
3
1
42
6
69
3
1
42
6
69
3
1
42
6
69
3
1
42
6
69
3
1
42
6
69
3
1
42
6
69
3
1
42
6
69
3
1
42
6
69
3
1
42
6
69
3
1
42
6
69
3
1
42
6
69
3
1
42
6
69
3
1
42
6
69
3
1
42
6
69
3
1
42
6
69
3
1
42
6
69
3
1
42
6
69
3
1
42
6
69
3
1
42
6
69
3
1
42
6
69
3
1
42
6
69
3
1
42
6
69
3
1
42
6
69
3
1
42
6
69
3
1
42
6
69
3
1
42
6
69
3
1
42
6