1
6
3
18
2
1
6
3
18
2
1
6
3
18
2
1
6
3
18
2
1
6
3
18
2
1
6
3
18
2
1
6
3
18
2
1
6
3
18
2
1
6
3
18
2
1
6
3
18
2
1
6
3
18
2
1
6
3
18
2
1
6
3
18
2
1
6
3
18
2
1
6
3
18
2
1
6
3
18
2
1
6
3
18
2
1
6
3
18
2
1
6
3
18
2
1
6
3
18
2
1
6
3
18
2
1
6
3
18
2
1
6
3
18
2
1
6
3
18
2
1
6
3
18
2
1
6
3
18
2
1
6
3
18
2
1
6
3
18
2
1
6
3
18
2
1
6
3
18
2
1
6
3
18
2
1
6
3
18
2
1
6
3
18
2
1
6
3
18
2
1
6
3
18
2
1
6
3
18
2
1
6
3
18
2
1
6
3
18
2
1
6
3
18
2
1
6
3
18
2
1
6
3
18
2
1
6
3
18
2
1
6
3
18
2
1
6
3
18
2
1
6
3
18
2
1
6
3
18
2
1
6
3
18
2
1
6
3
18
2
1
6
3
18
2
1
6
3
18
2