6
1
2
42
19
6
1
2
42
19
6
1
2
42
19
6
1
2
42
19
6
1
2
42
19
6
1
2
42
19
6
1
2
42
19
6
1
2
42
19
6
1
2
42
19
6
1
2
42
19
6
1
2
42
19
6
1
2
42
19
6
1
2
42
19
6
1
2
42
19
6
1
2
42
19
6
1
2
42
19
6
1
2
42
19
6
1
2
42
19
6
1
2
42
19
6
1
2
42
19
6
1
2
42
19
6
1
2
42
19
6
1
2
42
19
6
1
2
42
19
6
1
2
42
19
6
1
2
42
19
6
1
2
42
19
6
1
2
42
19
6
1
2
42
19
6
1
2
42
19
6
1
2
42
19
6
1
2
42
19
6
1
2
42
19
6
1
2
42
19
6
1
2
42
19
6
1
2
42
19
6
1
2
42
19
6
1
2
42
19
6
1
2
42
19
6
1
2
42
19
6
1
2
42
19
6
1
2
42
19
6
1
2
42
19
6
1
2
42
19
6
1
2
42
19
6
1
2
42
19
6
1
2
42
19
6
1
2
42
19
6
1
2
42
19
6
1
2
42
19