18
6
2
130
69
18
6
2
130
69
18
6
2
130
69
18
6
2
130
69
18
6
2
130
69
18
6
2
130
69
18
6
2
130
69
18
6
2
130
69
18
6
2
130
69
18
6
2
130
69
18
6
2
130
69
18
6
2
130
69
18
6
2
130
69
18
6
2
130
69
18
6
2
130
69
18
6
2
130
69
18
6
2
130
69
18
6
2
130
69
18
6
2
130
69
18
6
2
130
69
18
6
2
130
69
18
6
2
130
69
18
6
2
130
69
18
6
2
130
69
18
6
2
130
69
18
6
2
130
69
18
6
2
130
69
18
6
2
130
69
18
6
2
130
69
18
6
2
130
69
18
6
2
130
69
18
6
2
130
69
18
6
2
130
69
18
6
2
130
69
18
6
2
130
69
18
6
2
130
69
18
6
2
130
69
18
6
2
130
69
18
6
2
130
69
18
6
2
130
69
18
6
2
130
69
18
6
2
130
69
18
6
2
130
69
18
6
2
130
69
18
6
2
130
69
18
6
2
130
69
18
6
2
130
69
18
6
2
130
69
18
6
2
130
69
18
6
2
130
69