1
42
18
19
6
1
42
18
19
6
1
42
18
19
6
1
42
18
19
6
1
42
18
19
6
1
42
18
19
6
1
42
18
19
6
1
42
18
19
6
1
42
18
19
6
1
42
18
19
6
1
42
18
19
6
1
42
18
19
6
1
42
18
19
6
1
42
18
19
6
1
42
18
19
6
1
42
18
19
6
1
42
18
19
6
1
42
18
19
6
1
42
18
19
6
1
42
18
19
6
1
42
18
19
6
1
42
18
19
6
1
42
18
19
6
1
42
18
19
6
1
42
18
19
6
1
42
18
19
6
1
42
18
19
6
1
42
18
19
6
1
42
18
19
6
1
42
18
19
6
1
42
18
19
6
1
42
18
19
6
1
42
18
19
6
1
42
18
19
6
1
42
18
19
6
1
42
18
19
6
1
42
18
19
6
1
42
18
19
6
1
42
18
19
6
1
42
18
19
6
1
42
18
19
6
1
42
18
19
6
1
42
18
19
6
1
42
18
19
6
1
42
18
19
6
1
42
18
19
6
1
42
18
19
6
1
42
18
19
6
1
42
18
19
6
1
42
18
19
6