3
19
130
1
2
3
19
130
1
2
3
19
130
1
2
3
19
130
1
2
3
19
130
1
2
3
19
130
1
2
3
19
130
1
2
3
19
130
1
2
3
19
130
1
2
3
19
130
1
2
3
19
130
1
2
3
19
130
1
2
3
19
130
1
2
3
19
130
1
2
3
19
130
1
2
3
19
130
1
2
3
19
130
1
2
3
19
130
1
2
3
19
130
1
2
3
19
130
1
2
3
19
130
1
2
3
19
130
1
2
3
19
130
1
2
3
19
130
1
2
3
19
130
1
2
3
19
130
1
2
3
19
130
1
2
3
19
130
1
2
3
19
130
1
2
3
19
130
1
2
3
19
130
1
2
3
19
130
1
2
3
19
130
1
2
3
19
130
1
2
3
19
130
1
2
3
19
130
1
2
3
19
130
1
2
3
19
130
1
2
3
19
130
1
2
3
19
130
1
2
3
19
130
1
2
3
19
130
1
2
3
19
130
1
2
3
19
130
1
2
3
19
130
1
2
3
19
130
1
2
3
19
130
1
2
3
19
130
1
2
3
19
130
1
2
3
19
130
1
2