2
6
1
19
130
2
6
1
19
130
2
6
1
19
130
2
6
1
19
130
2
6
1
19
130
2
6
1
19
130
2
6
1
19
130
2
6
1
19
130
2
6
1
19
130
2
6
1
19
130
2
6
1
19
130
2
6
1
19
130
2
6
1
19
130
2
6
1
19
130
2
6
1
19
130
2
6
1
19
130
2
6
1
19
130
2
6
1
19
130
2
6
1
19
130
2
6
1
19
130
2
6
1
19
130
2
6
1
19
130
2
6
1
19
130
2
6
1
19
130
2
6
1
19
130
2
6
1
19
130
2
6
1
19
130
2
6
1
19
130
2
6
1
19
130
2
6
1
19
130
2
6
1
19
130
2
6
1
19
130
2
6
1
19
130
2
6
1
19
130
2
6
1
19
130
2
6
1
19
130
2
6
1
19
130
2
6
1
19
130
2
6
1
19
130
2
6
1
19
130
2
6
1
19
130
2
6
1
19
130
2
6
1
19
130
2
6
1
19
130
2
6
1
19
130
2
6
1
19
130
2
6
1
19
130
2
6
1
19
130
2
6
1
19
130
2
6
1
19
130