1
130
6
18
69
1
130
6
18
69
1
130
6
18
69
1
130
6
18
69
1
130
6
18
69
1
130
6
18
69
1
130
6
18
69
1
130
6
18
69
1
130
6
18
69
1
130
6
18
69
1
130
6
18
69
1
130
6
18
69
1
130
6
18
69
1
130
6
18
69
1
130
6
18
69
1
130
6
18
69
1
130
6
18
69
1
130
6
18
69
1
130
6
18
69
1
130
6
18
69
1
130
6
18
69
1
130
6
18
69
1
130
6
18
69
1
130
6
18
69
1
130
6
18
69
1
130
6
18
69
1
130
6
18
69
1
130
6
18
69
1
130
6
18
69
1
130
6
18
69
1
130
6
18
69
1
130
6
18
69
1
130
6
18
69
1
130
6
18
69
1
130
6
18
69
1
130
6
18
69
1
130
6
18
69
1
130
6
18
69
1
130
6
18
69
1
130
6
18
69
1
130
6
18
69
1
130
6
18
69
1
130
6
18
69
1
130
6
18
69
1
130
6
18
69
1
130
6
18
69
1
130
6
18
69
1
130
6
18
69
1
130
6
18
69
1
130
6
18
69