130
1
3
69
6
130
1
3
69
6
130
1
3
69
6
130
1
3
69
6
130
1
3
69
6
130
1
3
69
6
130
1
3
69
6
130
1
3
69
6
130
1
3
69
6
130
1
3
69
6
130
1
3
69
6
130
1
3
69
6
130
1
3
69
6
130
1
3
69
6
130
1
3
69
6
130
1
3
69
6
130
1
3
69
6
130
1
3
69
6
130
1
3
69
6
130
1
3
69
6
130
1
3
69
6
130
1
3
69
6
130
1
3
69
6
130
1
3
69
6
130
1
3
69
6
130
1
3
69
6
130
1
3
69
6
130
1
3
69
6
130
1
3
69
6
130
1
3
69
6
130
1
3
69
6
130
1
3
69
6
130
1
3
69
6
130
1
3
69
6
130
1
3
69
6
130
1
3
69
6
130
1
3
69
6
130
1
3
69
6
130
1
3
69
6
130
1
3
69
6
130
1
3
69
6
130
1
3
69
6
130
1
3
69
6
130
1
3
69
6
130
1
3
69
6
130
1
3
69
6
130
1
3
69
6
130
1
3
69
6
130
1
3
69
6
130
1
3
69
6