2
42
19
130
1
2
42
19
130
1
2
42
19
130
1
2
42
19
130
1
2
42
19
130
1
2
42
19
130
1
2
42
19
130
1
2
42
19
130
1
2
42
19
130
1
2
42
19
130
1
2
42
19
130
1
2
42
19
130
1
2
42
19
130
1
2
42
19
130
1
2
42
19
130
1
2
42
19
130
1
2
42
19
130
1
2
42
19
130
1
2
42
19
130
1
2
42
19
130
1
2
42
19
130
1
2
42
19
130
1
2
42
19
130
1
2
42
19
130
1
2
42
19
130
1
2
42
19
130
1
2
42
19
130
1
2
42
19
130
1
2
42
19
130
1
2
42
19
130
1
2
42
19
130
1
2
42
19
130
1
2
42
19
130
1
2
42
19
130
1
2
42
19
130
1
2
42
19
130
1
2
42
19
130
1
2
42
19
130
1
2
42
19
130
1
2
42
19
130
1
2
42
19
130
1
2
42
19
130
1
2
42
19
130
1
2
42
19
130
1
2
42
19
130
1
2
42
19
130
1
2
42
19
130
1
2
42
19
130
1
2
42
19
130
1
2
42
19
130
1