69
18
2
130
19
69
18
2
130
19
69
18
2
130
19
69
18
2
130
19
69
18
2
130
19
69
18
2
130
19
69
18
2
130
19
69
18
2
130
19
69
18
2
130
19
69
18
2
130
19
69
18
2
130
19
69
18
2
130
19
69
18
2
130
19
69
18
2
130
19
69
18
2
130
19
69
18
2
130
19
69
18
2
130
19
69
18
2
130
19
69
18
2
130
19
69
18
2
130
19
69
18
2
130
19
69
18
2
130
19
69
18
2
130
19
69
18
2
130
19
69
18
2
130
19
69
18
2
130
19
69
18
2
130
19
69
18
2
130
19
69
18
2
130
19
69
18
2
130
19
69
18
2
130
19
69
18
2
130
19
69
18
2
130
19
69
18
2
130
19
69
18
2
130
19
69
18
2
130
19
69
18
2
130
19
69
18
2
130
19
69
18
2
130
19
69
18
2
130
19
69
18
2
130
19
69
18
2
130
19
69
18
2
130
19
69
18
2
130
19
69
18
2
130
19
69
18
2
130
19
69
18
2
130
19
69
18
2
130
19
69
18
2
130
19
69
18
2
130
19