130
2
42
1
6
130
2
42
1
6
130
2
42
1
6
130
2
42
1
6
130
2
42
1
6
130
2
42
1
6
130
2
42
1
6
130
2
42
1
6
130
2
42
1
6
130
2
42
1
6
130
2
42
1
6
130
2
42
1
6
130
2
42
1
6
130
2
42
1
6
130
2
42
1
6
130
2
42
1
6
130
2
42
1
6
130
2
42
1
6
130
2
42
1
6
130
2
42
1
6
130
2
42
1
6
130
2
42
1
6
130
2
42
1
6
130
2
42
1
6
130
2
42
1
6
130
2
42
1
6
130
2
42
1
6
130
2
42
1
6
130
2
42
1
6
130
2
42
1
6
130
2
42
1
6
130
2
42
1
6
130
2
42
1
6
130
2
42
1
6
130
2
42
1
6
130
2
42
1
6
130
2
42
1
6
130
2
42
1
6
130
2
42
1
6
130
2
42
1
6
130
2
42
1
6
130
2
42
1
6
130
2
42
1
6
130
2
42
1
6
130
2
42
1
6
130
2
42
1
6
130
2
42
1
6
130
2
42
1
6
130
2
42
1
6
130
2
42
1
6