2
42
130
69
18
2
42
130
69
18
2
42
130
69
18
2
42
130
69
18
2
42
130
69
18
2
42
130
69
18
2
42
130
69
18
2
42
130
69
18
2
42
130
69
18
2
42
130
69
18
2
42
130
69
18
2
42
130
69
18
2
42
130
69
18
2
42
130
69
18
2
42
130
69
18
2
42
130
69
18
2
42
130
69
18
2
42
130
69
18
2
42
130
69
18
2
42
130
69
18
2
42
130
69
18
2
42
130
69
18
2
42
130
69
18
2
42
130
69
18
2
42
130
69
18
2
42
130
69
18
2
42
130
69
18
2
42
130
69
18
2
42
130
69
18
2
42
130
69
18
2
42
130
69
18
2
42
130
69
18
2
42
130
69
18
2
42
130
69
18
2
42
130
69
18
2
42
130
69
18
2
42
130
69
18
2
42
130
69
18
2
42
130
69
18
2
42
130
69
18
2
42
130
69
18
2
42
130
69
18
2
42
130
69
18
2
42
130
69
18
2
42
130
69
18
2
42
130
69
18
2
42
130
69
18
2
42
130
69
18
2
42
130
69
18
2
42
130
69
18