2
69
6
3
130
2
69
6
3
130
2
69
6
3
130
2
69
6
3
130
2
69
6
3
130
2
69
6
3
130
2
69
6
3
130
2
69
6
3
130
2
69
6
3
130
2
69
6
3
130
2
69
6
3
130
2
69
6
3
130
2
69
6
3
130
2
69
6
3
130
2
69
6
3
130
2
69
6
3
130
2
69
6
3
130
2
69
6
3
130
2
69
6
3
130
2
69
6
3
130
2
69
6
3
130
2
69
6
3
130
2
69
6
3
130
2
69
6
3
130
2
69
6
3
130
2
69
6
3
130
2
69
6
3
130
2
69
6
3
130
2
69
6
3
130
2
69
6
3
130
2
69
6
3
130
2
69
6
3
130
2
69
6
3
130
2
69
6
3
130
2
69
6
3
130
2
69
6
3
130
2
69
6
3
130
2
69
6
3
130
2
69
6
3
130
2
69
6
3
130
2
69
6
3
130
2
69
6
3
130
2
69
6
3
130
2
69
6
3
130
2
69
6
3
130
2
69
6
3
130
2
69
6
3
130
2
69
6
3
130
2
69
6
3
130
2
69
6
3
130