6
19
42
3
18
6
19
42
3
18
6
19
42
3
18
6
19
42
3
18
6
19
42
3
18
6
19
42
3
18
6
19
42
3
18
6
19
42
3
18
6
19
42
3
18
6
19
42
3
18
6
19
42
3
18
6
19
42
3
18
6
19
42
3
18
6
19
42
3
18
6
19
42
3
18
6
19
42
3
18
6
19
42
3
18
6
19
42
3
18
6
19
42
3
18
6
19
42
3
18
6
19
42
3
18
6
19
42
3
18
6
19
42
3
18
6
19
42
3
18
6
19
42
3
18
6
19
42
3
18
6
19
42
3
18
6
19
42
3
18
6
19
42
3
18
6
19
42
3
18
6
19
42
3
18
6
19
42
3
18
6
19
42
3
18
6
19
42
3
18
6
19
42
3
18
6
19
42
3
18
6
19
42
3
18
6
19
42
3
18
6
19
42
3
18
6
19
42
3
18
6
19
42
3
18
6
19
42
3
18
6
19
42
3
18
6
19
42
3
18
6
19
42
3
18
6
19
42
3
18
6
19
42
3
18
6
19
42
3
18
6
19
42
3
18
6
19
42
3
18