1
69
3
19
42
1
69
3
19
42
1
69
3
19
42
1
69
3
19
42
1
69
3
19
42
1
69
3
19
42
1
69
3
19
42
1
69
3
19
42
1
69
3
19
42
1
69
3
19
42
1
69
3
19
42
1
69
3
19
42
1
69
3
19
42
1
69
3
19
42
1
69
3
19
42
1
69
3
19
42
1
69
3
19
42
1
69
3
19
42
1
69
3
19
42
1
69
3
19
42
1
69
3
19
42
1
69
3
19
42
1
69
3
19
42
1
69
3
19
42
1
69
3
19
42
1
69
3
19
42
1
69
3
19
42
1
69
3
19
42
1
69
3
19
42
1
69
3
19
42
1
69
3
19
42
1
69
3
19
42
1
69
3
19
42
1
69
3
19
42
1
69
3
19
42
1
69
3
19
42
1
69
3
19
42
1
69
3
19
42
1
69
3
19
42
1
69
3
19
42
1
69
3
19
42
1
69
3
19
42
1
69
3
19
42
1
69
3
19
42
1
69
3
19
42
1
69
3
19
42
1
69
3
19
42
1
69
3
19
42
1
69
3
19
42
1
69
3
19
42