3
69
2
130
18
3
69
2
130
18
3
69
2
130
18
3
69
2
130
18
3
69
2
130
18
3
69
2
130
18
3
69
2
130
18
3
69
2
130
18
3
69
2
130
18
3
69
2
130
18
3
69
2
130
18
3
69
2
130
18
3
69
2
130
18
3
69
2
130
18
3
69
2
130
18
3
69
2
130
18
3
69
2
130
18
3
69
2
130
18
3
69
2
130
18
3
69
2
130
18
3
69
2
130
18
3
69
2
130
18
3
69
2
130
18
3
69
2
130
18
3
69
2
130
18
3
69
2
130
18
3
69
2
130
18
3
69
2
130
18
3
69
2
130
18
3
69
2
130
18
3
69
2
130
18
3
69
2
130
18
3
69
2
130
18
3
69
2
130
18
3
69
2
130
18
3
69
2
130
18
3
69
2
130
18
3
69
2
130
18
3
69
2
130
18
3
69
2
130
18
3
69
2
130
18
3
69
2
130
18
3
69
2
130
18
3
69
2
130
18
3
69
2
130
18
3
69
2
130
18
3
69
2
130
18
3
69
2
130
18
3
69
2
130
18
3
69
2
130
18