3
42
69
19
18
3
42
69
19
18
3
42
69
19
18
3
42
69
19
18
3
42
69
19
18
3
42
69
19
18
3
42
69
19
18
3
42
69
19
18
3
42
69
19
18
3
42
69
19
18
3
42
69
19
18
3
42
69
19
18
3
42
69
19
18
3
42
69
19
18
3
42
69
19
18
3
42
69
19
18
3
42
69
19
18
3
42
69
19
18
3
42
69
19
18
3
42
69
19
18
3
42
69
19
18
3
42
69
19
18
3
42
69
19
18
3
42
69
19
18
3
42
69
19
18
3
42
69
19
18
3
42
69
19
18
3
42
69
19
18
3
42
69
19
18
3
42
69
19
18
3
42
69
19
18
3
42
69
19
18
3
42
69
19
18
3
42
69
19
18
3
42
69
19
18
3
42
69
19
18
3
42
69
19
18
3
42
69
19
18
3
42
69
19
18
3
42
69
19
18
3
42
69
19
18
3
42
69
19
18
3
42
69
19
18
3
42
69
19
18
3
42
69
19
18
3
42
69
19
18
3
42
69
19
18
3
42
69
19
18
3
42
69
19
18
3
42
69
19
18