19
6
18
42
69
19
6
18
42
69
19
6
18
42
69
19
6
18
42
69
19
6
18
42
69
19
6
18
42
69
19
6
18
42
69
19
6
18
42
69
19
6
18
42
69
19
6
18
42
69
19
6
18
42
69
19
6
18
42
69
19
6
18
42
69
19
6
18
42
69
19
6
18
42
69
19
6
18
42
69
19
6
18
42
69
19
6
18
42
69
19
6
18
42
69
19
6
18
42
69
19
6
18
42
69
19
6
18
42
69
19
6
18
42
69
19
6
18
42
69
19
6
18
42
69
19
6
18
42
69
19
6
18
42
69
19
6
18
42
69
19
6
18
42
69
19
6
18
42
69
19
6
18
42
69
19
6
18
42
69
19
6
18
42
69
19
6
18
42
69
19
6
18
42
69
19
6
18
42
69
19
6
18
42
69
19
6
18
42
69
19
6
18
42
69
19
6
18
42
69
19
6
18
42
69
19
6
18
42
69
19
6
18
42
69
19
6
18
42
69
19
6
18
42
69
19
6
18
42
69
19
6
18
42
69
19
6
18
42
69
19
6
18
42
69
19
6
18
42
69