19
2
18
3
42
19
2
18
3
42
19
2
18
3
42
19
2
18
3
42
19
2
18
3
42
19
2
18
3
42
19
2
18
3
42
19
2
18
3
42
19
2
18
3
42
19
2
18
3
42
19
2
18
3
42
19
2
18
3
42
19
2
18
3
42
19
2
18
3
42
19
2
18
3
42
19
2
18
3
42
19
2
18
3
42
19
2
18
3
42
19
2
18
3
42
19
2
18
3
42
19
2
18
3
42
19
2
18
3
42
19
2
18
3
42
19
2
18
3
42
19
2
18
3
42
19
2
18
3
42
19
2
18
3
42
19
2
18
3
42
19
2
18
3
42
19
2
18
3
42
19
2
18
3
42
19
2
18
3
42
19
2
18
3
42
19
2
18
3
42
19
2
18
3
42
19
2
18
3
42
19
2
18
3
42
19
2
18
3
42
19
2
18
3
42
19
2
18
3
42
19
2
18
3
42
19
2
18
3
42
19
2
18
3
42
19
2
18
3
42
19
2
18
3
42
19
2
18
3
42
19
2
18
3
42
19
2
18
3
42
19
2
18
3
42
19
2
18
3
42