1
18
3
19
2
1
18
3
19
2
1
18
3
19
2
1
18
3
19
2
1
18
3
19
2
1
18
3
19
2
1
18
3
19
2
1
18
3
19
2
1
18
3
19
2
1
18
3
19
2
1
18
3
19
2
1
18
3
19
2
1
18
3
19
2
1
18
3
19
2
1
18
3
19
2
1
18
3
19
2
1
18
3
19
2
1
18
3
19
2
1
18
3
19
2
1
18
3
19
2
1
18
3
19
2
1
18
3
19
2
1
18
3
19
2
1
18
3
19
2
1
18
3
19
2
1
18
3
19
2
1
18
3
19
2
1
18
3
19
2
1
18
3
19
2
1
18
3
19
2
1
18
3
19
2
1
18
3
19
2
1
18
3
19
2
1
18
3
19
2
1
18
3
19
2
1
18
3
19
2
1
18
3
19
2
1
18
3
19
2
1
18
3
19
2
1
18
3
19
2
1
18
3
19
2
1
18
3
19
2
1
18
3
19
2
1
18
3
19
2
1
18
3
19
2
1
18
3
19
2
1
18
3
19
2
1
18
3
19
2
1
18
3
19
2
1
18
3
19
2