69
6
130
2
19
69
6
130
2
19
69
6
130
2
19
69
6
130
2
19
69
6
130
2
19
69
6
130
2
19
69
6
130
2
19
69
6
130
2
19
69
6
130
2
19
69
6
130
2
19
69
6
130
2
19
69
6
130
2
19
69
6
130
2
19
69
6
130
2
19
69
6
130
2
19
69
6
130
2
19
69
6
130
2
19
69
6
130
2
19
69
6
130
2
19
69
6
130
2
19
69
6
130
2
19
69
6
130
2
19
69
6
130
2
19
69
6
130
2
19
69
6
130
2
19
69
6
130
2
19
69
6
130
2
19
69
6
130
2
19
69
6
130
2
19
69
6
130
2
19
69
6
130
2
19
69
6
130
2
19
69
6
130
2
19
69
6
130
2
19
69
6
130
2
19
69
6
130
2
19
69
6
130
2
19
69
6
130
2
19
69
6
130
2
19
69
6
130
2
19
69
6
130
2
19
69
6
130
2
19
69
6
130
2
19
69
6
130
2
19
69
6
130
2
19
69
6
130
2
19
69
6
130
2
19
69
6
130
2
19
69
6
130
2
19
69
6
130
2
19