69
3
6
19
18
69
3
6
19
18
69
3
6
19
18
69
3
6
19
18
69
3
6
19
18
69
3
6
19
18
69
3
6
19
18
69
3
6
19
18
69
3
6
19
18
69
3
6
19
18
69
3
6
19
18
69
3
6
19
18
69
3
6
19
18
69
3
6
19
18
69
3
6
19
18
69
3
6
19
18
69
3
6
19
18
69
3
6
19
18
69
3
6
19
18
69
3
6
19
18
69
3
6
19
18
69
3
6
19
18
69
3
6
19
18
69
3
6
19
18
69
3
6
19
18
69
3
6
19
18
69
3
6
19
18
69
3
6
19
18
69
3
6
19
18
69
3
6
19
18
69
3
6
19
18
69
3
6
19
18
69
3
6
19
18
69
3
6
19
18
69
3
6
19
18
69
3
6
19
18
69
3
6
19
18
69
3
6
19
18
69
3
6
19
18
69
3
6
19
18
69
3
6
19
18
69
3
6
19
18
69
3
6
19
18
69
3
6
19
18
69
3
6
19
18
69
3
6
19
18
69
3
6
19
18
69
3
6
19
18
69
3
6
19
18
69
3
6
19
18