42
1
2
6
19
42
1
2
6
19
42
1
2
6
19
42
1
2
6
19
42
1
2
6
19
42
1
2
6
19
42
1
2
6
19
42
1
2
6
19
42
1
2
6
19
42
1
2
6
19
42
1
2
6
19
42
1
2
6
19
42
1
2
6
19
42
1
2
6
19
42
1
2
6
19
42
1
2
6
19
42
1
2
6
19
42
1
2
6
19
42
1
2
6
19
42
1
2
6
19
42
1
2
6
19
42
1
2
6
19
42
1
2
6
19
42
1
2
6
19
42
1
2
6
19
42
1
2
6
19
42
1
2
6
19
42
1
2
6
19
42
1
2
6
19
42
1
2
6
19
42
1
2
6
19
42
1
2
6
19
42
1
2
6
19
42
1
2
6
19
42
1
2
6
19
42
1
2
6
19
42
1
2
6
19
42
1
2
6
19
42
1
2
6
19
42
1
2
6
19
42
1
2
6
19
42
1
2
6
19
42
1
2
6
19
42
1
2
6
19
42
1
2
6
19
42
1
2
6
19
42
1
2
6
19
42
1
2
6
19
42
1
2
6
19
42
1
2
6
19