3
69
42
19
18
3
69
42
19
18
3
69
42
19
18
3
69
42
19
18
3
69
42
19
18
3
69
42
19
18
3
69
42
19
18
3
69
42
19
18
3
69
42
19
18
3
69
42
19
18
3
69
42
19
18
3
69
42
19
18
3
69
42
19
18
3
69
42
19
18
3
69
42
19
18
3
69
42
19
18
3
69
42
19
18
3
69
42
19
18
3
69
42
19
18
3
69
42
19
18
3
69
42
19
18
3
69
42
19
18
3
69
42
19
18
3
69
42
19
18
3
69
42
19
18
3
69
42
19
18
3
69
42
19
18
3
69
42
19
18
3
69
42
19
18
3
69
42
19
18
3
69
42
19
18
3
69
42
19
18
3
69
42
19
18
3
69
42
19
18
3
69
42
19
18
3
69
42
19
18
3
69
42
19
18
3
69
42
19
18
3
69
42
19
18
3
69
42
19
18
3
69
42
19
18
3
69
42
19
18
3
69
42
19
18
3
69
42
19
18
3
69
42
19
18
3
69
42
19
18
3
69
42
19
18
3
69
42
19
18
3
69
42
19
18
3
69
42
19
18