3
19
18
42
1
3
19
18
42
1
3
19
18
42
1
3
19
18
42
1
3
19
18
42
1
3
19
18
42
1
3
19
18
42
1
3
19
18
42
1
3
19
18
42
1
3
19
18
42
1
3
19
18
42
1
3
19
18
42
1
3
19
18
42
1
3
19
18
42
1
3
19
18
42
1
3
19
18
42
1
3
19
18
42
1
3
19
18
42
1
3
19
18
42
1
3
19
18
42
1
3
19
18
42
1
3
19
18
42
1
3
19
18
42
1
3
19
18
42
1
3
19
18
42
1
3
19
18
42
1
3
19
18
42
1
3
19
18
42
1
3
19
18
42
1
3
19
18
42
1
3
19
18
42
1
3
19
18
42
1
3
19
18
42
1
3
19
18
42
1
3
19
18
42
1
3
19
18
42
1
3
19
18
42
1
3
19
18
42
1
3
19
18
42
1
3
19
18
42
1
3
19
18
42
1
3
19
18
42
1
3
19
18
42
1
3
19
18
42
1
3
19
18
42
1
3
19
18
42
1
3
19
18
42
1
3
19
18
42
1
3
19
18
42
1
3
19
18
42
1