69
130
3
2
18
69
130
3
2
18
69
130
3
2
18
69
130
3
2
18
69
130
3
2
18
69
130
3
2
18
69
130
3
2
18
69
130
3
2
18
69
130
3
2
18
69
130
3
2
18
69
130
3
2
18
69
130
3
2
18
69
130
3
2
18
69
130
3
2
18
69
130
3
2
18
69
130
3
2
18
69
130
3
2
18
69
130
3
2
18
69
130
3
2
18
69
130
3
2
18
69
130
3
2
18
69
130
3
2
18
69
130
3
2
18
69
130
3
2
18
69
130
3
2
18
69
130
3
2
18
69
130
3
2
18
69
130
3
2
18
69
130
3
2
18
69
130
3
2
18
69
130
3
2
18
69
130
3
2
18
69
130
3
2
18
69
130
3
2
18
69
130
3
2
18
69
130
3
2
18
69
130
3
2
18
69
130
3
2
18
69
130
3
2
18
69
130
3
2
18
69
130
3
2
18
69
130
3
2
18
69
130
3
2
18
69
130
3
2
18
69
130
3
2
18
69
130
3
2
18
69
130
3
2
18
69
130
3
2
18
69
130
3
2
18
69
130
3
2
18