42
19
69
6
3
42
19
69
6
3
42
19
69
6
3
42
19
69
6
3
42
19
69
6
3
42
19
69
6
3
42
19
69
6
3
42
19
69
6
3
42
19
69
6
3
42
19
69
6
3
42
19
69
6
3
42
19
69
6
3
42
19
69
6
3
42
19
69
6
3
42
19
69
6
3
42
19
69
6
3
42
19
69
6
3
42
19
69
6
3
42
19
69
6
3
42
19
69
6
3
42
19
69
6
3
42
19
69
6
3
42
19
69
6
3
42
19
69
6
3
42
19
69
6
3
42
19
69
6
3
42
19
69
6
3
42
19
69
6
3
42
19
69
6
3
42
19
69
6
3
42
19
69
6
3
42
19
69
6
3
42
19
69
6
3
42
19
69
6
3
42
19
69
6
3
42
19
69
6
3
42
19
69
6
3
42
19
69
6
3
42
19
69
6
3
42
19
69
6
3
42
19
69
6
3
42
19
69
6
3
42
19
69
6
3
42
19
69
6
3
42
19
69
6
3
42
19
69
6
3
42
19
69
6
3
42
19
69
6
3
42
19
69
6
3
42
19
69
6
3