1
3
130
2
69
1
3
130
2
69
1
3
130
2
69
1
3
130
2
69
1
3
130
2
69
1
3
130
2
69
1
3
130
2
69
1
3
130
2
69
1
3
130
2
69
1
3
130
2
69
1
3
130
2
69
1
3
130
2
69
1
3
130
2
69
1
3
130
2
69
1
3
130
2
69
1
3
130
2
69
1
3
130
2
69
1
3
130
2
69
1
3
130
2
69
1
3
130
2
69
1
3
130
2
69
1
3
130
2
69
1
3
130
2
69
1
3
130
2
69
1
3
130
2
69
1
3
130
2
69
1
3
130
2
69
1
3
130
2
69
1
3
130
2
69
1
3
130
2
69
1
3
130
2
69
1
3
130
2
69
1
3
130
2
69
1
3
130
2
69
1
3
130
2
69
1
3
130
2
69
1
3
130
2
69
1
3
130
2
69
1
3
130
2
69
1
3
130
2
69
1
3
130
2
69
1
3
130
2
69
1
3
130
2
69
1
3
130
2
69
1
3
130
2
69
1
3
130
2
69
1
3
130
2
69
1
3
130
2
69
1
3
130
2
69
1
3
130
2
69