69
3
19
42
18
69
3
19
42
18
69
3
19
42
18
69
3
19
42
18
69
3
19
42
18
69
3
19
42
18
69
3
19
42
18
69
3
19
42
18
69
3
19
42
18
69
3
19
42
18
69
3
19
42
18
69
3
19
42
18
69
3
19
42
18
69
3
19
42
18
69
3
19
42
18
69
3
19
42
18
69
3
19
42
18
69
3
19
42
18
69
3
19
42
18
69
3
19
42
18
69
3
19
42
18
69
3
19
42
18
69
3
19
42
18
69
3
19
42
18
69
3
19
42
18
69
3
19
42
18
69
3
19
42
18
69
3
19
42
18
69
3
19
42
18
69
3
19
42
18
69
3
19
42
18
69
3
19
42
18
69
3
19
42
18
69
3
19
42
18
69
3
19
42
18
69
3
19
42
18
69
3
19
42
18
69
3
19
42
18
69
3
19
42
18
69
3
19
42
18
69
3
19
42
18
69
3
19
42
18
69
3
19
42
18
69
3
19
42
18
69
3
19
42
18
69
3
19
42
18
69
3
19
42
18
69
3
19
42
18
69
3
19
42
18
69
3
19
42
18