69
2
18
19
3
69
2
18
19
3
69
2
18
19
3
69
2
18
19
3
69
2
18
19
3
69
2
18
19
3
69
2
18
19
3
69
2
18
19
3
69
2
18
19
3
69
2
18
19
3
69
2
18
19
3
69
2
18
19
3
69
2
18
19
3
69
2
18
19
3
69
2
18
19
3
69
2
18
19
3
69
2
18
19
3
69
2
18
19
3
69
2
18
19
3
69
2
18
19
3
69
2
18
19
3
69
2
18
19
3
69
2
18
19
3
69
2
18
19
3
69
2
18
19
3
69
2
18
19
3
69
2
18
19
3
69
2
18
19
3
69
2
18
19
3
69
2
18
19
3
69
2
18
19
3
69
2
18
19
3
69
2
18
19
3
69
2
18
19
3
69
2
18
19
3
69
2
18
19
3
69
2
18
19
3
69
2
18
19
3
69
2
18
19
3
69
2
18
19
3
69
2
18
19
3
69
2
18
19
3
69
2
18
19
3
69
2
18
19
3
69
2
18
19
3
69
2
18
19
3
69
2
18
19
3
69
2
18
19
3
69
2
18
19
3
69
2
18
19
3