1
3
18
69
42
1
3
18
69
42
1
3
18
69
42
1
3
18
69
42
1
3
18
69
42
1
3
18
69
42
1
3
18
69
42
1
3
18
69
42
1
3
18
69
42
1
3
18
69
42
1
3
18
69
42
1
3
18
69
42
1
3
18
69
42
1
3
18
69
42
1
3
18
69
42
1
3
18
69
42
1
3
18
69
42
1
3
18
69
42
1
3
18
69
42
1
3
18
69
42
1
3
18
69
42
1
3
18
69
42
1
3
18
69
42
1
3
18
69
42
1
3
18
69
42
1
3
18
69
42
1
3
18
69
42
1
3
18
69
42
1
3
18
69
42
1
3
18
69
42
1
3
18
69
42
1
3
18
69
42
1
3
18
69
42
1
3
18
69
42
1
3
18
69
42
1
3
18
69
42
1
3
18
69
42
1
3
18
69
42
1
3
18
69
42
1
3
18
69
42
1
3
18
69
42
1
3
18
69
42
1
3
18
69
42
1
3
18
69
42
1
3
18
69
42
1
3
18
69
42
1
3
18
69
42
1
3
18
69
42
1
3
18
69
42
1
3
18
69
42