18
130
2
42
19
18
130
2
42
19
18
130
2
42
19
18
130
2
42
19
18
130
2
42
19
18
130
2
42
19
18
130
2
42
19
18
130
2
42
19
18
130
2
42
19
18
130
2
42
19
18
130
2
42
19
18
130
2
42
19
18
130
2
42
19
18
130
2
42
19
18
130
2
42
19
18
130
2
42
19
18
130
2
42
19
18
130
2
42
19
18
130
2
42
19
18
130
2
42
19
18
130
2
42
19
18
130
2
42
19
18
130
2
42
19
18
130
2
42
19
18
130
2
42
19
18
130
2
42
19
18
130
2
42
19
18
130
2
42
19
18
130
2
42
19
18
130
2
42
19
18
130
2
42
19
18
130
2
42
19
18
130
2
42
19
18
130
2
42
19
18
130
2
42
19
18
130
2
42
19
18
130
2
42
19
18
130
2
42
19
18
130
2
42
19
18
130
2
42
19
18
130
2
42
19
18
130
2
42
19
18
130
2
42
19
18
130
2
42
19
18
130
2
42
19
18
130
2
42
19
18
130
2
42
19
18
130
2
42
19
18
130
2
42
19
18
130
2
42
19