19
2
6
18
1
19
2
6
18
1
19
2
6
18
1
19
2
6
18
1
19
2
6
18
1
19
2
6
18
1
19
2
6
18
1
19
2
6
18
1
19
2
6
18
1
19
2
6
18
1
19
2
6
18
1
19
2
6
18
1
19
2
6
18
1
19
2
6
18
1
19
2
6
18
1
19
2
6
18
1
19
2
6
18
1
19
2
6
18
1
19
2
6
18
1
19
2
6
18
1
19
2
6
18
1
19
2
6
18
1
19
2
6
18
1
19
2
6
18
1
19
2
6
18
1
19
2
6
18
1
19
2
6
18
1
19
2
6
18
1
19
2
6
18
1
19
2
6
18
1
19
2
6
18
1
19
2
6
18
1
19
2
6
18
1
19
2
6
18
1
19
2
6
18
1
19
2
6
18
1
19
2
6
18
1
19
2
6
18
1
19
2
6
18
1
19
2
6
18
1
19
2
6
18
1
19
2
6
18
1
19
2
6
18
1
19
2
6
18
1
19
2
6
18
1
19
2
6
18
1
19
2
6
18
1
19
2
6
18
1
19
2
6
18
1
19
2
6
18
1