42
6
1
18
130
42
6
1
18
130
42
6
1
18
130
42
6
1
18
130
42
6
1
18
130
42
6
1
18
130
42
6
1
18
130
42
6
1
18
130
42
6
1
18
130
42
6
1
18
130
42
6
1
18
130
42
6
1
18
130
42
6
1
18
130
42
6
1
18
130
42
6
1
18
130
42
6
1
18
130
42
6
1
18
130
42
6
1
18
130
42
6
1
18
130
42
6
1
18
130
42
6
1
18
130
42
6
1
18
130
42
6
1
18
130
42
6
1
18
130
42
6
1
18
130
42
6
1
18
130
42
6
1
18
130
42
6
1
18
130
42
6
1
18
130
42
6
1
18
130
42
6
1
18
130
42
6
1
18
130
42
6
1
18
130
42
6
1
18
130
42
6
1
18
130
42
6
1
18
130
42
6
1
18
130
42
6
1
18
130
42
6
1
18
130
42
6
1
18
130
42
6
1
18
130
42
6
1
18
130
42
6
1
18
130
42
6
1
18
130
42
6
1
18
130
42
6
1
18
130
42
6
1
18
130
42
6
1
18
130
42
6
1
18
130
42
6
1
18
130