3
18
2
1
42
3
18
2
1
42
3
18
2
1
42
3
18
2
1
42
3
18
2
1
42
3
18
2
1
42
3
18
2
1
42
3
18
2
1
42
3
18
2
1
42
3
18
2
1
42
3
18
2
1
42
3
18
2
1
42
3
18
2
1
42
3
18
2
1
42
3
18
2
1
42
3
18
2
1
42
3
18
2
1
42
3
18
2
1
42
3
18
2
1
42
3
18
2
1
42
3
18
2
1
42
3
18
2
1
42
3
18
2
1
42
3
18
2
1
42
3
18
2
1
42
3
18
2
1
42
3
18
2
1
42
3
18
2
1
42
3
18
2
1
42
3
18
2
1
42
3
18
2
1
42
3
18
2
1
42
3
18
2
1
42
3
18
2
1
42
3
18
2
1
42
3
18
2
1
42
3
18
2
1
42
3
18
2
1
42
3
18
2
1
42
3
18
2
1
42
3
18
2
1
42
3
18
2
1
42
3
18
2
1
42
3
18
2
1
42
3
18
2
1
42
3
18
2
1
42
3
18
2
1
42
3
18
2
1
42
3
18
2
1
42
3
18
2
1
42