69
130
18
42
6
69
130
18
42
6
69
130
18
42
6
69
130
18
42
6
69
130
18
42
6
69
130
18
42
6
69
130
18
42
6
69
130
18
42
6
69
130
18
42
6
69
130
18
42
6
69
130
18
42
6
69
130
18
42
6
69
130
18
42
6
69
130
18
42
6
69
130
18
42
6
69
130
18
42
6
69
130
18
42
6
69
130
18
42
6
69
130
18
42
6
69
130
18
42
6
69
130
18
42
6
69
130
18
42
6
69
130
18
42
6
69
130
18
42
6
69
130
18
42
6
69
130
18
42
6
69
130
18
42
6
69
130
18
42
6
69
130
18
42
6
69
130
18
42
6
69
130
18
42
6
69
130
18
42
6
69
130
18
42
6
69
130
18
42
6
69
130
18
42
6
69
130
18
42
6
69
130
18
42
6
69
130
18
42
6
69
130
18
42
6
69
130
18
42
6
69
130
18
42
6
69
130
18
42
6
69
130
18
42
6
69
130
18
42
6
69
130
18
42
6
69
130
18
42
6
69
130
18
42
6
69
130
18
42
6
69
130
18
42
6
69
130
18
42
6