6
1
69
19
2
6
1
69
19
2
6
1
69
19
2
6
1
69
19
2
6
1
69
19
2
6
1
69
19
2
6
1
69
19
2
6
1
69
19
2
6
1
69
19
2
6
1
69
19
2
6
1
69
19
2
6
1
69
19
2
6
1
69
19
2
6
1
69
19
2
6
1
69
19
2
6
1
69
19
2
6
1
69
19
2
6
1
69
19
2
6
1
69
19
2
6
1
69
19
2
6
1
69
19
2
6
1
69
19
2
6
1
69
19
2
6
1
69
19
2
6
1
69
19
2
6
1
69
19
2
6
1
69
19
2
6
1
69
19
2
6
1
69
19
2
6
1
69
19
2
6
1
69
19
2
6
1
69
19
2
6
1
69
19
2
6
1
69
19
2
6
1
69
19
2
6
1
69
19
2
6
1
69
19
2
6
1
69
19
2
6
1
69
19
2
6
1
69
19
2
6
1
69
19
2
6
1
69
19
2
6
1
69
19
2
6
1
69
19
2
6
1
69
19
2
6
1
69
19
2
6
1
69
19
2
6
1
69
19
2
6
1
69
19
2
6
1
69
19
2