3
69
42
2
1
3
69
42
2
1
3
69
42
2
1
3
69
42
2
1
3
69
42
2
1
3
69
42
2
1
3
69
42
2
1
3
69
42
2
1
3
69
42
2
1
3
69
42
2
1
3
69
42
2
1
3
69
42
2
1
3
69
42
2
1
3
69
42
2
1
3
69
42
2
1
3
69
42
2
1
3
69
42
2
1
3
69
42
2
1
3
69
42
2
1
3
69
42
2
1
3
69
42
2
1
3
69
42
2
1
3
69
42
2
1
3
69
42
2
1
3
69
42
2
1
3
69
42
2
1
3
69
42
2
1
3
69
42
2
1
3
69
42
2
1
3
69
42
2
1
3
69
42
2
1
3
69
42
2
1
3
69
42
2
1
3
69
42
2
1
3
69
42
2
1
3
69
42
2
1
3
69
42
2
1
3
69
42
2
1
3
69
42
2
1
3
69
42
2
1
3
69
42
2
1
3
69
42
2
1
3
69
42
2
1
3
69
42
2
1
3
69
42
2
1
3
69
42
2
1
3
69
42
2
1
3
69
42
2
1
3
69
42
2
1
3
69
42
2
1