130
3
2
1
19
130
3
2
1
19
130
3
2
1
19
130
3
2
1
19
130
3
2
1
19
130
3
2
1
19
130
3
2
1
19
130
3
2
1
19
130
3
2
1
19
130
3
2
1
19
130
3
2
1
19
130
3
2
1
19
130
3
2
1
19
130
3
2
1
19
130
3
2
1
19
130
3
2
1
19
130
3
2
1
19
130
3
2
1
19
130
3
2
1
19
130
3
2
1
19
130
3
2
1
19
130
3
2
1
19
130
3
2
1
19
130
3
2
1
19
130
3
2
1
19
130
3
2
1
19
130
3
2
1
19
130
3
2
1
19
130
3
2
1
19
130
3
2
1
19
130
3
2
1
19
130
3
2
1
19
130
3
2
1
19
130
3
2
1
19
130
3
2
1
19
130
3
2
1
19
130
3
2
1
19
130
3
2
1
19
130
3
2
1
19
130
3
2
1
19
130
3
2
1
19
130
3
2
1
19
130
3
2
1
19
130
3
2
1
19
130
3
2
1
19
130
3
2
1
19
130
3
2
1
19
130
3
2
1
19
130
3
2
1
19
130
3
2
1
19