1
6
2
69
18
1
6
2
69
18
1
6
2
69
18
1
6
2
69
18
1
6
2
69
18
1
6
2
69
18
1
6
2
69
18
1
6
2
69
18
1
6
2
69
18
1
6
2
69
18
1
6
2
69
18
1
6
2
69
18
1
6
2
69
18
1
6
2
69
18
1
6
2
69
18
1
6
2
69
18
1
6
2
69
18
1
6
2
69
18
1
6
2
69
18
1
6
2
69
18
1
6
2
69
18
1
6
2
69
18
1
6
2
69
18
1
6
2
69
18
1
6
2
69
18
1
6
2
69
18
1
6
2
69
18
1
6
2
69
18
1
6
2
69
18
1
6
2
69
18
1
6
2
69
18
1
6
2
69
18
1
6
2
69
18
1
6
2
69
18
1
6
2
69
18
1
6
2
69
18
1
6
2
69
18
1
6
2
69
18
1
6
2
69
18
1
6
2
69
18
1
6
2
69
18
1
6
2
69
18
1
6
2
69
18
1
6
2
69
18
1
6
2
69
18
1
6
2
69
18
1
6
2
69
18
1
6
2
69
18
1
6
2
69
18
1
6
2
69
18