18
1
42
19
6
18
1
42
19
6
18
1
42
19
6
18
1
42
19
6
18
1
42
19
6
18
1
42
19
6
18
1
42
19
6
18
1
42
19
6
18
1
42
19
6
18
1
42
19
6
18
1
42
19
6
18
1
42
19
6
18
1
42
19
6
18
1
42
19
6
18
1
42
19
6
18
1
42
19
6
18
1
42
19
6
18
1
42
19
6
18
1
42
19
6
18
1
42
19
6
18
1
42
19
6
18
1
42
19
6
18
1
42
19
6
18
1
42
19
6
18
1
42
19
6
18
1
42
19
6
18
1
42
19
6
18
1
42
19
6
18
1
42
19
6
18
1
42
19
6
18
1
42
19
6
18
1
42
19
6
18
1
42
19
6
18
1
42
19
6
18
1
42
19
6
18
1
42
19
6
18
1
42
19
6
18
1
42
19
6
18
1
42
19
6
18
1
42
19
6
18
1
42
19
6
18
1
42
19
6
18
1
42
19
6
18
1
42
19
6
18
1
42
19
6
18
1
42
19
6
18
1
42
19
6
18
1
42
19
6
18
1
42
19
6
18
1
42
19
6