19
130
42
2
69
19
130
42
2
69
19
130
42
2
69
19
130
42
2
69
19
130
42
2
69
19
130
42
2
69
19
130
42
2
69
19
130
42
2
69
19
130
42
2
69
19
130
42
2
69
19
130
42
2
69
19
130
42
2
69
19
130
42
2
69
19
130
42
2
69
19
130
42
2
69
19
130
42
2
69
19
130
42
2
69
19
130
42
2
69
19
130
42
2
69
19
130
42
2
69
19
130
42
2
69
19
130
42
2
69
19
130
42
2
69
19
130
42
2
69
19
130
42
2
69
19
130
42
2
69
19
130
42
2
69
19
130
42
2
69
19
130
42
2
69
19
130
42
2
69
19
130
42
2
69
19
130
42
2
69
19
130
42
2
69
19
130
42
2
69
19
130
42
2
69
19
130
42
2
69
19
130
42
2
69
19
130
42
2
69
19
130
42
2
69
19
130
42
2
69
19
130
42
2
69
19
130
42
2
69
19
130
42
2
69
19
130
42
2
69
19
130
42
2
69
19
130
42
2
69
19
130
42
2
69
19
130
42
2
69
19
130
42
2
69
19
130
42
2
69