6
1
2
42
18
6
1
2
42
18
6
1
2
42
18
6
1
2
42
18
6
1
2
42
18
6
1
2
42
18
6
1
2
42
18
6
1
2
42
18
6
1
2
42
18
6
1
2
42
18
6
1
2
42
18
6
1
2
42
18
6
1
2
42
18
6
1
2
42
18
6
1
2
42
18
6
1
2
42
18
6
1
2
42
18
6
1
2
42
18
6
1
2
42
18
6
1
2
42
18
6
1
2
42
18
6
1
2
42
18
6
1
2
42
18
6
1
2
42
18
6
1
2
42
18
6
1
2
42
18
6
1
2
42
18
6
1
2
42
18
6
1
2
42
18
6
1
2
42
18
6
1
2
42
18
6
1
2
42
18
6
1
2
42
18
6
1
2
42
18
6
1
2
42
18
6
1
2
42
18
6
1
2
42
18
6
1
2
42
18
6
1
2
42
18
6
1
2
42
18
6
1
2
42
18
6
1
2
42
18
6
1
2
42
18
6
1
2
42
18
6
1
2
42
18
6
1
2
42
18
6
1
2
42
18
6
1
2
42
18
6
1
2
42
18
6
1
2
42
18