69
1
18
2
6
69
1
18
2
6
69
1
18
2
6
69
1
18
2
6
69
1
18
2
6
69
1
18
2
6
69
1
18
2
6
69
1
18
2
6
69
1
18
2
6
69
1
18
2
6
69
1
18
2
6
69
1
18
2
6
69
1
18
2
6
69
1
18
2
6
69
1
18
2
6
69
1
18
2
6
69
1
18
2
6
69
1
18
2
6
69
1
18
2
6
69
1
18
2
6
69
1
18
2
6
69
1
18
2
6
69
1
18
2
6
69
1
18
2
6
69
1
18
2
6
69
1
18
2
6
69
1
18
2
6
69
1
18
2
6
69
1
18
2
6
69
1
18
2
6
69
1
18
2
6
69
1
18
2
6
69
1
18
2
6
69
1
18
2
6
69
1
18
2
6
69
1
18
2
6
69
1
18
2
6
69
1
18
2
6
69
1
18
2
6
69
1
18
2
6
69
1
18
2
6
69
1
18
2
6
69
1
18
2
6
69
1
18
2
6
69
1
18
2
6
69
1
18
2
6
69
1
18
2
6
69
1
18
2
6
69
1
18
2
6
69
1
18
2
6