6
1
19
2
42
6
1
19
2
42
6
1
19
2
42
6
1
19
2
42
6
1
19
2
42
6
1
19
2
42
6
1
19
2
42
6
1
19
2
42
6
1
19
2
42
6
1
19
2
42
6
1
19
2
42
6
1
19
2
42
6
1
19
2
42
6
1
19
2
42
6
1
19
2
42
6
1
19
2
42
6
1
19
2
42
6
1
19
2
42
6
1
19
2
42
6
1
19
2
42
6
1
19
2
42
6
1
19
2
42
6
1
19
2
42
6
1
19
2
42
6
1
19
2
42
6
1
19
2
42
6
1
19
2
42
6
1
19
2
42
6
1
19
2
42
6
1
19
2
42
6
1
19
2
42
6
1
19
2
42
6
1
19
2
42
6
1
19
2
42
6
1
19
2
42
6
1
19
2
42
6
1
19
2
42
6
1
19
2
42
6
1
19
2
42
6
1
19
2
42
6
1
19
2
42
6
1
19
2
42
6
1
19
2
42
6
1
19
2
42
6
1
19
2
42
6
1
19
2
42
6
1
19
2
42
6
1
19
2
42
6
1
19
2
42
6
1
19
2
42