2
18
1
130
60
2
18
1
130
60
2
18
1
130
60
2
18
1
130
60
2
18
1
130
60
2
18
1
130
60
2
18
1
130
60
2
18
1
130
60
2
18
1
130
60
2
18
1
130
60
2
18
1
130
60
2
18
1
130
60
2
18
1
130
60
2
18
1
130
60
2
18
1
130
60
2
18
1
130
60
2
18
1
130
60
2
18
1
130
60
2
18
1
130
60
2
18
1
130
60
2
18
1
130
60
2
18
1
130
60
2
18
1
130
60
2
18
1
130
60
2
18
1
130
60
2
18
1
130
60
2
18
1
130
60
2
18
1
130
60
2
18
1
130
60
2
18
1
130
60
2
18
1
130
60
2
18
1
130
60
2
18
1
130
60
2
18
1
130
60
2
18
1
130
60
2
18
1
130
60
2
18
1
130
60
2
18
1
130
60
2
18
1
130
60
2
18
1
130
60
2
18
1
130
60
2
18
1
130
60
2
18
1
130
60
2
18
1
130
60
2
18
1
130
60
2
18
1
130
60
2
18
1
130
60
2
18
1
130
60
2
18
1
130
60
2
18
1
130
60