3
2
18
130
60
3
2
18
130
60
3
2
18
130
60
3
2
18
130
60
3
2
18
130
60
3
2
18
130
60
3
2
18
130
60
3
2
18
130
60
3
2
18
130
60
3
2
18
130
60
3
2
18
130
60
3
2
18
130
60
3
2
18
130
60
3
2
18
130
60
3
2
18
130
60
3
2
18
130
60
3
2
18
130
60
3
2
18
130
60
3
2
18
130
60
3
2
18
130
60
3
2
18
130
60
3
2
18
130
60
3
2
18
130
60
3
2
18
130
60
3
2
18
130
60
3
2
18
130
60
3
2
18
130
60
3
2
18
130
60
3
2
18
130
60
3
2
18
130
60
3
2
18
130
60
3
2
18
130
60
3
2
18
130
60
3
2
18
130
60
3
2
18
130
60
3
2
18
130
60
3
2
18
130
60
3
2
18
130
60
3
2
18
130
60
3
2
18
130
60
3
2
18
130
60
3
2
18
130
60
3
2
18
130
60
3
2
18
130
60
3
2
18
130
60
3
2
18
130
60
3
2
18
130
60
3
2
18
130
60
3
2
18
130
60
3
2
18
130
60