3
42
2
1
130
3
42
2
1
130
3
42
2
1
130
3
42
2
1
130
3
42
2
1
130
3
42
2
1
130
3
42
2
1
130
3
42
2
1
130
3
42
2
1
130
3
42
2
1
130
3
42
2
1
130
3
42
2
1
130
3
42
2
1
130
3
42
2
1
130
3
42
2
1
130
3
42
2
1
130
3
42
2
1
130
3
42
2
1
130
3
42
2
1
130
3
42
2
1
130
3
42
2
1
130
3
42
2
1
130
3
42
2
1
130
3
42
2
1
130
3
42
2
1
130
3
42
2
1
130
3
42
2
1
130
3
42
2
1
130
3
42
2
1
130
3
42
2
1
130
3
42
2
1
130
3
42
2
1
130
3
42
2
1
130
3
42
2
1
130
3
42
2
1
130
3
42
2
1
130
3
42
2
1
130
3
42
2
1
130
3
42
2
1
130
3
42
2
1
130
3
42
2
1
130
3
42
2
1
130
3
42
2
1
130
3
42
2
1
130
3
42
2
1
130
3
42
2
1
130
3
42
2
1
130
3
42
2
1
130
3
42
2
1
130
3
42
2
1
130