2
130
69
18
3
2
130
69
18
3
2
130
69
18
3
2
130
69
18
3
2
130
69
18
3
2
130
69
18
3
2
130
69
18
3
2
130
69
18
3
2
130
69
18
3
2
130
69
18
3
2
130
69
18
3
2
130
69
18
3
2
130
69
18
3
2
130
69
18
3
2
130
69
18
3
2
130
69
18
3
2
130
69
18
3
2
130
69
18
3
2
130
69
18
3
2
130
69
18
3
2
130
69
18
3
2
130
69
18
3
2
130
69
18
3
2
130
69
18
3
2
130
69
18
3
2
130
69
18
3
2
130
69
18
3
2
130
69
18
3
2
130
69
18
3
2
130
69
18
3
2
130
69
18
3
2
130
69
18
3
2
130
69
18
3
2
130
69
18
3
2
130
69
18
3
2
130
69
18
3
2
130
69
18
3
2
130
69
18
3
2
130
69
18
3
2
130
69
18
3
2
130
69
18
3
2
130
69
18
3
2
130
69
18
3
2
130
69
18
3
2
130
69
18
3
2
130
69
18
3
2
130
69
18
3
2
130
69
18
3
2
130
69
18
3
2
130
69
18
3