42
18
69
2
1
42
18
69
2
1
42
18
69
2
1
42
18
69
2
1
42
18
69
2
1
42
18
69
2
1
42
18
69
2
1
42
18
69
2
1
42
18
69
2
1
42
18
69
2
1
42
18
69
2
1
42
18
69
2
1
42
18
69
2
1
42
18
69
2
1
42
18
69
2
1
42
18
69
2
1
42
18
69
2
1
42
18
69
2
1
42
18
69
2
1
42
18
69
2
1
42
18
69
2
1
42
18
69
2
1
42
18
69
2
1
42
18
69
2
1
42
18
69
2
1
42
18
69
2
1
42
18
69
2
1
42
18
69
2
1
42
18
69
2
1
42
18
69
2
1
42
18
69
2
1
42
18
69
2
1
42
18
69
2
1
42
18
69
2
1
42
18
69
2
1
42
18
69
2
1
42
18
69
2
1
42
18
69
2
1
42
18
69
2
1
42
18
69
2
1
42
18
69
2
1
42
18
69
2
1
42
18
69
2
1
42
18
69
2
1
42
18
69
2
1
42
18
69
2
1
42
18
69
2
1
42
18
69
2
1
42
18
69
2
1
42
18
69
2
1