69
1
19
6
3
69
1
19
6
3
69
1
19
6
3
69
1
19
6
3
69
1
19
6
3
69
1
19
6
3
69
1
19
6
3
69
1
19
6
3
69
1
19
6
3
69
1
19
6
3
69
1
19
6
3
69
1
19
6
3
69
1
19
6
3
69
1
19
6
3
69
1
19
6
3
69
1
19
6
3
69
1
19
6
3
69
1
19
6
3
69
1
19
6
3
69
1
19
6
3
69
1
19
6
3
69
1
19
6
3
69
1
19
6
3
69
1
19
6
3
69
1
19
6
3
69
1
19
6
3
69
1
19
6
3
69
1
19
6
3
69
1
19
6
3
69
1
19
6
3
69
1
19
6
3
69
1
19
6
3
69
1
19
6
3
69
1
19
6
3
69
1
19
6
3
69
1
19
6
3
69
1
19
6
3
69
1
19
6
3
69
1
19
6
3
69
1
19
6
3
69
1
19
6
3
69
1
19
6
3
69
1
19
6
3
69
1
19
6
3
69
1
19
6
3
69
1
19
6
3
69
1
19
6
3
69
1
19
6
3
69
1
19
6
3
69
1
19
6
3