3
18
1
69
130
3
18
1
69
130
3
18
1
69
130
3
18
1
69
130
3
18
1
69
130
3
18
1
69
130
3
18
1
69
130
3
18
1
69
130
3
18
1
69
130
3
18
1
69
130
3
18
1
69
130
3
18
1
69
130
3
18
1
69
130
3
18
1
69
130
3
18
1
69
130
3
18
1
69
130
3
18
1
69
130
3
18
1
69
130
3
18
1
69
130
3
18
1
69
130
3
18
1
69
130
3
18
1
69
130
3
18
1
69
130
3
18
1
69
130
3
18
1
69
130
3
18
1
69
130
3
18
1
69
130
3
18
1
69
130
3
18
1
69
130
3
18
1
69
130
3
18
1
69
130
3
18
1
69
130
3
18
1
69
130
3
18
1
69
130
3
18
1
69
130
3
18
1
69
130
3
18
1
69
130
3
18
1
69
130
3
18
1
69
130
3
18
1
69
130
3
18
1
69
130
3
18
1
69
130
3
18
1
69
130
3
18
1
69
130
3
18
1
69
130
3
18
1
69
130
3
18
1
69
130
3
18
1
69
130
3
18
1
69
130
3
18
1
69
130