6
69
19
18
1
6
69
19
18
1
6
69
19
18
1
6
69
19
18
1
6
69
19
18
1
6
69
19
18
1
6
69
19
18
1
6
69
19
18
1
6
69
19
18
1
6
69
19
18
1
6
69
19
18
1
6
69
19
18
1
6
69
19
18
1
6
69
19
18
1
6
69
19
18
1
6
69
19
18
1
6
69
19
18
1
6
69
19
18
1
6
69
19
18
1
6
69
19
18
1
6
69
19
18
1
6
69
19
18
1
6
69
19
18
1
6
69
19
18
1
6
69
19
18
1
6
69
19
18
1
6
69
19
18
1
6
69
19
18
1
6
69
19
18
1
6
69
19
18
1
6
69
19
18
1
6
69
19
18
1
6
69
19
18
1
6
69
19
18
1
6
69
19
18
1
6
69
19
18
1
6
69
19
18
1
6
69
19
18
1
6
69
19
18
1
6
69
19
18
1
6
69
19
18
1
6
69
19
18
1
6
69
19
18
1
6
69
19
18
1
6
69
19
18
1
6
69
19
18
1
6
69
19
18
1
6
69
19
18
1
6
69
19
18
1
6
69
19
18
1