42
2
69
6
3
42
2
69
6
3
42
2
69
6
3
42
2
69
6
3
42
2
69
6
3
42
2
69
6
3
42
2
69
6
3
42
2
69
6
3
42
2
69
6
3
42
2
69
6
3
42
2
69
6
3
42
2
69
6
3
42
2
69
6
3
42
2
69
6
3
42
2
69
6
3
42
2
69
6
3
42
2
69
6
3
42
2
69
6
3
42
2
69
6
3
42
2
69
6
3
42
2
69
6
3
42
2
69
6
3
42
2
69
6
3
42
2
69
6
3
42
2
69
6
3
42
2
69
6
3
42
2
69
6
3
42
2
69
6
3
42
2
69
6
3
42
2
69
6
3
42
2
69
6
3
42
2
69
6
3
42
2
69
6
3
42
2
69
6
3
42
2
69
6
3
42
2
69
6
3
42
2
69
6
3
42
2
69
6
3
42
2
69
6
3
42
2
69
6
3
42
2
69
6
3
42
2
69
6
3
42
2
69
6
3
42
2
69
6
3
42
2
69
6
3
42
2
69
6
3
42
2
69
6
3
42
2
69
6
3
42
2
69
6
3
42
2
69
6
3