18
19
2
3
6
18
19
2
3
6
18
19
2
3
6
18
19
2
3
6
18
19
2
3
6
18
19
2
3
6
18
19
2
3
6
18
19
2
3
6
18
19
2
3
6
18
19
2
3
6
18
19
2
3
6
18
19
2
3
6
18
19
2
3
6
18
19
2
3
6
18
19
2
3
6
18
19
2
3
6
18
19
2
3
6
18
19
2
3
6
18
19
2
3
6
18
19
2
3
6
18
19
2
3
6
18
19
2
3
6
18
19
2
3
6
18
19
2
3
6
18
19
2
3
6
18
19
2
3
6
18
19
2
3
6
18
19
2
3
6
18
19
2
3
6
18
19
2
3
6
18
19
2
3
6
18
19
2
3
6
18
19
2
3
6
18
19
2
3
6
18
19
2
3
6
18
19
2
3
6
18
19
2
3
6
18
19
2
3
6
18
19
2
3
6
18
19
2
3
6
18
19
2
3
6
18
19
2
3
6
18
19
2
3
6
18
19
2
3
6
18
19
2
3
6
18
19
2
3
6
18
19
2
3
6
18
19
2
3
6
18
19
2
3
6
18
19
2
3
6