19
6
1
3
42
19
6
1
3
42
19
6
1
3
42
19
6
1
3
42
19
6
1
3
42
19
6
1
3
42
19
6
1
3
42
19
6
1
3
42
19
6
1
3
42
19
6
1
3
42
19
6
1
3
42
19
6
1
3
42
19
6
1
3
42
19
6
1
3
42
19
6
1
3
42
19
6
1
3
42
19
6
1
3
42
19
6
1
3
42
19
6
1
3
42
19
6
1
3
42
19
6
1
3
42
19
6
1
3
42
19
6
1
3
42
19
6
1
3
42
19
6
1
3
42
19
6
1
3
42
19
6
1
3
42
19
6
1
3
42
19
6
1
3
42
19
6
1
3
42
19
6
1
3
42
19
6
1
3
42
19
6
1
3
42
19
6
1
3
42
19
6
1
3
42
19
6
1
3
42
19
6
1
3
42
19
6
1
3
42
19
6
1
3
42
19
6
1
3
42
19
6
1
3
42
19
6
1
3
42
19
6
1
3
42
19
6
1
3
42
19
6
1
3
42
19
6
1
3
42
19
6
1
3
42
19
6
1
3
42
19
6
1
3
42
19
6
1
3
42