6
69
2
42
3
6
69
2
42
3
6
69
2
42
3
6
69
2
42
3
6
69
2
42
3
6
69
2
42
3
6
69
2
42
3
6
69
2
42
3
6
69
2
42
3
6
69
2
42
3
6
69
2
42
3
6
69
2
42
3
6
69
2
42
3
6
69
2
42
3
6
69
2
42
3
6
69
2
42
3
6
69
2
42
3
6
69
2
42
3
6
69
2
42
3
6
69
2
42
3
6
69
2
42
3
6
69
2
42
3
6
69
2
42
3
6
69
2
42
3
6
69
2
42
3
6
69
2
42
3
6
69
2
42
3
6
69
2
42
3
6
69
2
42
3
6
69
2
42
3
6
69
2
42
3
6
69
2
42
3
6
69
2
42
3
6
69
2
42
3
6
69
2
42
3
6
69
2
42
3
6
69
2
42
3
6
69
2
42
3
6
69
2
42
3
6
69
2
42
3
6
69
2
42
3
6
69
2
42
3
6
69
2
42
3
6
69
2
42
3
6
69
2
42
3
6
69
2
42
3
6
69
2
42
3
6
69
2
42
3
6
69
2
42
3
6
69
2
42
3