69
19
130
1
6
69
19
130
1
6
69
19
130
1
6
69
19
130
1
6
69
19
130
1
6
69
19
130
1
6
69
19
130
1
6
69
19
130
1
6
69
19
130
1
6
69
19
130
1
6
69
19
130
1
6
69
19
130
1
6
69
19
130
1
6
69
19
130
1
6
69
19
130
1
6
69
19
130
1
6
69
19
130
1
6
69
19
130
1
6
69
19
130
1
6
69
19
130
1
6
69
19
130
1
6
69
19
130
1
6
69
19
130
1
6
69
19
130
1
6
69
19
130
1
6
69
19
130
1
6
69
19
130
1
6
69
19
130
1
6
69
19
130
1
6
69
19
130
1
6
69
19
130
1
6
69
19
130
1
6
69
19
130
1
6
69
19
130
1
6
69
19
130
1
6
69
19
130
1
6
69
19
130
1
6
69
19
130
1
6
69
19
130
1
6
69
19
130
1
6
69
19
130
1
6
69
19
130
1
6
69
19
130
1
6
69
19
130
1
6
69
19
130
1
6
69
19
130
1
6
69
19
130
1
6
69
19
130
1
6
69
19
130
1
6
69
19
130
1
6