2
6
1
42
19
2
6
1
42
19
2
6
1
42
19
2
6
1
42
19
2
6
1
42
19
2
6
1
42
19
2
6
1
42
19
2
6
1
42
19
2
6
1
42
19
2
6
1
42
19
2
6
1
42
19
2
6
1
42
19
2
6
1
42
19
2
6
1
42
19
2
6
1
42
19
2
6
1
42
19
2
6
1
42
19
2
6
1
42
19
2
6
1
42
19
2
6
1
42
19
2
6
1
42
19
2
6
1
42
19
2
6
1
42
19
2
6
1
42
19
2
6
1
42
19
2
6
1
42
19
2
6
1
42
19
2
6
1
42
19
2
6
1
42
19
2
6
1
42
19
2
6
1
42
19
2
6
1
42
19
2
6
1
42
19
2
6
1
42
19
2
6
1
42
19
2
6
1
42
19
2
6
1
42
19
2
6
1
42
19
2
6
1
42
19
2
6
1
42
19
2
6
1
42
19
2
6
1
42
19
2
6
1
42
19
2
6
1
42
19
2
6
1
42
19
2
6
1
42
19
2
6
1
42
19
2
6
1
42
19
2
6
1
42
19
2
6
1
42
19