42
2
18
69
3
42
2
18
69
3
42
2
18
69
3
42
2
18
69
3
42
2
18
69
3
42
2
18
69
3
42
2
18
69
3
42
2
18
69
3
42
2
18
69
3
42
2
18
69
3
42
2
18
69
3
42
2
18
69
3
42
2
18
69
3
42
2
18
69
3
42
2
18
69
3
42
2
18
69
3
42
2
18
69
3
42
2
18
69
3
42
2
18
69
3
42
2
18
69
3
42
2
18
69
3
42
2
18
69
3
42
2
18
69
3
42
2
18
69
3
42
2
18
69
3
42
2
18
69
3
42
2
18
69
3
42
2
18
69
3
42
2
18
69
3
42
2
18
69
3
42
2
18
69
3
42
2
18
69
3
42
2
18
69
3
42
2
18
69
3
42
2
18
69
3
42
2
18
69
3
42
2
18
69
3
42
2
18
69
3
42
2
18
69
3
42
2
18
69
3
42
2
18
69
3
42
2
18
69
3
42
2
18
69
3
42
2
18
69
3
42
2
18
69
3
42
2
18
69
3
42
2
18
69
3
42
2
18
69
3
42
2
18
69
3
42
2
18
69
3