69
2
3
19
6
69
2
3
19
6
69
2
3
19
6
69
2
3
19
6
69
2
3
19
6
69
2
3
19
6
69
2
3
19
6
69
2
3
19
6
69
2
3
19
6
69
2
3
19
6
69
2
3
19
6
69
2
3
19
6
69
2
3
19
6
69
2
3
19
6
69
2
3
19
6
69
2
3
19
6
69
2
3
19
6
69
2
3
19
6
69
2
3
19
6
69
2
3
19
6
69
2
3
19
6
69
2
3
19
6
69
2
3
19
6
69
2
3
19
6
69
2
3
19
6
69
2
3
19
6
69
2
3
19
6
69
2
3
19
6
69
2
3
19
6
69
2
3
19
6
69
2
3
19
6
69
2
3
19
6
69
2
3
19
6
69
2
3
19
6
69
2
3
19
6
69
2
3
19
6
69
2
3
19
6
69
2
3
19
6
69
2
3
19
6
69
2
3
19
6
69
2
3
19
6
69
2
3
19
6
69
2
3
19
6
69
2
3
19
6
69
2
3
19
6
69
2
3
19
6
69
2
3
19
6
69
2
3
19
6
69
2
3
19
6
69
2
3
19
6