6
42
19
3
2
6
42
19
3
2
6
42
19
3
2
6
42
19
3
2
6
42
19
3
2
6
42
19
3
2
6
42
19
3
2
6
42
19
3
2
6
42
19
3
2
6
42
19
3
2
6
42
19
3
2
6
42
19
3
2
6
42
19
3
2
6
42
19
3
2
6
42
19
3
2
6
42
19
3
2
6
42
19
3
2
6
42
19
3
2
6
42
19
3
2
6
42
19
3
2
6
42
19
3
2
6
42
19
3
2
6
42
19
3
2
6
42
19
3
2
6
42
19
3
2
6
42
19
3
2
6
42
19
3
2
6
42
19
3
2
6
42
19
3
2
6
42
19
3
2
6
42
19
3
2
6
42
19
3
2
6
42
19
3
2
6
42
19
3
2
6
42
19
3
2
6
42
19
3
2
6
42
19
3
2
6
42
19
3
2
6
42
19
3
2
6
42
19
3
2
6
42
19
3
2
6
42
19
3
2
6
42
19
3
2
6
42
19
3
2
6
42
19
3
2
6
42
19
3
2
6
42
19
3
2
6
42
19
3
2
6
42
19
3
2
6
42
19
3
2