18
42
19
3
2
18
42
19
3
2
18
42
19
3
2
18
42
19
3
2
18
42
19
3
2
18
42
19
3
2
18
42
19
3
2
18
42
19
3
2
18
42
19
3
2
18
42
19
3
2
18
42
19
3
2
18
42
19
3
2
18
42
19
3
2
18
42
19
3
2
18
42
19
3
2
18
42
19
3
2
18
42
19
3
2
18
42
19
3
2
18
42
19
3
2
18
42
19
3
2
18
42
19
3
2
18
42
19
3
2
18
42
19
3
2
18
42
19
3
2
18
42
19
3
2
18
42
19
3
2
18
42
19
3
2
18
42
19
3
2
18
42
19
3
2
18
42
19
3
2
18
42
19
3
2
18
42
19
3
2
18
42
19
3
2
18
42
19
3
2
18
42
19
3
2
18
42
19
3
2
18
42
19
3
2
18
42
19
3
2
18
42
19
3
2
18
42
19
3
2
18
42
19
3
2
18
42
19
3
2
18
42
19
3
2
18
42
19
3
2
18
42
19
3
2
18
42
19
3
2
18
42
19
3
2
18
42
19
3
2
18
42
19
3
2
18
42
19
3
2