1
130
2
3
42
1
130
2
3
42
1
130
2
3
42
1
130
2
3
42
1
130
2
3
42
1
130
2
3
42
1
130
2
3
42
1
130
2
3
42
1
130
2
3
42
1
130
2
3
42
1
130
2
3
42
1
130
2
3
42
1
130
2
3
42
1
130
2
3
42
1
130
2
3
42
1
130
2
3
42
1
130
2
3
42
1
130
2
3
42
1
130
2
3
42
1
130
2
3
42
1
130
2
3
42
1
130
2
3
42
1
130
2
3
42
1
130
2
3
42
1
130
2
3
42
1
130
2
3
42
1
130
2
3
42
1
130
2
3
42
1
130
2
3
42
1
130
2
3
42
1
130
2
3
42
1
130
2
3
42
1
130
2
3
42
1
130
2
3
42
1
130
2
3
42
1
130
2
3
42
1
130
2
3
42
1
130
2
3
42
1
130
2
3
42
1
130
2
3
42
1
130
2
3
42
1
130
2
3
42
1
130
2
3
42
1
130
2
3
42
1
130
2
3
42
1
130
2
3
42
1
130
2
3
42
1
130
2
3
42
1
130
2
3
42
1
130
2
3
42