3
2
42
18
1
3
2
42
18
1
3
2
42
18
1
3
2
42
18
1
3
2
42
18
1
3
2
42
18
1
3
2
42
18
1
3
2
42
18
1
3
2
42
18
1
3
2
42
18
1
3
2
42
18
1
3
2
42
18
1
3
2
42
18
1
3
2
42
18
1
3
2
42
18
1
3
2
42
18
1
3
2
42
18
1
3
2
42
18
1
3
2
42
18
1
3
2
42
18
1
3
2
42
18
1
3
2
42
18
1
3
2
42
18
1
3
2
42
18
1
3
2
42
18
1
3
2
42
18
1
3
2
42
18
1
3
2
42
18
1
3
2
42
18
1
3
2
42
18
1
3
2
42
18
1
3
2
42
18
1
3
2
42
18
1
3
2
42
18
1
3
2
42
18
1
3
2
42
18
1
3
2
42
18
1
3
2
42
18
1
3
2
42
18
1
3
2
42
18
1
3
2
42
18
1
3
2
42
18
1
3
2
42
18
1
3
2
42
18
1
3
2
42
18
1
3
2
42
18
1
3
2
42
18
1
3
2
42
18
1
3
2
42
18
1
3
2
42
18
1