19
69
18
130
6
19
69
18
130
6
19
69
18
130
6
19
69
18
130
6
19
69
18
130
6
19
69
18
130
6
19
69
18
130
6
19
69
18
130
6
19
69
18
130
6
19
69
18
130
6
19
69
18
130
6
19
69
18
130
6
19
69
18
130
6
19
69
18
130
6
19
69
18
130
6
19
69
18
130
6
19
69
18
130
6
19
69
18
130
6
19
69
18
130
6
19
69
18
130
6
19
69
18
130
6
19
69
18
130
6
19
69
18
130
6
19
69
18
130
6
19
69
18
130
6
19
69
18
130
6
19
69
18
130
6
19
69
18
130
6
19
69
18
130
6
19
69
18
130
6
19
69
18
130
6
19
69
18
130
6
19
69
18
130
6
19
69
18
130
6
19
69
18
130
6
19
69
18
130
6
19
69
18
130
6
19
69
18
130
6
19
69
18
130
6
19
69
18
130
6
19
69
18
130
6
19
69
18
130
6
19
69
18
130
6
19
69
18
130
6
19
69
18
130
6
19
69
18
130
6
19
69
18
130
6
19
69
18
130
6
19
69
18
130
6
19
69
18
130
6