18
42
130
6
1
18
42
130
6
1
18
42
130
6
1
18
42
130
6
1
18
42
130
6
1
18
42
130
6
1
18
42
130
6
1
18
42
130
6
1
18
42
130
6
1
18
42
130
6
1
18
42
130
6
1
18
42
130
6
1
18
42
130
6
1
18
42
130
6
1
18
42
130
6
1
18
42
130
6
1
18
42
130
6
1
18
42
130
6
1
18
42
130
6
1
18
42
130
6
1
18
42
130
6
1
18
42
130
6
1
18
42
130
6
1
18
42
130
6
1
18
42
130
6
1
18
42
130
6
1
18
42
130
6
1
18
42
130
6
1
18
42
130
6
1
18
42
130
6
1
18
42
130
6
1
18
42
130
6
1
18
42
130
6
1
18
42
130
6
1
18
42
130
6
1
18
42
130
6
1
18
42
130
6
1
18
42
130
6
1
18
42
130
6
1
18
42
130
6
1
18
42
130
6
1
18
42
130
6
1
18
42
130
6
1
18
42
130
6
1
18
42
130
6
1
18
42
130
6
1
18
42
130
6
1
18
42
130
6
1
18
42
130
6
1
18
42
130
6
1