69
18
1
130
2
69
18
1
130
2
69
18
1
130
2
69
18
1
130
2
69
18
1
130
2
69
18
1
130
2
69
18
1
130
2
69
18
1
130
2
69
18
1
130
2
69
18
1
130
2
69
18
1
130
2
69
18
1
130
2
69
18
1
130
2
69
18
1
130
2
69
18
1
130
2
69
18
1
130
2
69
18
1
130
2
69
18
1
130
2
69
18
1
130
2
69
18
1
130
2
69
18
1
130
2
69
18
1
130
2
69
18
1
130
2
69
18
1
130
2
69
18
1
130
2
69
18
1
130
2
69
18
1
130
2
69
18
1
130
2
69
18
1
130
2
69
18
1
130
2
69
18
1
130
2
69
18
1
130
2
69
18
1
130
2
69
18
1
130
2
69
18
1
130
2
69
18
1
130
2
69
18
1
130
2
69
18
1
130
2
69
18
1
130
2
69
18
1
130
2
69
18
1
130
2
69
18
1
130
2
69
18
1
130
2
69
18
1
130
2
69
18
1
130
2
69
18
1
130
2
69
18
1
130
2
69
18
1
130
2
69
18
1
130
2
69
18
1
130
2