130
18
6
3
1
130
18
6
3
1
130
18
6
3
1
130
18
6
3
1
130
18
6
3
1
130
18
6
3
1
130
18
6
3
1
130
18
6
3
1
130
18
6
3
1
130
18
6
3
1
130
18
6
3
1
130
18
6
3
1
130
18
6
3
1
130
18
6
3
1
130
18
6
3
1
130
18
6
3
1
130
18
6
3
1
130
18
6
3
1
130
18
6
3
1
130
18
6
3
1
130
18
6
3
1
130
18
6
3
1
130
18
6
3
1
130
18
6
3
1
130
18
6
3
1
130
18
6
3
1
130
18
6
3
1
130
18
6
3
1
130
18
6
3
1
130
18
6
3
1
130
18
6
3
1
130
18
6
3
1
130
18
6
3
1
130
18
6
3
1
130
18
6
3
1
130
18
6
3
1
130
18
6
3
1
130
18
6
3
1
130
18
6
3
1
130
18
6
3
1
130
18
6
3
1
130
18
6
3
1
130
18
6
3
1
130
18
6
3
1
130
18
6
3
1
130
18
6
3
1
130
18
6
3
1
130
18
6
3
1
130
18
6
3
1
130
18
6
3
1