1
42
3
130
19
1
42
3
130
19
1
42
3
130
19
1
42
3
130
19
1
42
3
130
19
1
42
3
130
19
1
42
3
130
19
1
42
3
130
19
1
42
3
130
19
1
42
3
130
19
1
42
3
130
19
1
42
3
130
19
1
42
3
130
19
1
42
3
130
19
1
42
3
130
19
1
42
3
130
19
1
42
3
130
19
1
42
3
130
19
1
42
3
130
19
1
42
3
130
19
1
42
3
130
19
1
42
3
130
19
1
42
3
130
19
1
42
3
130
19
1
42
3
130
19
1
42
3
130
19
1
42
3
130
19
1
42
3
130
19
1
42
3
130
19
1
42
3
130
19
1
42
3
130
19
1
42
3
130
19
1
42
3
130
19
1
42
3
130
19
1
42
3
130
19
1
42
3
130
19
1
42
3
130
19
1
42
3
130
19
1
42
3
130
19
1
42
3
130
19
1
42
3
130
19
1
42
3
130
19
1
42
3
130
19
1
42
3
130
19
1
42
3
130
19
1
42
3
130
19
1
42
3
130
19
1
42
3
130
19
1
42
3
130
19
1
42
3
130
19