6
130
69
18
19
6
130
69
18
19
6
130
69
18
19
6
130
69
18
19
6
130
69
18
19
6
130
69
18
19
6
130
69
18
19
6
130
69
18
19
6
130
69
18
19
6
130
69
18
19
6
130
69
18
19
6
130
69
18
19
6
130
69
18
19
6
130
69
18
19
6
130
69
18
19
6
130
69
18
19
6
130
69
18
19
6
130
69
18
19
6
130
69
18
19
6
130
69
18
19
6
130
69
18
19
6
130
69
18
19
6
130
69
18
19
6
130
69
18
19
6
130
69
18
19
6
130
69
18
19
6
130
69
18
19
6
130
69
18
19
6
130
69
18
19
6
130
69
18
19
6
130
69
18
19
6
130
69
18
19
6
130
69
18
19
6
130
69
18
19
6
130
69
18
19
6
130
69
18
19
6
130
69
18
19
6
130
69
18
19
6
130
69
18
19
6
130
69
18
19
6
130
69
18
19
6
130
69
18
19
6
130
69
18
19
6
130
69
18
19
6
130
69
18
19
6
130
69
18
19
6
130
69
18
19
6
130
69
18
19
6
130
69
18
19
6
130
69
18
19