69
6
19
18
2
69
6
19
18
2
69
6
19
18
2
69
6
19
18
2
69
6
19
18
2
69
6
19
18
2
69
6
19
18
2
69
6
19
18
2
69
6
19
18
2
69
6
19
18
2
69
6
19
18
2
69
6
19
18
2
69
6
19
18
2
69
6
19
18
2
69
6
19
18
2
69
6
19
18
2
69
6
19
18
2
69
6
19
18
2
69
6
19
18
2
69
6
19
18
2
69
6
19
18
2
69
6
19
18
2
69
6
19
18
2
69
6
19
18
2
69
6
19
18
2
69
6
19
18
2
69
6
19
18
2
69
6
19
18
2
69
6
19
18
2
69
6
19
18
2
69
6
19
18
2
69
6
19
18
2
69
6
19
18
2
69
6
19
18
2
69
6
19
18
2
69
6
19
18
2
69
6
19
18
2
69
6
19
18
2
69
6
19
18
2
69
6
19
18
2
69
6
19
18
2
69
6
19
18
2
69
6
19
18
2
69
6
19
18
2
69
6
19
18
2
69
6
19
18
2
69
6
19
18
2
69
6
19
18
2
69
6
19
18
2
69
6
19
18
2