3
130
1
19
6
3
130
1
19
6
3
130
1
19
6
3
130
1
19
6
3
130
1
19
6
3
130
1
19
6
3
130
1
19
6
3
130
1
19
6
3
130
1
19
6
3
130
1
19
6
3
130
1
19
6
3
130
1
19
6
3
130
1
19
6
3
130
1
19
6
3
130
1
19
6
3
130
1
19
6
3
130
1
19
6
3
130
1
19
6
3
130
1
19
6
3
130
1
19
6
3
130
1
19
6
3
130
1
19
6
3
130
1
19
6
3
130
1
19
6
3
130
1
19
6
3
130
1
19
6
3
130
1
19
6
3
130
1
19
6
3
130
1
19
6
3
130
1
19
6
3
130
1
19
6
3
130
1
19
6
3
130
1
19
6
3
130
1
19
6
3
130
1
19
6
3
130
1
19
6
3
130
1
19
6
3
130
1
19
6
3
130
1
19
6
3
130
1
19
6
3
130
1
19
6
3
130
1
19
6
3
130
1
19
6
3
130
1
19
6
3
130
1
19
6
3
130
1
19
6
3
130
1
19
6
3
130
1
19
6
3
130
1
19
6
3
130
1
19
6