19
130
69
1
6
19
130
69
1
6
19
130
69
1
6
19
130
69
1
6
19
130
69
1
6
19
130
69
1
6
19
130
69
1
6
19
130
69
1
6
19
130
69
1
6
19
130
69
1
6
19
130
69
1
6
19
130
69
1
6
19
130
69
1
6
19
130
69
1
6
19
130
69
1
6
19
130
69
1
6
19
130
69
1
6
19
130
69
1
6
19
130
69
1
6
19
130
69
1
6
19
130
69
1
6
19
130
69
1
6
19
130
69
1
6
19
130
69
1
6
19
130
69
1
6
19
130
69
1
6
19
130
69
1
6
19
130
69
1
6
19
130
69
1
6
19
130
69
1
6
19
130
69
1
6
19
130
69
1
6
19
130
69
1
6
19
130
69
1
6
19
130
69
1
6
19
130
69
1
6
19
130
69
1
6
19
130
69
1
6
19
130
69
1
6
19
130
69
1
6
19
130
69
1
6
19
130
69
1
6
19
130
69
1
6
19
130
69
1
6
19
130
69
1
6
19
130
69
1
6
19
130
69
1
6
19
130
69
1
6
19
130
69
1
6
19
130
69
1
6