19
18
1
3
130
19
18
1
3
130
19
18
1
3
130
19
18
1
3
130
19
18
1
3
130
19
18
1
3
130
19
18
1
3
130
19
18
1
3
130
19
18
1
3
130
19
18
1
3
130
19
18
1
3
130
19
18
1
3
130
19
18
1
3
130
19
18
1
3
130
19
18
1
3
130
19
18
1
3
130
19
18
1
3
130
19
18
1
3
130
19
18
1
3
130
19
18
1
3
130
19
18
1
3
130
19
18
1
3
130
19
18
1
3
130
19
18
1
3
130
19
18
1
3
130
19
18
1
3
130
19
18
1
3
130
19
18
1
3
130
19
18
1
3
130
19
18
1
3
130
19
18
1
3
130
19
18
1
3
130
19
18
1
3
130
19
18
1
3
130
19
18
1
3
130
19
18
1
3
130
19
18
1
3
130
19
18
1
3
130
19
18
1
3
130
19
18
1
3
130
19
18
1
3
130
19
18
1
3
130
19
18
1
3
130
19
18
1
3
130
19
18
1
3
130
19
18
1
3
130
19
18
1
3
130
19
18
1
3
130
19
18
1
3
130
19
18
1
3
130