130
1
6
42
69
130
1
6
42
69
130
1
6
42
69
130
1
6
42
69
130
1
6
42
69
130
1
6
42
69
130
1
6
42
69
130
1
6
42
69
130
1
6
42
69
130
1
6
42
69
130
1
6
42
69
130
1
6
42
69
130
1
6
42
69
130
1
6
42
69
130
1
6
42
69
130
1
6
42
69
130
1
6
42
69
130
1
6
42
69
130
1
6
42
69
130
1
6
42
69
130
1
6
42
69
130
1
6
42
69
130
1
6
42
69
130
1
6
42
69
130
1
6
42
69
130
1
6
42
69
130
1
6
42
69
130
1
6
42
69
130
1
6
42
69
130
1
6
42
69
130
1
6
42
69
130
1
6
42
69
130
1
6
42
69
130
1
6
42
69
130
1
6
42
69
130
1
6
42
69
130
1
6
42
69
130
1
6
42
69
130
1
6
42
69
130
1
6
42
69
130
1
6
42
69
130
1
6
42
69
130
1
6
42
69
130
1
6
42
69
130
1
6
42
69
130
1
6
42
69
130
1
6
42
69
130
1
6
42
69
130
1
6
42
69
130
1
6
42
69