19
3
6
2
130
19
3
6
2
130
19
3
6
2
130
19
3
6
2
130
19
3
6
2
130
19
3
6
2
130
19
3
6
2
130
19
3
6
2
130
19
3
6
2
130
19
3
6
2
130
19
3
6
2
130
19
3
6
2
130
19
3
6
2
130
19
3
6
2
130
19
3
6
2
130
19
3
6
2
130
19
3
6
2
130
19
3
6
2
130
19
3
6
2
130
19
3
6
2
130
19
3
6
2
130
19
3
6
2
130
19
3
6
2
130
19
3
6
2
130
19
3
6
2
130
19
3
6
2
130
19
3
6
2
130
19
3
6
2
130
19
3
6
2
130
19
3
6
2
130
19
3
6
2
130
19
3
6
2
130
19
3
6
2
130
19
3
6
2
130
19
3
6
2
130
19
3
6
2
130
19
3
6
2
130
19
3
6
2
130
19
3
6
2
130
19
3
6
2
130
19
3
6
2
130
19
3
6
2
130
19
3
6
2
130
19
3
6
2
130
19
3
6
2
130
19
3
6
2
130
19
3
6
2
130
19
3
6
2
130
19
3
6
2
130
19
3
6
2
130