69
3
1
2
42
69
3
1
2
42
69
3
1
2
42
69
3
1
2
42
69
3
1
2
42
69
3
1
2
42
69
3
1
2
42
69
3
1
2
42
69
3
1
2
42
69
3
1
2
42
69
3
1
2
42
69
3
1
2
42
69
3
1
2
42
69
3
1
2
42
69
3
1
2
42
69
3
1
2
42
69
3
1
2
42
69
3
1
2
42
69
3
1
2
42
69
3
1
2
42
69
3
1
2
42
69
3
1
2
42
69
3
1
2
42
69
3
1
2
42
69
3
1
2
42
69
3
1
2
42
69
3
1
2
42
69
3
1
2
42
69
3
1
2
42
69
3
1
2
42
69
3
1
2
42
69
3
1
2
42
69
3
1
2
42
69
3
1
2
42
69
3
1
2
42
69
3
1
2
42
69
3
1
2
42
69
3
1
2
42
69
3
1
2
42
69
3
1
2
42
69
3
1
2
42
69
3
1
2
42
69
3
1
2
42
69
3
1
2
42
69
3
1
2
42
69
3
1
2
42
69
3
1
2
42
69
3
1
2
42
69
3
1
2
42
69
3
1
2
42