69
1
42
3
2
69
1
42
3
2
69
1
42
3
2
69
1
42
3
2
69
1
42
3
2
69
1
42
3
2
69
1
42
3
2
69
1
42
3
2
69
1
42
3
2
69
1
42
3
2
69
1
42
3
2
69
1
42
3
2
69
1
42
3
2
69
1
42
3
2
69
1
42
3
2
69
1
42
3
2
69
1
42
3
2
69
1
42
3
2
69
1
42
3
2
69
1
42
3
2
69
1
42
3
2
69
1
42
3
2
69
1
42
3
2
69
1
42
3
2
69
1
42
3
2
69
1
42
3
2
69
1
42
3
2
69
1
42
3
2
69
1
42
3
2
69
1
42
3
2
69
1
42
3
2
69
1
42
3
2
69
1
42
3
2
69
1
42
3
2
69
1
42
3
2
69
1
42
3
2
69
1
42
3
2
69
1
42
3
2
69
1
42
3
2
69
1
42
3
2
69
1
42
3
2
69
1
42
3
2
69
1
42
3
2
69
1
42
3
2
69
1
42
3
2
69
1
42
3
2
69
1
42
3
2
69
1
42
3
2
69
1
42
3
2
69
1
42
3
2