19
42
6
1
18
19
42
6
1
18
19
42
6
1
18
19
42
6
1
18
19
42
6
1
18
19
42
6
1
18
19
42
6
1
18
19
42
6
1
18
19
42
6
1
18
19
42
6
1
18
19
42
6
1
18
19
42
6
1
18
19
42
6
1
18
19
42
6
1
18
19
42
6
1
18
19
42
6
1
18
19
42
6
1
18
19
42
6
1
18
19
42
6
1
18
19
42
6
1
18
19
42
6
1
18
19
42
6
1
18
19
42
6
1
18
19
42
6
1
18
19
42
6
1
18
19
42
6
1
18
19
42
6
1
18
19
42
6
1
18
19
42
6
1
18
19
42
6
1
18
19
42
6
1
18
19
42
6
1
18
19
42
6
1
18
19
42
6
1
18
19
42
6
1
18
19
42
6
1
18
19
42
6
1
18
19
42
6
1
18
19
42
6
1
18
19
42
6
1
18
19
42
6
1
18
19
42
6
1
18
19
42
6
1
18
19
42
6
1
18
19
42
6
1
18
19
42
6
1
18
19
42
6
1
18
19
42
6
1
18
19
42
6
1
18
19
42
6
1
18