1
18
130
6
3
1
18
130
6
3
1
18
130
6
3
1
18
130
6
3
1
18
130
6
3
1
18
130
6
3
1
18
130
6
3
1
18
130
6
3
1
18
130
6
3
1
18
130
6
3
1
18
130
6
3
1
18
130
6
3
1
18
130
6
3
1
18
130
6
3
1
18
130
6
3
1
18
130
6
3
1
18
130
6
3
1
18
130
6
3
1
18
130
6
3
1
18
130
6
3
1
18
130
6
3
1
18
130
6
3
1
18
130
6
3
1
18
130
6
3
1
18
130
6
3
1
18
130
6
3
1
18
130
6
3
1
18
130
6
3
1
18
130
6
3
1
18
130
6
3
1
18
130
6
3
1
18
130
6
3
1
18
130
6
3
1
18
130
6
3
1
18
130
6
3
1
18
130
6
3
1
18
130
6
3
1
18
130
6
3
1
18
130
6
3
1
18
130
6
3
1
18
130
6
3
1
18
130
6
3
1
18
130
6
3
1
18
130
6
3
1
18
130
6
3
1
18
130
6
3
1
18
130
6
3
1
18
130
6
3
1
18
130
6
3
1
18
130
6
3