69
19
2
3
6
69
19
2
3
6
69
19
2
3
6
69
19
2
3
6
69
19
2
3
6
69
19
2
3
6
69
19
2
3
6
69
19
2
3
6
69
19
2
3
6
69
19
2
3
6
69
19
2
3
6
69
19
2
3
6
69
19
2
3
6
69
19
2
3
6
69
19
2
3
6
69
19
2
3
6
69
19
2
3
6
69
19
2
3
6
69
19
2
3
6
69
19
2
3
6
69
19
2
3
6
69
19
2
3
6
69
19
2
3
6
69
19
2
3
6
69
19
2
3
6
69
19
2
3
6
69
19
2
3
6
69
19
2
3
6
69
19
2
3
6
69
19
2
3
6
69
19
2
3
6
69
19
2
3
6
69
19
2
3
6
69
19
2
3
6
69
19
2
3
6
69
19
2
3
6
69
19
2
3
6
69
19
2
3
6
69
19
2
3
6
69
19
2
3
6
69
19
2
3
6
69
19
2
3
6
69
19
2
3
6
69
19
2
3
6
69
19
2
3
6
69
19
2
3
6
69
19
2
3
6
69
19
2
3
6
69
19
2
3
6
69
19
2
3
6