3
42
130
18
19
3
42
130
18
19
3
42
130
18
19
3
42
130
18
19
3
42
130
18
19
3
42
130
18
19
3
42
130
18
19
3
42
130
18
19
3
42
130
18
19
3
42
130
18
19
3
42
130
18
19
3
42
130
18
19
3
42
130
18
19
3
42
130
18
19
3
42
130
18
19
3
42
130
18
19
3
42
130
18
19
3
42
130
18
19
3
42
130
18
19
3
42
130
18
19
3
42
130
18
19
3
42
130
18
19
3
42
130
18
19
3
42
130
18
19
3
42
130
18
19
3
42
130
18
19
3
42
130
18
19
3
42
130
18
19
3
42
130
18
19
3
42
130
18
19
3
42
130
18
19
3
42
130
18
19
3
42
130
18
19
3
42
130
18
19
3
42
130
18
19
3
42
130
18
19
3
42
130
18
19
3
42
130
18
19
3
42
130
18
19
3
42
130
18
19
3
42
130
18
19
3
42
130
18
19
3
42
130
18
19
3
42
130
18
19
3
42
130
18
19
3
42
130
18
19
3
42
130
18
19
3
42
130
18
19
3
42
130
18
19
3
42
130
18
19