130
42
19
6
69
130
42
19
6
69
130
42
19
6
69
130
42
19
6
69
130
42
19
6
69
130
42
19
6
69
130
42
19
6
69
130
42
19
6
69
130
42
19
6
69
130
42
19
6
69
130
42
19
6
69
130
42
19
6
69
130
42
19
6
69
130
42
19
6
69
130
42
19
6
69
130
42
19
6
69
130
42
19
6
69
130
42
19
6
69
130
42
19
6
69
130
42
19
6
69
130
42
19
6
69
130
42
19
6
69
130
42
19
6
69
130
42
19
6
69
130
42
19
6
69
130
42
19
6
69
130
42
19
6
69
130
42
19
6
69
130
42
19
6
69
130
42
19
6
69
130
42
19
6
69
130
42
19
6
69
130
42
19
6
69
130
42
19
6
69
130
42
19
6
69
130
42
19
6
69
130
42
19
6
69
130
42
19
6
69
130
42
19
6
69
130
42
19
6
69
130
42
19
6
69
130
42
19
6
69
130
42
19
6
69
130
42
19
6
69
130
42
19
6
69
130
42
19
6
69
130
42
19
6
69
130
42
19
6
69
130
42
19
6
69
130
42
19
6
69