2
18
6
42
130
2
18
6
42
130
2
18
6
42
130
2
18
6
42
130
2
18
6
42
130
2
18
6
42
130
2
18
6
42
130
2
18
6
42
130
2
18
6
42
130
2
18
6
42
130
2
18
6
42
130
2
18
6
42
130
2
18
6
42
130
2
18
6
42
130
2
18
6
42
130
2
18
6
42
130
2
18
6
42
130
2
18
6
42
130
2
18
6
42
130
2
18
6
42
130
2
18
6
42
130
2
18
6
42
130
2
18
6
42
130
2
18
6
42
130
2
18
6
42
130
2
18
6
42
130
2
18
6
42
130
2
18
6
42
130
2
18
6
42
130
2
18
6
42
130
2
18
6
42
130
2
18
6
42
130
2
18
6
42
130
2
18
6
42
130
2
18
6
42
130
2
18
6
42
130
2
18
6
42
130
2
18
6
42
130
2
18
6
42
130
2
18
6
42
130
2
18
6
42
130
2
18
6
42
130
2
18
6
42
130
2
18
6
42
130
2
18
6
42
130
2
18
6
42
130
2
18
6
42
130
2
18
6
42
130
2
18
6
42
130
2
18
6
42
130