2
18
6
19
130
2
18
6
19
130
2
18
6
19
130
2
18
6
19
130
2
18
6
19
130
2
18
6
19
130
2
18
6
19
130
2
18
6
19
130
2
18
6
19
130
2
18
6
19
130
2
18
6
19
130
2
18
6
19
130
2
18
6
19
130
2
18
6
19
130
2
18
6
19
130
2
18
6
19
130
2
18
6
19
130
2
18
6
19
130
2
18
6
19
130
2
18
6
19
130
2
18
6
19
130
2
18
6
19
130
2
18
6
19
130
2
18
6
19
130
2
18
6
19
130
2
18
6
19
130
2
18
6
19
130
2
18
6
19
130
2
18
6
19
130
2
18
6
19
130
2
18
6
19
130
2
18
6
19
130
2
18
6
19
130
2
18
6
19
130
2
18
6
19
130
2
18
6
19
130
2
18
6
19
130
2
18
6
19
130
2
18
6
19
130
2
18
6
19
130
2
18
6
19
130
2
18
6
19
130
2
18
6
19
130
2
18
6
19
130
2
18
6
19
130
2
18
6
19
130
2
18
6
19
130
2
18
6
19
130
2
18
6
19
130
2
18
6
19
130