69
2
19
130
6
69
2
19
130
6
69
2
19
130
6
69
2
19
130
6
69
2
19
130
6
69
2
19
130
6
69
2
19
130
6
69
2
19
130
6
69
2
19
130
6
69
2
19
130
6
69
2
19
130
6
69
2
19
130
6
69
2
19
130
6
69
2
19
130
6
69
2
19
130
6
69
2
19
130
6
69
2
19
130
6
69
2
19
130
6
69
2
19
130
6
69
2
19
130
6
69
2
19
130
6
69
2
19
130
6
69
2
19
130
6
69
2
19
130
6
69
2
19
130
6
69
2
19
130
6
69
2
19
130
6
69
2
19
130
6
69
2
19
130
6
69
2
19
130
6
69
2
19
130
6
69
2
19
130
6
69
2
19
130
6
69
2
19
130
6
69
2
19
130
6
69
2
19
130
6
69
2
19
130
6
69
2
19
130
6
69
2
19
130
6
69
2
19
130
6
69
2
19
130
6
69
2
19
130
6
69
2
19
130
6
69
2
19
130
6
69
2
19
130
6
69
2
19
130
6
69
2
19
130
6
69
2
19
130
6
69
2
19
130
6
69
2
19
130
6