2
19
1
69
3
2
19
1
69
3
2
19
1
69
3
2
19
1
69
3
2
19
1
69
3
2
19
1
69
3
2
19
1
69
3
2
19
1
69
3
2
19
1
69
3
2
19
1
69
3
2
19
1
69
3
2
19
1
69
3
2
19
1
69
3
2
19
1
69
3
2
19
1
69
3
2
19
1
69
3
2
19
1
69
3
2
19
1
69
3
2
19
1
69
3
2
19
1
69
3
2
19
1
69
3
2
19
1
69
3
2
19
1
69
3
2
19
1
69
3
2
19
1
69
3
2
19
1
69
3
2
19
1
69
3
2
19
1
69
3
2
19
1
69
3
2
19
1
69
3
2
19
1
69
3
2
19
1
69
3
2
19
1
69
3
2
19
1
69
3
2
19
1
69
3
2
19
1
69
3
2
19
1
69
3
2
19
1
69
3
2
19
1
69
3
2
19
1
69
3
2
19
1
69
3
2
19
1
69
3
2
19
1
69
3
2
19
1
69
3
2
19
1
69
3
2
19
1
69
3
2
19
1
69
3
2
19
1
69
3
2
19
1
69
3
2
19
1
69
3