130
19
2
69
42
130
19
2
69
42
130
19
2
69
42
130
19
2
69
42
130
19
2
69
42
130
19
2
69
42
130
19
2
69
42
130
19
2
69
42
130
19
2
69
42
130
19
2
69
42
130
19
2
69
42
130
19
2
69
42
130
19
2
69
42
130
19
2
69
42
130
19
2
69
42
130
19
2
69
42
130
19
2
69
42
130
19
2
69
42
130
19
2
69
42
130
19
2
69
42
130
19
2
69
42
130
19
2
69
42
130
19
2
69
42
130
19
2
69
42
130
19
2
69
42
130
19
2
69
42
130
19
2
69
42
130
19
2
69
42
130
19
2
69
42
130
19
2
69
42
130
19
2
69
42
130
19
2
69
42
130
19
2
69
42
130
19
2
69
42
130
19
2
69
42
130
19
2
69
42
130
19
2
69
42
130
19
2
69
42
130
19
2
69
42
130
19
2
69
42
130
19
2
69
42
130
19
2
69
42
130
19
2
69
42
130
19
2
69
42
130
19
2
69
42
130
19
2
69
42
130
19
2
69
42
130
19
2
69
42
130
19
2
69
42
130
19
2
69
42