2
18
42
6
130
2
18
42
6
130
2
18
42
6
130
2
18
42
6
130
2
18
42
6
130
2
18
42
6
130
2
18
42
6
130
2
18
42
6
130
2
18
42
6
130
2
18
42
6
130
2
18
42
6
130
2
18
42
6
130
2
18
42
6
130
2
18
42
6
130
2
18
42
6
130
2
18
42
6
130
2
18
42
6
130
2
18
42
6
130
2
18
42
6
130
2
18
42
6
130
2
18
42
6
130
2
18
42
6
130
2
18
42
6
130
2
18
42
6
130
2
18
42
6
130
2
18
42
6
130
2
18
42
6
130
2
18
42
6
130
2
18
42
6
130
2
18
42
6
130
2
18
42
6
130
2
18
42
6
130
2
18
42
6
130
2
18
42
6
130
2
18
42
6
130
2
18
42
6
130
2
18
42
6
130
2
18
42
6
130
2
18
42
6
130
2
18
42
6
130
2
18
42
6
130
2
18
42
6
130
2
18
42
6
130
2
18
42
6
130
2
18
42
6
130
2
18
42
6
130
2
18
42
6
130
2
18
42
6
130
2
18
42
6
130
2
18
42
6
130