3
2
6
42
1
3
2
6
42
1
3
2
6
42
1
3
2
6
42
1
3
2
6
42
1
3
2
6
42
1
3
2
6
42
1
3
2
6
42
1
3
2
6
42
1
3
2
6
42
1
3
2
6
42
1
3
2
6
42
1
3
2
6
42
1
3
2
6
42
1
3
2
6
42
1
3
2
6
42
1
3
2
6
42
1
3
2
6
42
1
3
2
6
42
1
3
2
6
42
1
3
2
6
42
1
3
2
6
42
1
3
2
6
42
1
3
2
6
42
1
3
2
6
42
1
3
2
6
42
1
3
2
6
42
1
3
2
6
42
1
3
2
6
42
1
3
2
6
42
1
3
2
6
42
1
3
2
6
42
1
3
2
6
42
1
3
2
6
42
1
3
2
6
42
1
3
2
6
42
1
3
2
6
42
1
3
2
6
42
1
3
2
6
42
1
3
2
6
42
1
3
2
6
42
1
3
2
6
42
1
3
2
6
42
1
3
2
6
42
1
3
2
6
42
1
3
2
6
42
1
3
2
6
42
1
3
2
6
42
1
3
2
6
42
1
3
2
6
42
1