130
42
2
3
1
130
42
2
3
1
130
42
2
3
1
130
42
2
3
1
130
42
2
3
1
130
42
2
3
1
130
42
2
3
1
130
42
2
3
1
130
42
2
3
1
130
42
2
3
1
130
42
2
3
1
130
42
2
3
1
130
42
2
3
1
130
42
2
3
1
130
42
2
3
1
130
42
2
3
1
130
42
2
3
1
130
42
2
3
1
130
42
2
3
1
130
42
2
3
1
130
42
2
3
1
130
42
2
3
1
130
42
2
3
1
130
42
2
3
1
130
42
2
3
1
130
42
2
3
1
130
42
2
3
1
130
42
2
3
1
130
42
2
3
1
130
42
2
3
1
130
42
2
3
1
130
42
2
3
1
130
42
2
3
1
130
42
2
3
1
130
42
2
3
1
130
42
2
3
1
130
42
2
3
1
130
42
2
3
1
130
42
2
3
1
130
42
2
3
1
130
42
2
3
1
130
42
2
3
1
130
42
2
3
1
130
42
2
3
1
130
42
2
3
1
130
42
2
3
1
130
42
2
3
1
130
42
2
3
1
130
42
2
3
1
130
42
2
3
1