3
130
18
69
6
3
130
18
69
6
3
130
18
69
6
3
130
18
69
6
3
130
18
69
6
3
130
18
69
6
3
130
18
69
6
3
130
18
69
6
3
130
18
69
6
3
130
18
69
6
3
130
18
69
6
3
130
18
69
6
3
130
18
69
6
3
130
18
69
6
3
130
18
69
6
3
130
18
69
6
3
130
18
69
6
3
130
18
69
6
3
130
18
69
6
3
130
18
69
6
3
130
18
69
6
3
130
18
69
6
3
130
18
69
6
3
130
18
69
6
3
130
18
69
6
3
130
18
69
6
3
130
18
69
6
3
130
18
69
6
3
130
18
69
6
3
130
18
69
6
3
130
18
69
6
3
130
18
69
6
3
130
18
69
6
3
130
18
69
6
3
130
18
69
6
3
130
18
69
6
3
130
18
69
6
3
130
18
69
6
3
130
18
69
6
3
130
18
69
6
3
130
18
69
6
3
130
18
69
6
3
130
18
69
6
3
130
18
69
6
3
130
18
69
6
3
130
18
69
6
3
130
18
69
6
3
130
18
69
6
3
130
18
69
6
3
130
18
69
6