18
130
6
69
42
18
130
6
69
42
18
130
6
69
42
18
130
6
69
42
18
130
6
69
42
18
130
6
69
42
18
130
6
69
42
18
130
6
69
42
18
130
6
69
42
18
130
6
69
42
18
130
6
69
42
18
130
6
69
42
18
130
6
69
42
18
130
6
69
42
18
130
6
69
42
18
130
6
69
42
18
130
6
69
42
18
130
6
69
42
18
130
6
69
42
18
130
6
69
42
18
130
6
69
42
18
130
6
69
42
18
130
6
69
42
18
130
6
69
42
18
130
6
69
42
18
130
6
69
42
18
130
6
69
42
18
130
6
69
42
18
130
6
69
42
18
130
6
69
42
18
130
6
69
42
18
130
6
69
42
18
130
6
69
42
18
130
6
69
42
18
130
6
69
42
18
130
6
69
42
18
130
6
69
42
18
130
6
69
42
18
130
6
69
42
18
130
6
69
42
18
130
6
69
42
18
130
6
69
42
18
130
6
69
42
18
130
6
69
42
18
130
6
69
42
18
130
6
69
42
18
130
6
69
42
18
130
6
69
42
18
130
6
69
42
18
130
6
69
42