69
1
42
2
19
69
1
42
2
19
69
1
42
2
19
69
1
42
2
19
69
1
42
2
19
69
1
42
2
19
69
1
42
2
19
69
1
42
2
19
69
1
42
2
19
69
1
42
2
19
69
1
42
2
19
69
1
42
2
19
69
1
42
2
19
69
1
42
2
19
69
1
42
2
19
69
1
42
2
19
69
1
42
2
19
69
1
42
2
19
69
1
42
2
19
69
1
42
2
19
69
1
42
2
19
69
1
42
2
19
69
1
42
2
19
69
1
42
2
19
69
1
42
2
19
69
1
42
2
19
69
1
42
2
19
69
1
42
2
19
69
1
42
2
19
69
1
42
2
19
69
1
42
2
19
69
1
42
2
19
69
1
42
2
19
69
1
42
2
19
69
1
42
2
19
69
1
42
2
19
69
1
42
2
19
69
1
42
2
19
69
1
42
2
19
69
1
42
2
19
69
1
42
2
19
69
1
42
2
19
69
1
42
2
19
69
1
42
2
19
69
1
42
2
19
69
1
42
2
19
69
1
42
2
19
69
1
42
2
19
69
1
42
2
19
69
1
42
2
19