18
6
42
19
3
18
6
42
19
3
18
6
42
19
3
18
6
42
19
3
18
6
42
19
3
18
6
42
19
3
18
6
42
19
3
18
6
42
19
3
18
6
42
19
3
18
6
42
19
3
18
6
42
19
3
18
6
42
19
3
18
6
42
19
3
18
6
42
19
3
18
6
42
19
3
18
6
42
19
3
18
6
42
19
3
18
6
42
19
3
18
6
42
19
3
18
6
42
19
3
18
6
42
19
3
18
6
42
19
3
18
6
42
19
3
18
6
42
19
3
18
6
42
19
3
18
6
42
19
3
18
6
42
19
3
18
6
42
19
3
18
6
42
19
3
18
6
42
19
3
18
6
42
19
3
18
6
42
19
3
18
6
42
19
3
18
6
42
19
3
18
6
42
19
3
18
6
42
19
3
18
6
42
19
3
18
6
42
19
3
18
6
42
19
3
18
6
42
19
3
18
6
42
19
3
18
6
42
19
3
18
6
42
19
3
18
6
42
19
3
18
6
42
19
3
18
6
42
19
3
18
6
42
19
3
18
6
42
19
3
18
6
42
19
3
18
6
42
19
3