19
130
6
3
69
19
130
6
3
69
19
130
6
3
69
19
130
6
3
69
19
130
6
3
69
19
130
6
3
69
19
130
6
3
69
19
130
6
3
69
19
130
6
3
69
19
130
6
3
69
19
130
6
3
69
19
130
6
3
69
19
130
6
3
69
19
130
6
3
69
19
130
6
3
69
19
130
6
3
69
19
130
6
3
69
19
130
6
3
69
19
130
6
3
69
19
130
6
3
69
19
130
6
3
69
19
130
6
3
69
19
130
6
3
69
19
130
6
3
69
19
130
6
3
69
19
130
6
3
69
19
130
6
3
69
19
130
6
3
69
19
130
6
3
69
19
130
6
3
69
19
130
6
3
69
19
130
6
3
69
19
130
6
3
69
19
130
6
3
69
19
130
6
3
69
19
130
6
3
69
19
130
6
3
69
19
130
6
3
69
19
130
6
3
69
19
130
6
3
69
19
130
6
3
69
19
130
6
3
69
19
130
6
3
69
19
130
6
3
69
19
130
6
3
69
19
130
6
3
69
19
130
6
3
69
19
130
6
3
69
19
130
6
3
69
19
130
6
3
69