130
69
2
18
6
130
69
2
18
6
130
69
2
18
6
130
69
2
18
6
130
69
2
18
6
130
69
2
18
6
130
69
2
18
6
130
69
2
18
6
130
69
2
18
6
130
69
2
18
6
130
69
2
18
6
130
69
2
18
6
130
69
2
18
6
130
69
2
18
6
130
69
2
18
6
130
69
2
18
6
130
69
2
18
6
130
69
2
18
6
130
69
2
18
6
130
69
2
18
6
130
69
2
18
6
130
69
2
18
6
130
69
2
18
6
130
69
2
18
6
130
69
2
18
6
130
69
2
18
6
130
69
2
18
6
130
69
2
18
6
130
69
2
18
6
130
69
2
18
6
130
69
2
18
6
130
69
2
18
6
130
69
2
18
6
130
69
2
18
6
130
69
2
18
6
130
69
2
18
6
130
69
2
18
6
130
69
2
18
6
130
69
2
18
6
130
69
2
18
6
130
69
2
18
6
130
69
2
18
6
130
69
2
18
6
130
69
2
18
6
130
69
2
18
6
130
69
2
18
6
130
69
2
18
6
130
69
2
18
6
130
69
2
18
6
130
69
2
18
6