1
6
130
19
3
1
6
130
19
3
1
6
130
19
3
1
6
130
19
3
1
6
130
19
3
1
6
130
19
3
1
6
130
19
3
1
6
130
19
3
1
6
130
19
3
1
6
130
19
3
1
6
130
19
3
1
6
130
19
3
1
6
130
19
3
1
6
130
19
3
1
6
130
19
3
1
6
130
19
3
1
6
130
19
3
1
6
130
19
3
1
6
130
19
3
1
6
130
19
3
1
6
130
19
3
1
6
130
19
3
1
6
130
19
3
1
6
130
19
3
1
6
130
19
3
1
6
130
19
3
1
6
130
19
3
1
6
130
19
3
1
6
130
19
3
1
6
130
19
3
1
6
130
19
3
1
6
130
19
3
1
6
130
19
3
1
6
130
19
3
1
6
130
19
3
1
6
130
19
3
1
6
130
19
3
1
6
130
19
3
1
6
130
19
3
1
6
130
19
3
1
6
130
19
3
1
6
130
19
3
1
6
130
19
3
1
6
130
19
3
1
6
130
19
3
1
6
130
19
3
1
6
130
19
3
1
6
130
19
3
1
6
130
19
3
1
6
130
19
3