130
18
42
6
19
130
18
42
6
19
130
18
42
6
19
130
18
42
6
19
130
18
42
6
19
130
18
42
6
19
130
18
42
6
19
130
18
42
6
19
130
18
42
6
19
130
18
42
6
19
130
18
42
6
19
130
18
42
6
19
130
18
42
6
19
130
18
42
6
19
130
18
42
6
19
130
18
42
6
19
130
18
42
6
19
130
18
42
6
19
130
18
42
6
19
130
18
42
6
19
130
18
42
6
19
130
18
42
6
19
130
18
42
6
19
130
18
42
6
19
130
18
42
6
19
130
18
42
6
19
130
18
42
6
19
130
18
42
6
19
130
18
42
6
19
130
18
42
6
19
130
18
42
6
19
130
18
42
6
19
130
18
42
6
19
130
18
42
6
19
130
18
42
6
19
130
18
42
6
19
130
18
42
6
19
130
18
42
6
19
130
18
42
6
19
130
18
42
6
19
130
18
42
6
19
130
18
42
6
19
130
18
42
6
19
130
18
42
6
19
130
18
42
6
19
130
18
42
6
19
130
18
42
6
19
130
18
42
6
19
130
18
42
6
19
130
18
42
6
19