130
3
18
6
42
130
3
18
6
42
130
3
18
6
42
130
3
18
6
42
130
3
18
6
42
130
3
18
6
42
130
3
18
6
42
130
3
18
6
42
130
3
18
6
42
130
3
18
6
42
130
3
18
6
42
130
3
18
6
42
130
3
18
6
42
130
3
18
6
42
130
3
18
6
42
130
3
18
6
42
130
3
18
6
42
130
3
18
6
42
130
3
18
6
42
130
3
18
6
42
130
3
18
6
42
130
3
18
6
42
130
3
18
6
42
130
3
18
6
42
130
3
18
6
42
130
3
18
6
42
130
3
18
6
42
130
3
18
6
42
130
3
18
6
42
130
3
18
6
42
130
3
18
6
42
130
3
18
6
42
130
3
18
6
42
130
3
18
6
42
130
3
18
6
42
130
3
18
6
42
130
3
18
6
42
130
3
18
6
42
130
3
18
6
42
130
3
18
6
42
130
3
18
6
42
130
3
18
6
42
130
3
18
6
42
130
3
18
6
42
130
3
18
6
42
130
3
18
6
42
130
3
18
6
42
130
3
18
6
42
130
3
18
6
42
130
3
18
6
42