42
1
18
130
6
42
1
18
130
6
42
1
18
130
6
42
1
18
130
6
42
1
18
130
6
42
1
18
130
6
42
1
18
130
6
42
1
18
130
6
42
1
18
130
6
42
1
18
130
6
42
1
18
130
6
42
1
18
130
6
42
1
18
130
6
42
1
18
130
6
42
1
18
130
6
42
1
18
130
6
42
1
18
130
6
42
1
18
130
6
42
1
18
130
6
42
1
18
130
6
42
1
18
130
6
42
1
18
130
6
42
1
18
130
6
42
1
18
130
6
42
1
18
130
6
42
1
18
130
6
42
1
18
130
6
42
1
18
130
6
42
1
18
130
6
42
1
18
130
6
42
1
18
130
6
42
1
18
130
6
42
1
18
130
6
42
1
18
130
6
42
1
18
130
6
42
1
18
130
6
42
1
18
130
6
42
1
18
130
6
42
1
18
130
6
42
1
18
130
6
42
1
18
130
6
42
1
18
130
6
42
1
18
130
6
42
1
18
130
6
42
1
18
130
6
42
1
18
130
6
42
1
18
130
6
42
1
18
130
6
42
1
18
130
6
42
1
18
130
6