42
2
6
69
130
42
2
6
69
130
42
2
6
69
130
42
2
6
69
130
42
2
6
69
130
42
2
6
69
130
42
2
6
69
130
42
2
6
69
130
42
2
6
69
130
42
2
6
69
130
42
2
6
69
130
42
2
6
69
130
42
2
6
69
130
42
2
6
69
130
42
2
6
69
130
42
2
6
69
130
42
2
6
69
130
42
2
6
69
130
42
2
6
69
130
42
2
6
69
130
42
2
6
69
130
42
2
6
69
130
42
2
6
69
130
42
2
6
69
130
42
2
6
69
130
42
2
6
69
130
42
2
6
69
130
42
2
6
69
130
42
2
6
69
130
42
2
6
69
130
42
2
6
69
130
42
2
6
69
130
42
2
6
69
130
42
2
6
69
130
42
2
6
69
130
42
2
6
69
130
42
2
6
69
130
42
2
6
69
130
42
2
6
69
130
42
2
6
69
130
42
2
6
69
130
42
2
6
69
130
42
2
6
69
130
42
2
6
69
130
42
2
6
69
130
42
2
6
69
130
42
2
6
69
130
42
2
6
69
130
42
2
6
69
130
42
2
6
69
130