19
69
1
3
18
19
69
1
3
18
19
69
1
3
18
19
69
1
3
18
19
69
1
3
18
19
69
1
3
18
19
69
1
3
18
19
69
1
3
18
19
69
1
3
18
19
69
1
3
18
19
69
1
3
18
19
69
1
3
18
19
69
1
3
18
19
69
1
3
18
19
69
1
3
18
19
69
1
3
18
19
69
1
3
18
19
69
1
3
18
19
69
1
3
18
19
69
1
3
18
19
69
1
3
18
19
69
1
3
18
19
69
1
3
18
19
69
1
3
18
19
69
1
3
18
19
69
1
3
18
19
69
1
3
18
19
69
1
3
18
19
69
1
3
18
19
69
1
3
18
19
69
1
3
18
19
69
1
3
18
19
69
1
3
18
19
69
1
3
18
19
69
1
3
18
19
69
1
3
18
19
69
1
3
18
19
69
1
3
18
19
69
1
3
18
19
69
1
3
18
19
69
1
3
18
19
69
1
3
18
19
69
1
3
18
19
69
1
3
18
19
69
1
3
18
19
69
1
3
18
19
69
1
3
18
19
69
1
3
18
19
69
1
3
18
19
69
1
3
18