3
19
2
69
130
3
19
2
69
130
3
19
2
69
130
3
19
2
69
130
3
19
2
69
130
3
19
2
69
130
3
19
2
69
130
3
19
2
69
130
3
19
2
69
130
3
19
2
69
130
3
19
2
69
130
3
19
2
69
130
3
19
2
69
130
3
19
2
69
130
3
19
2
69
130
3
19
2
69
130
3
19
2
69
130
3
19
2
69
130
3
19
2
69
130
3
19
2
69
130
3
19
2
69
130
3
19
2
69
130
3
19
2
69
130
3
19
2
69
130
3
19
2
69
130
3
19
2
69
130
3
19
2
69
130
3
19
2
69
130
3
19
2
69
130
3
19
2
69
130
3
19
2
69
130
3
19
2
69
130
3
19
2
69
130
3
19
2
69
130
3
19
2
69
130
3
19
2
69
130
3
19
2
69
130
3
19
2
69
130
3
19
2
69
130
3
19
2
69
130
3
19
2
69
130
3
19
2
69
130
3
19
2
69
130
3
19
2
69
130
3
19
2
69
130
3
19
2
69
130
3
19
2
69
130
3
19
2
69
130
3
19
2
69
130
3
19
2
69
130