42
18
2
6
19
42
18
2
6
19
42
18
2
6
19
42
18
2
6
19
42
18
2
6
19
42
18
2
6
19
42
18
2
6
19
42
18
2
6
19
42
18
2
6
19
42
18
2
6
19
42
18
2
6
19
42
18
2
6
19
42
18
2
6
19
42
18
2
6
19
42
18
2
6
19
42
18
2
6
19
42
18
2
6
19
42
18
2
6
19
42
18
2
6
19
42
18
2
6
19
42
18
2
6
19
42
18
2
6
19
42
18
2
6
19
42
18
2
6
19
42
18
2
6
19
42
18
2
6
19
42
18
2
6
19
42
18
2
6
19
42
18
2
6
19
42
18
2
6
19
42
18
2
6
19
42
18
2
6
19
42
18
2
6
19
42
18
2
6
19
42
18
2
6
19
42
18
2
6
19
42
18
2
6
19
42
18
2
6
19
42
18
2
6
19
42
18
2
6
19
42
18
2
6
19
42
18
2
6
19
42
18
2
6
19
42
18
2
6
19
42
18
2
6
19
42
18
2
6
19
42
18
2
6
19
42
18
2
6
19
42
18
2
6
19
42
18
2
6
19