18
3
42
1
69
18
3
42
1
69
18
3
42
1
69
18
3
42
1
69
18
3
42
1
69
18
3
42
1
69
18
3
42
1
69
18
3
42
1
69
18
3
42
1
69
18
3
42
1
69
18
3
42
1
69
18
3
42
1
69
18
3
42
1
69
18
3
42
1
69
18
3
42
1
69
18
3
42
1
69
18
3
42
1
69
18
3
42
1
69
18
3
42
1
69
18
3
42
1
69
18
3
42
1
69
18
3
42
1
69
18
3
42
1
69
18
3
42
1
69
18
3
42
1
69
18
3
42
1
69
18
3
42
1
69
18
3
42
1
69
18
3
42
1
69
18
3
42
1
69
18
3
42
1
69
18
3
42
1
69
18
3
42
1
69
18
3
42
1
69
18
3
42
1
69
18
3
42
1
69
18
3
42
1
69
18
3
42
1
69
18
3
42
1
69
18
3
42
1
69
18
3
42
1
69
18
3
42
1
69
18
3
42
1
69
18
3
42
1
69
18
3
42
1
69
18
3
42
1
69
18
3
42
1
69
18
3
42
1
69
18
3
42
1
69
18
3
42
1
69