19
3
42
6
130
19
3
42
6
130
19
3
42
6
130
19
3
42
6
130
19
3
42
6
130
19
3
42
6
130
19
3
42
6
130
19
3
42
6
130
19
3
42
6
130
19
3
42
6
130
19
3
42
6
130
19
3
42
6
130
19
3
42
6
130
19
3
42
6
130
19
3
42
6
130
19
3
42
6
130
19
3
42
6
130
19
3
42
6
130
19
3
42
6
130
19
3
42
6
130
19
3
42
6
130
19
3
42
6
130
19
3
42
6
130
19
3
42
6
130
19
3
42
6
130
19
3
42
6
130
19
3
42
6
130
19
3
42
6
130
19
3
42
6
130
19
3
42
6
130
19
3
42
6
130
19
3
42
6
130
19
3
42
6
130
19
3
42
6
130
19
3
42
6
130
19
3
42
6
130
19
3
42
6
130
19
3
42
6
130
19
3
42
6
130
19
3
42
6
130
19
3
42
6
130
19
3
42
6
130
19
3
42
6
130
19
3
42
6
130
19
3
42
6
130
19
3
42
6
130
19
3
42
6
130
19
3
42
6
130
19
3
42
6
130
19
3
42
6
130