18
19
69
130
3
18
19
69
130
3
18
19
69
130
3
18
19
69
130
3
18
19
69
130
3
18
19
69
130
3
18
19
69
130
3
18
19
69
130
3
18
19
69
130
3
18
19
69
130
3
18
19
69
130
3
18
19
69
130
3
18
19
69
130
3
18
19
69
130
3
18
19
69
130
3
18
19
69
130
3
18
19
69
130
3
18
19
69
130
3
18
19
69
130
3
18
19
69
130
3
18
19
69
130
3
18
19
69
130
3
18
19
69
130
3
18
19
69
130
3
18
19
69
130
3
18
19
69
130
3
18
19
69
130
3
18
19
69
130
3
18
19
69
130
3
18
19
69
130
3
18
19
69
130
3
18
19
69
130
3
18
19
69
130
3
18
19
69
130
3
18
19
69
130
3
18
19
69
130
3
18
19
69
130
3
18
19
69
130
3
18
19
69
130
3
18
19
69
130
3
18
19
69
130
3
18
19
69
130
3
18
19
69
130
3
18
19
69
130
3
18
19
69
130
3
18
19
69
130
3
18
19
69
130
3
18
19
69
130
3
18
19
69
130
3
18
19
69
130
3