69
3
130
1
42
69
3
130
1
42
69
3
130
1
42
69
3
130
1
42
69
3
130
1
42
69
3
130
1
42
69
3
130
1
42
69
3
130
1
42
69
3
130
1
42
69
3
130
1
42
69
3
130
1
42
69
3
130
1
42
69
3
130
1
42
69
3
130
1
42
69
3
130
1
42
69
3
130
1
42
69
3
130
1
42
69
3
130
1
42
69
3
130
1
42
69
3
130
1
42
69
3
130
1
42
69
3
130
1
42
69
3
130
1
42
69
3
130
1
42
69
3
130
1
42
69
3
130
1
42
69
3
130
1
42
69
3
130
1
42
69
3
130
1
42
69
3
130
1
42
69
3
130
1
42
69
3
130
1
42
69
3
130
1
42
69
3
130
1
42
69
3
130
1
42
69
3
130
1
42
69
3
130
1
42
69
3
130
1
42
69
3
130
1
42
69
3
130
1
42
69
3
130
1
42
69
3
130
1
42
69
3
130
1
42
69
3
130
1
42
69
3
130
1
42
69
3
130
1
42
69
3
130
1
42
69
3
130
1
42
69
3
130
1
42
69
3
130
1
42