3
1
6
42
19
3
1
6
42
19
3
1
6
42
19
3
1
6
42
19
3
1
6
42
19
3
1
6
42
19
3
1
6
42
19
3
1
6
42
19
3
1
6
42
19
3
1
6
42
19
3
1
6
42
19
3
1
6
42
19
3
1
6
42
19
3
1
6
42
19
3
1
6
42
19
3
1
6
42
19
3
1
6
42
19
3
1
6
42
19
3
1
6
42
19
3
1
6
42
19
3
1
6
42
19
3
1
6
42
19
3
1
6
42
19
3
1
6
42
19
3
1
6
42
19
3
1
6
42
19
3
1
6
42
19
3
1
6
42
19
3
1
6
42
19
3
1
6
42
19
3
1
6
42
19
3
1
6
42
19
3
1
6
42
19
3
1
6
42
19
3
1
6
42
19
3
1
6
42
19
3
1
6
42
19
3
1
6
42
19
3
1
6
42
19
3
1
6
42
19
3
1
6
42
19
3
1
6
42
19
3
1
6
42
19
3
1
6
42
19
3
1
6
42
19
3
1
6
42
19
3
1
6
42
19
3
1
6
42
19
3
1
6
42
19
3
1
6
42
19