1
69
42
18
19
1
69
42
18
19
1
69
42
18
19
1
69
42
18
19
1
69
42
18
19
1
69
42
18
19
1
69
42
18
19
1
69
42
18
19
1
69
42
18
19
1
69
42
18
19
1
69
42
18
19
1
69
42
18
19
1
69
42
18
19
1
69
42
18
19
1
69
42
18
19
1
69
42
18
19
1
69
42
18
19
1
69
42
18
19
1
69
42
18
19
1
69
42
18
19
1
69
42
18
19
1
69
42
18
19
1
69
42
18
19
1
69
42
18
19
1
69
42
18
19
1
69
42
18
19
1
69
42
18
19
1
69
42
18
19
1
69
42
18
19
1
69
42
18
19
1
69
42
18
19
1
69
42
18
19
1
69
42
18
19
1
69
42
18
19
1
69
42
18
19
1
69
42
18
19
1
69
42
18
19
1
69
42
18
19
1
69
42
18
19
1
69
42
18
19
1
69
42
18
19
1
69
42
18
19
1
69
42
18
19
1
69
42
18
19
1
69
42
18
19
1
69
42
18
19
1
69
42
18
19
1
69
42
18
19
1
69
42
18
19
1
69
42
18
19