130
3
19
1
69
130
3
19
1
69
130
3
19
1
69
130
3
19
1
69
130
3
19
1
69
130
3
19
1
69
130
3
19
1
69
130
3
19
1
69
130
3
19
1
69
130
3
19
1
69
130
3
19
1
69
130
3
19
1
69
130
3
19
1
69
130
3
19
1
69
130
3
19
1
69
130
3
19
1
69
130
3
19
1
69
130
3
19
1
69
130
3
19
1
69
130
3
19
1
69
130
3
19
1
69
130
3
19
1
69
130
3
19
1
69
130
3
19
1
69
130
3
19
1
69
130
3
19
1
69
130
3
19
1
69
130
3
19
1
69
130
3
19
1
69
130
3
19
1
69
130
3
19
1
69
130
3
19
1
69
130
3
19
1
69
130
3
19
1
69
130
3
19
1
69
130
3
19
1
69
130
3
19
1
69
130
3
19
1
69
130
3
19
1
69
130
3
19
1
69
130
3
19
1
69
130
3
19
1
69
130
3
19
1
69
130
3
19
1
69
130
3
19
1
69
130
3
19
1
69
130
3
19
1
69
130
3
19
1
69
130
3
19
1
69
130
3
19
1
69