19
69
6
18
2
19
69
6
18
2
19
69
6
18
2
19
69
6
18
2
19
69
6
18
2
19
69
6
18
2
19
69
6
18
2
19
69
6
18
2
19
69
6
18
2
19
69
6
18
2
19
69
6
18
2
19
69
6
18
2
19
69
6
18
2
19
69
6
18
2
19
69
6
18
2
19
69
6
18
2
19
69
6
18
2
19
69
6
18
2
19
69
6
18
2
19
69
6
18
2
19
69
6
18
2
19
69
6
18
2
19
69
6
18
2
19
69
6
18
2
19
69
6
18
2
19
69
6
18
2
19
69
6
18
2
19
69
6
18
2
19
69
6
18
2
19
69
6
18
2
19
69
6
18
2
19
69
6
18
2
19
69
6
18
2
19
69
6
18
2
19
69
6
18
2
19
69
6
18
2
19
69
6
18
2
19
69
6
18
2
19
69
6
18
2
19
69
6
18
2
19
69
6
18
2
19
69
6
18
2
19
69
6
18
2
19
69
6
18
2
19
69
6
18
2
19
69
6
18
2
19
69
6
18
2
19
69
6
18
2
19
69
6
18
2
19
69
6
18
2