1
69
2
130
3
1
69
2
130
3
1
69
2
130
3
1
69
2
130
3
1
69
2
130
3
1
69
2
130
3
1
69
2
130
3
1
69
2
130
3
1
69
2
130
3
1
69
2
130
3
1
69
2
130
3
1
69
2
130
3
1
69
2
130
3
1
69
2
130
3
1
69
2
130
3
1
69
2
130
3
1
69
2
130
3
1
69
2
130
3
1
69
2
130
3
1
69
2
130
3
1
69
2
130
3
1
69
2
130
3
1
69
2
130
3
1
69
2
130
3
1
69
2
130
3
1
69
2
130
3
1
69
2
130
3
1
69
2
130
3
1
69
2
130
3
1
69
2
130
3
1
69
2
130
3
1
69
2
130
3
1
69
2
130
3
1
69
2
130
3
1
69
2
130
3
1
69
2
130
3
1
69
2
130
3
1
69
2
130
3
1
69
2
130
3
1
69
2
130
3
1
69
2
130
3
1
69
2
130
3
1
69
2
130
3
1
69
2
130
3
1
69
2
130
3
1
69
2
130
3
1
69
2
130
3
1
69
2
130
3
1
69
2
130
3
1
69
2
130
3