19
1
2
6
42
19
1
2
6
42
19
1
2
6
42
19
1
2
6
42
19
1
2
6
42
19
1
2
6
42
19
1
2
6
42
19
1
2
6
42
19
1
2
6
42
19
1
2
6
42
19
1
2
6
42
19
1
2
6
42
19
1
2
6
42
19
1
2
6
42
19
1
2
6
42
19
1
2
6
42
19
1
2
6
42
19
1
2
6
42
19
1
2
6
42
19
1
2
6
42
19
1
2
6
42
19
1
2
6
42
19
1
2
6
42
19
1
2
6
42
19
1
2
6
42
19
1
2
6
42
19
1
2
6
42
19
1
2
6
42
19
1
2
6
42
19
1
2
6
42
19
1
2
6
42
19
1
2
6
42
19
1
2
6
42
19
1
2
6
42
19
1
2
6
42
19
1
2
6
42
19
1
2
6
42
19
1
2
6
42
19
1
2
6
42
19
1
2
6
42
19
1
2
6
42
19
1
2
6
42
19
1
2
6
42
19
1
2
6
42
19
1
2
6
42
19
1
2
6
42
19
1
2
6
42
19
1
2
6
42
19
1
2
6
42
19
1
2
6
42