19
1
18
6
130
19
1
18
6
130
19
1
18
6
130
19
1
18
6
130
19
1
18
6
130
19
1
18
6
130
19
1
18
6
130
19
1
18
6
130
19
1
18
6
130
19
1
18
6
130
19
1
18
6
130
19
1
18
6
130
19
1
18
6
130
19
1
18
6
130
19
1
18
6
130
19
1
18
6
130
19
1
18
6
130
19
1
18
6
130
19
1
18
6
130
19
1
18
6
130
19
1
18
6
130
19
1
18
6
130
19
1
18
6
130
19
1
18
6
130
19
1
18
6
130
19
1
18
6
130
19
1
18
6
130
19
1
18
6
130
19
1
18
6
130
19
1
18
6
130
19
1
18
6
130
19
1
18
6
130
19
1
18
6
130
19
1
18
6
130
19
1
18
6
130
19
1
18
6
130
19
1
18
6
130
19
1
18
6
130
19
1
18
6
130
19
1
18
6
130
19
1
18
6
130
19
1
18
6
130
19
1
18
6
130
19
1
18
6
130
19
1
18
6
130
19
1
18
6
130
19
1
18
6
130
19
1
18
6
130
19
1
18
6
130
19
1
18
6
130