42
2
19
1
130
42
2
19
1
130
42
2
19
1
130
42
2
19
1
130
42
2
19
1
130
42
2
19
1
130
42
2
19
1
130
42
2
19
1
130
42
2
19
1
130
42
2
19
1
130
42
2
19
1
130
42
2
19
1
130
42
2
19
1
130
42
2
19
1
130
42
2
19
1
130
42
2
19
1
130
42
2
19
1
130
42
2
19
1
130
42
2
19
1
130
42
2
19
1
130
42
2
19
1
130
42
2
19
1
130
42
2
19
1
130
42
2
19
1
130
42
2
19
1
130
42
2
19
1
130
42
2
19
1
130
42
2
19
1
130
42
2
19
1
130
42
2
19
1
130
42
2
19
1
130
42
2
19
1
130
42
2
19
1
130
42
2
19
1
130
42
2
19
1
130
42
2
19
1
130
42
2
19
1
130
42
2
19
1
130
42
2
19
1
130
42
2
19
1
130
42
2
19
1
130
42
2
19
1
130
42
2
19
1
130
42
2
19
1
130
42
2
19
1
130
42
2
19
1
130
42
2
19
1
130
42
2
19
1
130
42
2
19
1
130
42
2
19
1
130