3
42
2
19
18
3
42
2
19
18
3
42
2
19
18
3
42
2
19
18
3
42
2
19
18
3
42
2
19
18
3
42
2
19
18
3
42
2
19
18
3
42
2
19
18
3
42
2
19
18
3
42
2
19
18
3
42
2
19
18
3
42
2
19
18
3
42
2
19
18
3
42
2
19
18
3
42
2
19
18
3
42
2
19
18
3
42
2
19
18
3
42
2
19
18
3
42
2
19
18
3
42
2
19
18
3
42
2
19
18
3
42
2
19
18
3
42
2
19
18
3
42
2
19
18
3
42
2
19
18
3
42
2
19
18
3
42
2
19
18
3
42
2
19
18
3
42
2
19
18
3
42
2
19
18
3
42
2
19
18
3
42
2
19
18
3
42
2
19
18
3
42
2
19
18
3
42
2
19
18
3
42
2
19
18
3
42
2
19
18
3
42
2
19
18
3
42
2
19
18
3
42
2
19
18
3
42
2
19
18
3
42
2
19
18
3
42
2
19
18
3
42
2
19
18
3
42
2
19
18
3
42
2
19
18
3
42
2
19
18
3
42
2
19
18
3
42
2
19
18