42
6
69
19
18
42
6
69
19
18
42
6
69
19
18
42
6
69
19
18
42
6
69
19
18
42
6
69
19
18
42
6
69
19
18
42
6
69
19
18
42
6
69
19
18
42
6
69
19
18
42
6
69
19
18
42
6
69
19
18
42
6
69
19
18
42
6
69
19
18
42
6
69
19
18
42
6
69
19
18
42
6
69
19
18
42
6
69
19
18
42
6
69
19
18
42
6
69
19
18
42
6
69
19
18
42
6
69
19
18
42
6
69
19
18
42
6
69
19
18
42
6
69
19
18
42
6
69
19
18
42
6
69
19
18
42
6
69
19
18
42
6
69
19
18
42
6
69
19
18
42
6
69
19
18
42
6
69
19
18
42
6
69
19
18
42
6
69
19
18
42
6
69
19
18
42
6
69
19
18
42
6
69
19
18
42
6
69
19
18
42
6
69
19
18
42
6
69
19
18
42
6
69
19
18
42
6
69
19
18
42
6
69
19
18
42
6
69
19
18
42
6
69
19
18
42
6
69
19
18
42
6
69
19
18
42
6
69
19
18
42
6
69
19
18
42
6
69
19
18