1
18
6
2
69
1
18
6
2
69
1
18
6
2
69
1
18
6
2
69
1
18
6
2
69
1
18
6
2
69
1
18
6
2
69
1
18
6
2
69
1
18
6
2
69
1
18
6
2
69
1
18
6
2
69
1
18
6
2
69
1
18
6
2
69
1
18
6
2
69
1
18
6
2
69
1
18
6
2
69
1
18
6
2
69
1
18
6
2
69
1
18
6
2
69
1
18
6
2
69
1
18
6
2
69
1
18
6
2
69
1
18
6
2
69
1
18
6
2
69
1
18
6
2
69
1
18
6
2
69
1
18
6
2
69
1
18
6
2
69
1
18
6
2
69
1
18
6
2
69
1
18
6
2
69
1
18
6
2
69
1
18
6
2
69
1
18
6
2
69
1
18
6
2
69
1
18
6
2
69
1
18
6
2
69
1
18
6
2
69
1
18
6
2
69
1
18
6
2
69
1
18
6
2
69
1
18
6
2
69
1
18
6
2
69
1
18
6
2
69
1
18
6
2
69
1
18
6
2
69
1
18
6
2
69
1
18
6
2
69
1
18
6
2
69
1
18
6
2
69