19
1
18
2
3
19
1
18
2
3
19
1
18
2
3
19
1
18
2
3
19
1
18
2
3
19
1
18
2
3
19
1
18
2
3
19
1
18
2
3
19
1
18
2
3
19
1
18
2
3
19
1
18
2
3
19
1
18
2
3
19
1
18
2
3
19
1
18
2
3
19
1
18
2
3
19
1
18
2
3
19
1
18
2
3
19
1
18
2
3
19
1
18
2
3
19
1
18
2
3
19
1
18
2
3
19
1
18
2
3
19
1
18
2
3
19
1
18
2
3
19
1
18
2
3
19
1
18
2
3
19
1
18
2
3
19
1
18
2
3
19
1
18
2
3
19
1
18
2
3
19
1
18
2
3
19
1
18
2
3
19
1
18
2
3
19
1
18
2
3
19
1
18
2
3
19
1
18
2
3
19
1
18
2
3
19
1
18
2
3
19
1
18
2
3
19
1
18
2
3
19
1
18
2
3
19
1
18
2
3
19
1
18
2
3
19
1
18
2
3
19
1
18
2
3
19
1
18
2
3
19
1
18
2
3
19
1
18
2
3
19
1
18
2
3
19
1
18
2
3