69
1
2
42
6
69
1
2
42
6
69
1
2
42
6
69
1
2
42
6
69
1
2
42
6
69
1
2
42
6
69
1
2
42
6
69
1
2
42
6
69
1
2
42
6
69
1
2
42
6
69
1
2
42
6
69
1
2
42
6
69
1
2
42
6
69
1
2
42
6
69
1
2
42
6
69
1
2
42
6
69
1
2
42
6
69
1
2
42
6
69
1
2
42
6
69
1
2
42
6
69
1
2
42
6
69
1
2
42
6
69
1
2
42
6
69
1
2
42
6
69
1
2
42
6
69
1
2
42
6
69
1
2
42
6
69
1
2
42
6
69
1
2
42
6
69
1
2
42
6
69
1
2
42
6
69
1
2
42
6
69
1
2
42
6
69
1
2
42
6
69
1
2
42
6
69
1
2
42
6
69
1
2
42
6
69
1
2
42
6
69
1
2
42
6
69
1
2
42
6
69
1
2
42
6
69
1
2
42
6
69
1
2
42
6
69
1
2
42
6
69
1
2
42
6
69
1
2
42
6
69
1
2
42
6
69
1
2
42
6
69
1
2
42
6
69
1
2
42
6