3
42
2
1
60
3
42
2
1
60
3
42
2
1
60
3
42
2
1
60
3
42
2
1
60
3
42
2
1
60
3
42
2
1
60
3
42
2
1
60
3
42
2
1
60
3
42
2
1
60
3
42
2
1
60
3
42
2
1
60
3
42
2
1
60
3
42
2
1
60
3
42
2
1
60
3
42
2
1
60
3
42
2
1
60
3
42
2
1
60
3
42
2
1
60
3
42
2
1
60
3
42
2
1
60
3
42
2
1
60
3
42
2
1
60
3
42
2
1
60
3
42
2
1
60
3
42
2
1
60
3
42
2
1
60
3
42
2
1
60
3
42
2
1
60
3
42
2
1
60
3
42
2
1
60
3
42
2
1
60
3
42
2
1
60
3
42
2
1
60
3
42
2
1
60
3
42
2
1
60
3
42
2
1
60
3
42
2
1
60
3
42
2
1
60
3
42
2
1
60
3
42
2
1
60
3
42
2
1
60
3
42
2
1
60
3
42
2
1
60
3
42
2
1
60
3
42
2
1
60
3
42
2
1
60
3
42
2
1
60
3
42
2
1
60
3
42
2
1
60