3
42
18
130
60
3
42
18
130
60
3
42
18
130
60
3
42
18
130
60
3
42
18
130
60
3
42
18
130
60
3
42
18
130
60
3
42
18
130
60
3
42
18
130
60
3
42
18
130
60
3
42
18
130
60
3
42
18
130
60
3
42
18
130
60
3
42
18
130
60
3
42
18
130
60
3
42
18
130
60
3
42
18
130
60
3
42
18
130
60
3
42
18
130
60
3
42
18
130
60
3
42
18
130
60
3
42
18
130
60
3
42
18
130
60
3
42
18
130
60
3
42
18
130
60
3
42
18
130
60
3
42
18
130
60
3
42
18
130
60
3
42
18
130
60
3
42
18
130
60
3
42
18
130
60
3
42
18
130
60
3
42
18
130
60
3
42
18
130
60
3
42
18
130
60
3
42
18
130
60
3
42
18
130
60
3
42
18
130
60
3
42
18
130
60
3
42
18
130
60
3
42
18
130
60
3
42
18
130
60
3
42
18
130
60
3
42
18
130
60
3
42
18
130
60
3
42
18
130
60
3
42
18
130
60
3
42
18
130
60
3
42
18
130
60
3
42
18
130
60