42
2
18
1
130
42
2
18
1
130
42
2
18
1
130
42
2
18
1
130
42
2
18
1
130
42
2
18
1
130
42
2
18
1
130
42
2
18
1
130
42
2
18
1
130
42
2
18
1
130
42
2
18
1
130
42
2
18
1
130
42
2
18
1
130
42
2
18
1
130
42
2
18
1
130
42
2
18
1
130
42
2
18
1
130
42
2
18
1
130
42
2
18
1
130
42
2
18
1
130
42
2
18
1
130
42
2
18
1
130
42
2
18
1
130
42
2
18
1
130
42
2
18
1
130
42
2
18
1
130
42
2
18
1
130
42
2
18
1
130
42
2
18
1
130
42
2
18
1
130
42
2
18
1
130
42
2
18
1
130
42
2
18
1
130
42
2
18
1
130
42
2
18
1
130
42
2
18
1
130
42
2
18
1
130
42
2
18
1
130
42
2
18
1
130
42
2
18
1
130
42
2
18
1
130
42
2
18
1
130
42
2
18
1
130
42
2
18
1
130
42
2
18
1
130
42
2
18
1
130
42
2
18
1
130
42
2
18
1
130
42
2
18
1
130
42
2
18
1
130