42
18
1
130
60
42
18
1
130
60
42
18
1
130
60
42
18
1
130
60
42
18
1
130
60
42
18
1
130
60
42
18
1
130
60
42
18
1
130
60
42
18
1
130
60
42
18
1
130
60
42
18
1
130
60
42
18
1
130
60
42
18
1
130
60
42
18
1
130
60
42
18
1
130
60
42
18
1
130
60
42
18
1
130
60
42
18
1
130
60
42
18
1
130
60
42
18
1
130
60
42
18
1
130
60
42
18
1
130
60
42
18
1
130
60
42
18
1
130
60
42
18
1
130
60
42
18
1
130
60
42
18
1
130
60
42
18
1
130
60
42
18
1
130
60
42
18
1
130
60
42
18
1
130
60
42
18
1
130
60
42
18
1
130
60
42
18
1
130
60
42
18
1
130
60
42
18
1
130
60
42
18
1
130
60
42
18
1
130
60
42
18
1
130
60
42
18
1
130
60
42
18
1
130
60
42
18
1
130
60
42
18
1
130
60
42
18
1
130
60
42
18
1
130
60
42
18
1
130
60
42
18
1
130
60
42
18
1
130
60
42
18
1
130
60
42
18
1
130
60