3
18
1
130
60
3
18
1
130
60
3
18
1
130
60
3
18
1
130
60
3
18
1
130
60
3
18
1
130
60
3
18
1
130
60
3
18
1
130
60
3
18
1
130
60
3
18
1
130
60
3
18
1
130
60
3
18
1
130
60
3
18
1
130
60
3
18
1
130
60
3
18
1
130
60
3
18
1
130
60
3
18
1
130
60
3
18
1
130
60
3
18
1
130
60
3
18
1
130
60
3
18
1
130
60
3
18
1
130
60
3
18
1
130
60
3
18
1
130
60
3
18
1
130
60
3
18
1
130
60
3
18
1
130
60
3
18
1
130
60
3
18
1
130
60
3
18
1
130
60
3
18
1
130
60
3
18
1
130
60
3
18
1
130
60
3
18
1
130
60
3
18
1
130
60
3
18
1
130
60
3
18
1
130
60
3
18
1
130
60
3
18
1
130
60
3
18
1
130
60
3
18
1
130
60
3
18
1
130
60
3
18
1
130
60
3
18
1
130
60
3
18
1
130
60
3
18
1
130
60
3
18
1
130
60
3
18
1
130
60
3
18
1
130
60
3
18
1
130
60