3
42
18
1
60
3
42
18
1
60
3
42
18
1
60
3
42
18
1
60
3
42
18
1
60
3
42
18
1
60
3
42
18
1
60
3
42
18
1
60
3
42
18
1
60
3
42
18
1
60
3
42
18
1
60
3
42
18
1
60
3
42
18
1
60
3
42
18
1
60
3
42
18
1
60
3
42
18
1
60
3
42
18
1
60
3
42
18
1
60
3
42
18
1
60
3
42
18
1
60
3
42
18
1
60
3
42
18
1
60
3
42
18
1
60
3
42
18
1
60
3
42
18
1
60
3
42
18
1
60
3
42
18
1
60
3
42
18
1
60
3
42
18
1
60
3
42
18
1
60
3
42
18
1
60
3
42
18
1
60
3
42
18
1
60
3
42
18
1
60
3
42
18
1
60
3
42
18
1
60
3
42
18
1
60
3
42
18
1
60
3
42
18
1
60
3
42
18
1
60
3
42
18
1
60
3
42
18
1
60
3
42
18
1
60
3
42
18
1
60
3
42
18
1
60
3
42
18
1
60
3
42
18
1
60
3
42
18
1
60
3
42
18
1
60
3
42
18
1
60