42
2
1
130
60
42
2
1
130
60
42
2
1
130
60
42
2
1
130
60
42
2
1
130
60
42
2
1
130
60
42
2
1
130
60
42
2
1
130
60
42
2
1
130
60
42
2
1
130
60
42
2
1
130
60
42
2
1
130
60
42
2
1
130
60
42
2
1
130
60
42
2
1
130
60
42
2
1
130
60
42
2
1
130
60
42
2
1
130
60
42
2
1
130
60
42
2
1
130
60
42
2
1
130
60
42
2
1
130
60
42
2
1
130
60
42
2
1
130
60
42
2
1
130
60
42
2
1
130
60
42
2
1
130
60
42
2
1
130
60
42
2
1
130
60
42
2
1
130
60
42
2
1
130
60
42
2
1
130
60
42
2
1
130
60
42
2
1
130
60
42
2
1
130
60
42
2
1
130
60
42
2
1
130
60
42
2
1
130
60
42
2
1
130
60
42
2
1
130
60
42
2
1
130
60
42
2
1
130
60
42
2
1
130
60
42
2
1
130
60
42
2
1
130
60
42
2
1
130
60
42
2
1
130
60
42
2
1
130
60
42
2
1
130
60
42
2
1
130
60