42
2
18
130
60
42
2
18
130
60
42
2
18
130
60
42
2
18
130
60
42
2
18
130
60
42
2
18
130
60
42
2
18
130
60
42
2
18
130
60
42
2
18
130
60
42
2
18
130
60
42
2
18
130
60
42
2
18
130
60
42
2
18
130
60
42
2
18
130
60
42
2
18
130
60
42
2
18
130
60
42
2
18
130
60
42
2
18
130
60
42
2
18
130
60
42
2
18
130
60
42
2
18
130
60
42
2
18
130
60
42
2
18
130
60
42
2
18
130
60
42
2
18
130
60
42
2
18
130
60
42
2
18
130
60
42
2
18
130
60
42
2
18
130
60
42
2
18
130
60
42
2
18
130
60
42
2
18
130
60
42
2
18
130
60
42
2
18
130
60
42
2
18
130
60
42
2
18
130
60
42
2
18
130
60
42
2
18
130
60
42
2
18
130
60
42
2
18
130
60
42
2
18
130
60
42
2
18
130
60
42
2
18
130
60
42
2
18
130
60
42
2
18
130
60
42
2
18
130
60
42
2
18
130
60
42
2
18
130
60
42
2
18
130
60
42
2
18
130
60