3
2
18
1
60
3
2
18
1
60
3
2
18
1
60
3
2
18
1
60
3
2
18
1
60
3
2
18
1
60
3
2
18
1
60
3
2
18
1
60
3
2
18
1
60
3
2
18
1
60
3
2
18
1
60
3
2
18
1
60
3
2
18
1
60
3
2
18
1
60
3
2
18
1
60
3
2
18
1
60
3
2
18
1
60
3
2
18
1
60
3
2
18
1
60
3
2
18
1
60
3
2
18
1
60
3
2
18
1
60
3
2
18
1
60
3
2
18
1
60
3
2
18
1
60
3
2
18
1
60
3
2
18
1
60
3
2
18
1
60
3
2
18
1
60
3
2
18
1
60
3
2
18
1
60
3
2
18
1
60
3
2
18
1
60
3
2
18
1
60
3
2
18
1
60
3
2
18
1
60
3
2
18
1
60
3
2
18
1
60
3
2
18
1
60
3
2
18
1
60
3
2
18
1
60
3
2
18
1
60
3
2
18
1
60
3
2
18
1
60
3
2
18
1
60
3
2
18
1
60
3
2
18
1
60
3
2
18
1
60
3
2
18
1
60
3
2
18
1
60