3
2
18
1
130
3
2
18
1
130
3
2
18
1
130
3
2
18
1
130
3
2
18
1
130
3
2
18
1
130
3
2
18
1
130
3
2
18
1
130
3
2
18
1
130
3
2
18
1
130
3
2
18
1
130
3
2
18
1
130
3
2
18
1
130
3
2
18
1
130
3
2
18
1
130
3
2
18
1
130
3
2
18
1
130
3
2
18
1
130
3
2
18
1
130
3
2
18
1
130
3
2
18
1
130
3
2
18
1
130
3
2
18
1
130
3
2
18
1
130
3
2
18
1
130
3
2
18
1
130
3
2
18
1
130
3
2
18
1
130
3
2
18
1
130
3
2
18
1
130
3
2
18
1
130
3
2
18
1
130
3
2
18
1
130
3
2
18
1
130
3
2
18
1
130
3
2
18
1
130
3
2
18
1
130
3
2
18
1
130
3
2
18
1
130
3
2
18
1
130
3
2
18
1
130
3
2
18
1
130
3
2
18
1
130
3
2
18
1
130
3
2
18
1
130
3
2
18
1
130
3
2
18
1
130
3
2
18
1
130
3
2
18
1
130
3
2
18
1
130