35
30
0
1
8
35
30
0
1
8
35
30
0
1
8
35
30
0
1
8
35
30
0
1
8
35
30
0
1
8
35
30
0
1
8
35
30
0
1
8
35
30
0
1
8
35
30
0
1
8
35
30
0
1
8
35
30
0
1
8
35
30
0
1
8
35
30
0
1
8
35
30
0
1
8
35
30
0
1
8
35
30
0
1
8
35
30
0
1
8
35
30
0
1
8
35
30
0
1
8
35
30
0
1
8
35
30
0
1
8
35
30
0
1
8
35
30
0
1
8
35
30
0
1
8
35
30
0
1
8
35
30
0
1
8
35
30
0
1
8
35
30
0
1
8
35
30
0
1
8
35
30
0
1
8
35
30
0
1
8
35
30
0
1
8
35
30
0
1
8
35
30
0
1
8
35
30
0
1
8
35
30
0
1
8
35
30
0
1
8
35
30
0
1
8
35
30
0
1
8
35
30
0
1
8
35
30
0
1
8
35
30
0
1
8
35
30
0
1
8
35
30
0
1
8
35
30
0
1
8
35
30
0
1
8
35
30
0
1
8
35
30
0
1
8
35
30
0
1
8