1
2
4
35
30
1
2
4
35
30
1
2
4
35
30
1
2
4
35
30
1
2
4
35
30
1
2
4
35
30
1
2
4
35
30
1
2
4
35
30
1
2
4
35
30
1
2
4
35
30
1
2
4
35
30
1
2
4
35
30
1
2
4
35
30
1
2
4
35
30
1
2
4
35
30
1
2
4
35
30
1
2
4
35
30
1
2
4
35
30
1
2
4
35
30
1
2
4
35
30
1
2
4
35
30
1
2
4
35
30
1
2
4
35
30
1
2
4
35
30
1
2
4
35
30
1
2
4
35
30
1
2
4
35
30
1
2
4
35
30
1
2
4
35
30
1
2
4
35
30
1
2
4
35
30
1
2
4
35
30
1
2
4
35
30
1
2
4
35
30
1
2
4
35
30
1
2
4
35
30
1
2
4
35
30
1
2
4
35
30
1
2
4
35
30
1
2
4
35
30
1
2
4
35
30
1
2
4
35
30
1
2
4
35
30
1
2
4
35
30
1
2
4
35
30
1
2
4
35
30
1
2
4
35
30
1
2
4
35
30
1
2
4
35
30
1
2
4
35
30