5
23
18
67
25
5
23
18
67
25
5
23
18
67
25
5
23
18
67
25
5
23
18
67
25
5
23
18
67
25
5
23
18
67
25
5
23
18
67
25
5
23
18
67
25
5
23
18
67
25
5
23
18
67
25
5
23
18
67
25
5
23
18
67
25
5
23
18
67
25
5
23
18
67
25
5
23
18
67
25
5
23
18
67
25
5
23
18
67
25
5
23
18
67
25
5
23
18
67
25
5
23
18
67
25
5
23
18
67
25
5
23
18
67
25
5
23
18
67
25
5
23
18
67
25
5
23
18
67
25
5
23
18
67
25
5
23
18
67
25
5
23
18
67
25
5
23
18
67
25
5
23
18
67
25
5
23
18
67
25
5
23
18
67
25
5
23
18
67
25
5
23
18
67
25
5
23
18
67
25
5
23
18
67
25
5
23
18
67
25
5
23
18
67
25
5
23
18
67
25
5
23
18
67
25
5
23
18
67
25
5
23
18
67
25
5
23
18
67
25
5
23
18
67
25
5
23
18
67
25
5
23
18
67
25
5
23
18
67
25
5
23
18
67
25
5
23
18
67
25