25
29
5
83
23
25
29
5
83
23
25
29
5
83
23
25
29
5
83
23
25
29
5
83
23
25
29
5
83
23
25
29
5
83
23
25
29
5
83
23
25
29
5
83
23
25
29
5
83
23
25
29
5
83
23
25
29
5
83
23
25
29
5
83
23
25
29
5
83
23
25
29
5
83
23
25
29
5
83
23
25
29
5
83
23
25
29
5
83
23
25
29
5
83
23
25
29
5
83
23
25
29
5
83
23
25
29
5
83
23
25
29
5
83
23
25
29
5
83
23
25
29
5
83
23
25
29
5
83
23
25
29
5
83
23
25
29
5
83
23
25
29
5
83
23
25
29
5
83
23
25
29
5
83
23
25
29
5
83
23
25
29
5
83
23
25
29
5
83
23
25
29
5
83
23
25
29
5
83
23
25
29
5
83
23
25
29
5
83
23
25
29
5
83
23
25
29
5
83
23
25
29
5
83
23
25
29
5
83
23
25
29
5
83
23
25
29
5
83
23
25
29
5
83
23
25
29
5
83
23
25
29
5
83
23
25
29
5
83
23
25
29
5
83
23
25
29
5
83
23