25
18
67
30
83
25
18
67
30
83
25
18
67
30
83
25
18
67
30
83
25
18
67
30
83
25
18
67
30
83
25
18
67
30
83
25
18
67
30
83
25
18
67
30
83
25
18
67
30
83
25
18
67
30
83
25
18
67
30
83
25
18
67
30
83
25
18
67
30
83
25
18
67
30
83
25
18
67
30
83
25
18
67
30
83
25
18
67
30
83
25
18
67
30
83
25
18
67
30
83
25
18
67
30
83
25
18
67
30
83
25
18
67
30
83
25
18
67
30
83
25
18
67
30
83
25
18
67
30
83
25
18
67
30
83
25
18
67
30
83
25
18
67
30
83
25
18
67
30
83
25
18
67
30
83
25
18
67
30
83
25
18
67
30
83
25
18
67
30
83
25
18
67
30
83
25
18
67
30
83
25
18
67
30
83
25
18
67
30
83
25
18
67
30
83
25
18
67
30
83
25
18
67
30
83
25
18
67
30
83
25
18
67
30
83
25
18
67
30
83
25
18
67
30
83
25
18
67
30
83
25
18
67
30
83
25
18
67
30
83
25
18
67
30
83
25
18
67
30
83