5
30
18
29
23
5
30
18
29
23
5
30
18
29
23
5
30
18
29
23
5
30
18
29
23
5
30
18
29
23
5
30
18
29
23
5
30
18
29
23
5
30
18
29
23
5
30
18
29
23
5
30
18
29
23
5
30
18
29
23
5
30
18
29
23
5
30
18
29
23
5
30
18
29
23
5
30
18
29
23
5
30
18
29
23
5
30
18
29
23
5
30
18
29
23
5
30
18
29
23
5
30
18
29
23
5
30
18
29
23
5
30
18
29
23
5
30
18
29
23
5
30
18
29
23
5
30
18
29
23
5
30
18
29
23
5
30
18
29
23
5
30
18
29
23
5
30
18
29
23
5
30
18
29
23
5
30
18
29
23
5
30
18
29
23
5
30
18
29
23
5
30
18
29
23
5
30
18
29
23
5
30
18
29
23
5
30
18
29
23
5
30
18
29
23
5
30
18
29
23
5
30
18
29
23
5
30
18
29
23
5
30
18
29
23
5
30
18
29
23
5
30
18
29
23
5
30
18
29
23
5
30
18
29
23
5
30
18
29
23
5
30
18
29
23
5
30
18
29
23