5
83
29
67
25
5
83
29
67
25
5
83
29
67
25
5
83
29
67
25
5
83
29
67
25
5
83
29
67
25
5
83
29
67
25
5
83
29
67
25
5
83
29
67
25
5
83
29
67
25
5
83
29
67
25
5
83
29
67
25
5
83
29
67
25
5
83
29
67
25
5
83
29
67
25
5
83
29
67
25
5
83
29
67
25
5
83
29
67
25
5
83
29
67
25
5
83
29
67
25
5
83
29
67
25
5
83
29
67
25
5
83
29
67
25
5
83
29
67
25
5
83
29
67
25
5
83
29
67
25
5
83
29
67
25
5
83
29
67
25
5
83
29
67
25
5
83
29
67
25
5
83
29
67
25
5
83
29
67
25
5
83
29
67
25
5
83
29
67
25
5
83
29
67
25
5
83
29
67
25
5
83
29
67
25
5
83
29
67
25
5
83
29
67
25
5
83
29
67
25
5
83
29
67
25
5
83
29
67
25
5
83
29
67
25
5
83
29
67
25
5
83
29
67
25
5
83
29
67
25
5
83
29
67
25
5
83
29
67
25
5
83
29
67
25
5
83
29
67
25