25
23
83
5
67
25
23
83
5
67
25
23
83
5
67
25
23
83
5
67
25
23
83
5
67
25
23
83
5
67
25
23
83
5
67
25
23
83
5
67
25
23
83
5
67
25
23
83
5
67
25
23
83
5
67
25
23
83
5
67
25
23
83
5
67
25
23
83
5
67
25
23
83
5
67
25
23
83
5
67
25
23
83
5
67
25
23
83
5
67
25
23
83
5
67
25
23
83
5
67
25
23
83
5
67
25
23
83
5
67
25
23
83
5
67
25
23
83
5
67
25
23
83
5
67
25
23
83
5
67
25
23
83
5
67
25
23
83
5
67
25
23
83
5
67
25
23
83
5
67
25
23
83
5
67
25
23
83
5
67
25
23
83
5
67
25
23
83
5
67
25
23
83
5
67
25
23
83
5
67
25
23
83
5
67
25
23
83
5
67
25
23
83
5
67
25
23
83
5
67
25
23
83
5
67
25
23
83
5
67
25
23
83
5
67
25
23
83
5
67
25
23
83
5
67
25
23
83
5
67
25
23
83
5
67
25
23
83
5
67
25
23
83
5
67
25
23
83
5
67