18
67
23
5
83
18
67
23
5
83
18
67
23
5
83
18
67
23
5
83
18
67
23
5
83
18
67
23
5
83
18
67
23
5
83
18
67
23
5
83
18
67
23
5
83
18
67
23
5
83
18
67
23
5
83
18
67
23
5
83
18
67
23
5
83
18
67
23
5
83
18
67
23
5
83
18
67
23
5
83
18
67
23
5
83
18
67
23
5
83
18
67
23
5
83
18
67
23
5
83
18
67
23
5
83
18
67
23
5
83
18
67
23
5
83
18
67
23
5
83
18
67
23
5
83
18
67
23
5
83
18
67
23
5
83
18
67
23
5
83
18
67
23
5
83
18
67
23
5
83
18
67
23
5
83
18
67
23
5
83
18
67
23
5
83
18
67
23
5
83
18
67
23
5
83
18
67
23
5
83
18
67
23
5
83
18
67
23
5
83
18
67
23
5
83
18
67
23
5
83
18
67
23
5
83
18
67
23
5
83
18
67
23
5
83
18
67
23
5
83
18
67
23
5
83
18
67
23
5
83
18
67
23
5
83
18
67
23
5
83
18
67
23
5
83
18
67
23
5
83