67
30
83
5
29
67
30
83
5
29
67
30
83
5
29
67
30
83
5
29
67
30
83
5
29
67
30
83
5
29
67
30
83
5
29
67
30
83
5
29
67
30
83
5
29
67
30
83
5
29
67
30
83
5
29
67
30
83
5
29
67
30
83
5
29
67
30
83
5
29
67
30
83
5
29
67
30
83
5
29
67
30
83
5
29
67
30
83
5
29
67
30
83
5
29
67
30
83
5
29
67
30
83
5
29
67
30
83
5
29
67
30
83
5
29
67
30
83
5
29
67
30
83
5
29
67
30
83
5
29
67
30
83
5
29
67
30
83
5
29
67
30
83
5
29
67
30
83
5
29
67
30
83
5
29
67
30
83
5
29
67
30
83
5
29
67
30
83
5
29
67
30
83
5
29
67
30
83
5
29
67
30
83
5
29
67
30
83
5
29
67
30
83
5
29
67
30
83
5
29
67
30
83
5
29
67
30
83
5
29
67
30
83
5
29
67
30
83
5
29
67
30
83
5
29
67
30
83
5
29
67
30
83
5
29
67
30
83
5
29
67
30
83
5
29
67
30
83
5
29