67
30
18
83
25
67
30
18
83
25
67
30
18
83
25
67
30
18
83
25
67
30
18
83
25
67
30
18
83
25
67
30
18
83
25
67
30
18
83
25
67
30
18
83
25
67
30
18
83
25
67
30
18
83
25
67
30
18
83
25
67
30
18
83
25
67
30
18
83
25
67
30
18
83
25
67
30
18
83
25
67
30
18
83
25
67
30
18
83
25
67
30
18
83
25
67
30
18
83
25
67
30
18
83
25
67
30
18
83
25
67
30
18
83
25
67
30
18
83
25
67
30
18
83
25
67
30
18
83
25
67
30
18
83
25
67
30
18
83
25
67
30
18
83
25
67
30
18
83
25
67
30
18
83
25
67
30
18
83
25
67
30
18
83
25
67
30
18
83
25
67
30
18
83
25
67
30
18
83
25
67
30
18
83
25
67
30
18
83
25
67
30
18
83
25
67
30
18
83
25
67
30
18
83
25
67
30
18
83
25
67
30
18
83
25
67
30
18
83
25
67
30
18
83
25
67
30
18
83
25
67
30
18
83
25
67
30
18
83
25
67
30
18
83
25
67
30
18
83
25