5
18
25
23
67
5
18
25
23
67
5
18
25
23
67
5
18
25
23
67
5
18
25
23
67
5
18
25
23
67
5
18
25
23
67
5
18
25
23
67
5
18
25
23
67
5
18
25
23
67
5
18
25
23
67
5
18
25
23
67
5
18
25
23
67
5
18
25
23
67
5
18
25
23
67
5
18
25
23
67
5
18
25
23
67
5
18
25
23
67
5
18
25
23
67
5
18
25
23
67
5
18
25
23
67
5
18
25
23
67
5
18
25
23
67
5
18
25
23
67
5
18
25
23
67
5
18
25
23
67
5
18
25
23
67
5
18
25
23
67
5
18
25
23
67
5
18
25
23
67
5
18
25
23
67
5
18
25
23
67
5
18
25
23
67
5
18
25
23
67
5
18
25
23
67
5
18
25
23
67
5
18
25
23
67
5
18
25
23
67
5
18
25
23
67
5
18
25
23
67
5
18
25
23
67
5
18
25
23
67
5
18
25
23
67
5
18
25
23
67
5
18
25
23
67
5
18
25
23
67
5
18
25
23
67
5
18
25
23
67
5
18
25
23
67
5
18
25
23
67