67
18
25
83
5
67
18
25
83
5
67
18
25
83
5
67
18
25
83
5
67
18
25
83
5
67
18
25
83
5
67
18
25
83
5
67
18
25
83
5
67
18
25
83
5
67
18
25
83
5
67
18
25
83
5
67
18
25
83
5
67
18
25
83
5
67
18
25
83
5
67
18
25
83
5
67
18
25
83
5
67
18
25
83
5
67
18
25
83
5
67
18
25
83
5
67
18
25
83
5
67
18
25
83
5
67
18
25
83
5
67
18
25
83
5
67
18
25
83
5
67
18
25
83
5
67
18
25
83
5
67
18
25
83
5
67
18
25
83
5
67
18
25
83
5
67
18
25
83
5
67
18
25
83
5
67
18
25
83
5
67
18
25
83
5
67
18
25
83
5
67
18
25
83
5
67
18
25
83
5
67
18
25
83
5
67
18
25
83
5
67
18
25
83
5
67
18
25
83
5
67
18
25
83
5
67
18
25
83
5
67
18
25
83
5
67
18
25
83
5
67
18
25
83
5
67
18
25
83
5
67
18
25
83
5
67
18
25
83
5
67
18
25
83
5
67
18
25
83
5