25
5
18
23
29
25
5
18
23
29
25
5
18
23
29
25
5
18
23
29
25
5
18
23
29
25
5
18
23
29
25
5
18
23
29
25
5
18
23
29
25
5
18
23
29
25
5
18
23
29
25
5
18
23
29
25
5
18
23
29
25
5
18
23
29
25
5
18
23
29
25
5
18
23
29
25
5
18
23
29
25
5
18
23
29
25
5
18
23
29
25
5
18
23
29
25
5
18
23
29
25
5
18
23
29
25
5
18
23
29
25
5
18
23
29
25
5
18
23
29
25
5
18
23
29
25
5
18
23
29
25
5
18
23
29
25
5
18
23
29
25
5
18
23
29
25
5
18
23
29
25
5
18
23
29
25
5
18
23
29
25
5
18
23
29
25
5
18
23
29
25
5
18
23
29
25
5
18
23
29
25
5
18
23
29
25
5
18
23
29
25
5
18
23
29
25
5
18
23
29
25
5
18
23
29
25
5
18
23
29
25
5
18
23
29
25
5
18
23
29
25
5
18
23
29
25
5
18
23
29
25
5
18
23
29
25
5
18
23
29
25
5
18
23
29
25
5
18
23
29