30
23
67
25
83
30
23
67
25
83
30
23
67
25
83
30
23
67
25
83
30
23
67
25
83
30
23
67
25
83
30
23
67
25
83
30
23
67
25
83
30
23
67
25
83
30
23
67
25
83
30
23
67
25
83
30
23
67
25
83
30
23
67
25
83
30
23
67
25
83
30
23
67
25
83
30
23
67
25
83
30
23
67
25
83
30
23
67
25
83
30
23
67
25
83
30
23
67
25
83
30
23
67
25
83
30
23
67
25
83
30
23
67
25
83
30
23
67
25
83
30
23
67
25
83
30
23
67
25
83
30
23
67
25
83
30
23
67
25
83
30
23
67
25
83
30
23
67
25
83
30
23
67
25
83
30
23
67
25
83
30
23
67
25
83
30
23
67
25
83
30
23
67
25
83
30
23
67
25
83
30
23
67
25
83
30
23
67
25
83
30
23
67
25
83
30
23
67
25
83
30
23
67
25
83
30
23
67
25
83
30
23
67
25
83
30
23
67
25
83
30
23
67
25
83
30
23
67
25
83
30
23
67
25
83
30
23
67
25
83
30
23
67
25
83
30
23
67
25
83