30
23
18
25
29
30
23
18
25
29
30
23
18
25
29
30
23
18
25
29
30
23
18
25
29
30
23
18
25
29
30
23
18
25
29
30
23
18
25
29
30
23
18
25
29
30
23
18
25
29
30
23
18
25
29
30
23
18
25
29
30
23
18
25
29
30
23
18
25
29
30
23
18
25
29
30
23
18
25
29
30
23
18
25
29
30
23
18
25
29
30
23
18
25
29
30
23
18
25
29
30
23
18
25
29
30
23
18
25
29
30
23
18
25
29
30
23
18
25
29
30
23
18
25
29
30
23
18
25
29
30
23
18
25
29
30
23
18
25
29
30
23
18
25
29
30
23
18
25
29
30
23
18
25
29
30
23
18
25
29
30
23
18
25
29
30
23
18
25
29
30
23
18
25
29
30
23
18
25
29
30
23
18
25
29
30
23
18
25
29
30
23
18
25
29
30
23
18
25
29
30
23
18
25
29
30
23
18
25
29
30
23
18
25
29
30
23
18
25
29
30
23
18
25
29
30
23
18
25
29
30
23
18
25
29
30
23
18
25
29
30
23
18
25
29
30
23
18
25
29