29
30
5
83
67
29
30
5
83
67
29
30
5
83
67
29
30
5
83
67
29
30
5
83
67
29
30
5
83
67
29
30
5
83
67
29
30
5
83
67
29
30
5
83
67
29
30
5
83
67
29
30
5
83
67
29
30
5
83
67
29
30
5
83
67
29
30
5
83
67
29
30
5
83
67
29
30
5
83
67
29
30
5
83
67
29
30
5
83
67
29
30
5
83
67
29
30
5
83
67
29
30
5
83
67
29
30
5
83
67
29
30
5
83
67
29
30
5
83
67
29
30
5
83
67
29
30
5
83
67
29
30
5
83
67
29
30
5
83
67
29
30
5
83
67
29
30
5
83
67
29
30
5
83
67
29
30
5
83
67
29
30
5
83
67
29
30
5
83
67
29
30
5
83
67
29
30
5
83
67
29
30
5
83
67
29
30
5
83
67
29
30
5
83
67
29
30
5
83
67
29
30
5
83
67
29
30
5
83
67
29
30
5
83
67
29
30
5
83
67
29
30
5
83
67
29
30
5
83
67
29
30
5
83
67
29
30
5
83
67
29
30
5
83
67
29
30
5
83
67