30
29
67
25
18
30
29
67
25
18
30
29
67
25
18
30
29
67
25
18
30
29
67
25
18
30
29
67
25
18
30
29
67
25
18
30
29
67
25
18
30
29
67
25
18
30
29
67
25
18
30
29
67
25
18
30
29
67
25
18
30
29
67
25
18
30
29
67
25
18
30
29
67
25
18
30
29
67
25
18
30
29
67
25
18
30
29
67
25
18
30
29
67
25
18
30
29
67
25
18
30
29
67
25
18
30
29
67
25
18
30
29
67
25
18
30
29
67
25
18
30
29
67
25
18
30
29
67
25
18
30
29
67
25
18
30
29
67
25
18
30
29
67
25
18
30
29
67
25
18
30
29
67
25
18
30
29
67
25
18
30
29
67
25
18
30
29
67
25
18
30
29
67
25
18
30
29
67
25
18
30
29
67
25
18
30
29
67
25
18
30
29
67
25
18
30
29
67
25
18
30
29
67
25
18
30
29
67
25
18
30
29
67
25
18
30
29
67
25
18
30
29
67
25
18
30
29
67
25
18
30
29
67
25
18
30
29
67
25
18
30
29
67
25
18
30
29
67
25
18