23
25
83
30
18
23
25
83
30
18
23
25
83
30
18
23
25
83
30
18
23
25
83
30
18
23
25
83
30
18
23
25
83
30
18
23
25
83
30
18
23
25
83
30
18
23
25
83
30
18
23
25
83
30
18
23
25
83
30
18
23
25
83
30
18
23
25
83
30
18
23
25
83
30
18
23
25
83
30
18
23
25
83
30
18
23
25
83
30
18
23
25
83
30
18
23
25
83
30
18
23
25
83
30
18
23
25
83
30
18
23
25
83
30
18
23
25
83
30
18
23
25
83
30
18
23
25
83
30
18
23
25
83
30
18
23
25
83
30
18
23
25
83
30
18
23
25
83
30
18
23
25
83
30
18
23
25
83
30
18
23
25
83
30
18
23
25
83
30
18
23
25
83
30
18
23
25
83
30
18
23
25
83
30
18
23
25
83
30
18
23
25
83
30
18
23
25
83
30
18
23
25
83
30
18
23
25
83
30
18
23
25
83
30
18
23
25
83
30
18
23
25
83
30
18
23
25
83
30
18
23
25
83
30
18
23
25
83
30
18
23
25
83
30
18
23
25
83
30
18