67
18
5
23
29
67
18
5
23
29
67
18
5
23
29
67
18
5
23
29
67
18
5
23
29
67
18
5
23
29
67
18
5
23
29
67
18
5
23
29
67
18
5
23
29
67
18
5
23
29
67
18
5
23
29
67
18
5
23
29
67
18
5
23
29
67
18
5
23
29
67
18
5
23
29
67
18
5
23
29
67
18
5
23
29
67
18
5
23
29
67
18
5
23
29
67
18
5
23
29
67
18
5
23
29
67
18
5
23
29
67
18
5
23
29
67
18
5
23
29
67
18
5
23
29
67
18
5
23
29
67
18
5
23
29
67
18
5
23
29
67
18
5
23
29
67
18
5
23
29
67
18
5
23
29
67
18
5
23
29
67
18
5
23
29
67
18
5
23
29
67
18
5
23
29
67
18
5
23
29
67
18
5
23
29
67
18
5
23
29
67
18
5
23
29
67
18
5
23
29
67
18
5
23
29
67
18
5
23
29
67
18
5
23
29
67
18
5
23
29
67
18
5
23
29
67
18
5
23
29
67
18
5
23
29
67
18
5
23
29
67
18
5
23
29
67
18
5
23
29