23
30
18
5
67
23
30
18
5
67
23
30
18
5
67
23
30
18
5
67
23
30
18
5
67
23
30
18
5
67
23
30
18
5
67
23
30
18
5
67
23
30
18
5
67
23
30
18
5
67
23
30
18
5
67
23
30
18
5
67
23
30
18
5
67
23
30
18
5
67
23
30
18
5
67
23
30
18
5
67
23
30
18
5
67
23
30
18
5
67
23
30
18
5
67
23
30
18
5
67
23
30
18
5
67
23
30
18
5
67
23
30
18
5
67
23
30
18
5
67
23
30
18
5
67
23
30
18
5
67
23
30
18
5
67
23
30
18
5
67
23
30
18
5
67
23
30
18
5
67
23
30
18
5
67
23
30
18
5
67
23
30
18
5
67
23
30
18
5
67
23
30
18
5
67
23
30
18
5
67
23
30
18
5
67
23
30
18
5
67
23
30
18
5
67
23
30
18
5
67
23
30
18
5
67
23
30
18
5
67
23
30
18
5
67
23
30
18
5
67
23
30
18
5
67
23
30
18
5
67
23
30
18
5
67
23
30
18
5
67
23
30
18
5
67
23
30
18
5
67