83
29
23
18
25
83
29
23
18
25
83
29
23
18
25
83
29
23
18
25
83
29
23
18
25
83
29
23
18
25
83
29
23
18
25
83
29
23
18
25
83
29
23
18
25
83
29
23
18
25
83
29
23
18
25
83
29
23
18
25
83
29
23
18
25
83
29
23
18
25
83
29
23
18
25
83
29
23
18
25
83
29
23
18
25
83
29
23
18
25
83
29
23
18
25
83
29
23
18
25
83
29
23
18
25
83
29
23
18
25
83
29
23
18
25
83
29
23
18
25
83
29
23
18
25
83
29
23
18
25
83
29
23
18
25
83
29
23
18
25
83
29
23
18
25
83
29
23
18
25
83
29
23
18
25
83
29
23
18
25
83
29
23
18
25
83
29
23
18
25
83
29
23
18
25
83
29
23
18
25
83
29
23
18
25
83
29
23
18
25
83
29
23
18
25
83
29
23
18
25
83
29
23
18
25
83
29
23
18
25
83
29
23
18
25
83
29
23
18
25
83
29
23
18
25
83
29
23
18
25
83
29
23
18
25
83
29
23
18
25
83
29
23
18
25
83
29
23
18
25