67
30
29
83
25
67
30
29
83
25
67
30
29
83
25
67
30
29
83
25
67
30
29
83
25
67
30
29
83
25
67
30
29
83
25
67
30
29
83
25
67
30
29
83
25
67
30
29
83
25
67
30
29
83
25
67
30
29
83
25
67
30
29
83
25
67
30
29
83
25
67
30
29
83
25
67
30
29
83
25
67
30
29
83
25
67
30
29
83
25
67
30
29
83
25
67
30
29
83
25
67
30
29
83
25
67
30
29
83
25
67
30
29
83
25
67
30
29
83
25
67
30
29
83
25
67
30
29
83
25
67
30
29
83
25
67
30
29
83
25
67
30
29
83
25
67
30
29
83
25
67
30
29
83
25
67
30
29
83
25
67
30
29
83
25
67
30
29
83
25
67
30
29
83
25
67
30
29
83
25
67
30
29
83
25
67
30
29
83
25
67
30
29
83
25
67
30
29
83
25
67
30
29
83
25
67
30
29
83
25
67
30
29
83
25
67
30
29
83
25
67
30
29
83
25
67
30
29
83
25
67
30
29
83
25
67
30
29
83
25
67
30
29
83
25
67
30
29
83
25