18
29
23
83
5
18
29
23
83
5
18
29
23
83
5
18
29
23
83
5
18
29
23
83
5
18
29
23
83
5
18
29
23
83
5
18
29
23
83
5
18
29
23
83
5
18
29
23
83
5
18
29
23
83
5
18
29
23
83
5
18
29
23
83
5
18
29
23
83
5
18
29
23
83
5
18
29
23
83
5
18
29
23
83
5
18
29
23
83
5
18
29
23
83
5
18
29
23
83
5
18
29
23
83
5
18
29
23
83
5
18
29
23
83
5
18
29
23
83
5
18
29
23
83
5
18
29
23
83
5
18
29
23
83
5
18
29
23
83
5
18
29
23
83
5
18
29
23
83
5
18
29
23
83
5
18
29
23
83
5
18
29
23
83
5
18
29
23
83
5
18
29
23
83
5
18
29
23
83
5
18
29
23
83
5
18
29
23
83
5
18
29
23
83
5
18
29
23
83
5
18
29
23
83
5
18
29
23
83
5
18
29
23
83
5
18
29
23
83
5
18
29
23
83
5
18
29
23
83
5
18
29
23
83
5
18
29
23
83
5
18
29
23
83
5
18
29
23
83
5