67
83
5
23
25
67
83
5
23
25
67
83
5
23
25
67
83
5
23
25
67
83
5
23
25
67
83
5
23
25
67
83
5
23
25
67
83
5
23
25
67
83
5
23
25
67
83
5
23
25
67
83
5
23
25
67
83
5
23
25
67
83
5
23
25
67
83
5
23
25
67
83
5
23
25
67
83
5
23
25
67
83
5
23
25
67
83
5
23
25
67
83
5
23
25
67
83
5
23
25
67
83
5
23
25
67
83
5
23
25
67
83
5
23
25
67
83
5
23
25
67
83
5
23
25
67
83
5
23
25
67
83
5
23
25
67
83
5
23
25
67
83
5
23
25
67
83
5
23
25
67
83
5
23
25
67
83
5
23
25
67
83
5
23
25
67
83
5
23
25
67
83
5
23
25
67
83
5
23
25
67
83
5
23
25
67
83
5
23
25
67
83
5
23
25
67
83
5
23
25
67
83
5
23
25
67
83
5
23
25
67
83
5
23
25
67
83
5
23
25
67
83
5
23
25
67
83
5
23
25
67
83
5
23
25
67
83
5
23
25
67
83
5
23
25
67
83
5
23
25