29
23
83
5
67
29
23
83
5
67
29
23
83
5
67
29
23
83
5
67
29
23
83
5
67
29
23
83
5
67
29
23
83
5
67
29
23
83
5
67
29
23
83
5
67
29
23
83
5
67
29
23
83
5
67
29
23
83
5
67
29
23
83
5
67
29
23
83
5
67
29
23
83
5
67
29
23
83
5
67
29
23
83
5
67
29
23
83
5
67
29
23
83
5
67
29
23
83
5
67
29
23
83
5
67
29
23
83
5
67
29
23
83
5
67
29
23
83
5
67
29
23
83
5
67
29
23
83
5
67
29
23
83
5
67
29
23
83
5
67
29
23
83
5
67
29
23
83
5
67
29
23
83
5
67
29
23
83
5
67
29
23
83
5
67
29
23
83
5
67
29
23
83
5
67
29
23
83
5
67
29
23
83
5
67
29
23
83
5
67
29
23
83
5
67
29
23
83
5
67
29
23
83
5
67
29
23
83
5
67
29
23
83
5
67
29
23
83
5
67
29
23
83
5
67
29
23
83
5
67
29
23
83
5
67
29
23
83
5
67
29
23
83
5
67
29
23
83
5
67