25
23
67
29
18
25
23
67
29
18
25
23
67
29
18
25
23
67
29
18
25
23
67
29
18
25
23
67
29
18
25
23
67
29
18
25
23
67
29
18
25
23
67
29
18
25
23
67
29
18
25
23
67
29
18
25
23
67
29
18
25
23
67
29
18
25
23
67
29
18
25
23
67
29
18
25
23
67
29
18
25
23
67
29
18
25
23
67
29
18
25
23
67
29
18
25
23
67
29
18
25
23
67
29
18
25
23
67
29
18
25
23
67
29
18
25
23
67
29
18
25
23
67
29
18
25
23
67
29
18
25
23
67
29
18
25
23
67
29
18
25
23
67
29
18
25
23
67
29
18
25
23
67
29
18
25
23
67
29
18
25
23
67
29
18
25
23
67
29
18
25
23
67
29
18
25
23
67
29
18
25
23
67
29
18
25
23
67
29
18
25
23
67
29
18
25
23
67
29
18
25
23
67
29
18
25
23
67
29
18
25
23
67
29
18
25
23
67
29
18
25
23
67
29
18
25
23
67
29
18
25
23
67
29
18
25
23
67
29
18
25
23
67
29
18
25
23
67
29
18