67
23
25
83
29
67
23
25
83
29
67
23
25
83
29
67
23
25
83
29
67
23
25
83
29
67
23
25
83
29
67
23
25
83
29
67
23
25
83
29
67
23
25
83
29
67
23
25
83
29
67
23
25
83
29
67
23
25
83
29
67
23
25
83
29
67
23
25
83
29
67
23
25
83
29
67
23
25
83
29
67
23
25
83
29
67
23
25
83
29
67
23
25
83
29
67
23
25
83
29
67
23
25
83
29
67
23
25
83
29
67
23
25
83
29
67
23
25
83
29
67
23
25
83
29
67
23
25
83
29
67
23
25
83
29
67
23
25
83
29
67
23
25
83
29
67
23
25
83
29
67
23
25
83
29
67
23
25
83
29
67
23
25
83
29
67
23
25
83
29
67
23
25
83
29
67
23
25
83
29
67
23
25
83
29
67
23
25
83
29
67
23
25
83
29
67
23
25
83
29
67
23
25
83
29
67
23
25
83
29
67
23
25
83
29
67
23
25
83
29
67
23
25
83
29
67
23
25
83
29
67
23
25
83
29
67
23
25
83
29
67
23
25
83
29
67
23
25
83
29