18
83
30
5
29
18
83
30
5
29
18
83
30
5
29
18
83
30
5
29
18
83
30
5
29
18
83
30
5
29
18
83
30
5
29
18
83
30
5
29
18
83
30
5
29
18
83
30
5
29
18
83
30
5
29
18
83
30
5
29
18
83
30
5
29
18
83
30
5
29
18
83
30
5
29
18
83
30
5
29
18
83
30
5
29
18
83
30
5
29
18
83
30
5
29
18
83
30
5
29
18
83
30
5
29
18
83
30
5
29
18
83
30
5
29
18
83
30
5
29
18
83
30
5
29
18
83
30
5
29
18
83
30
5
29
18
83
30
5
29
18
83
30
5
29
18
83
30
5
29
18
83
30
5
29
18
83
30
5
29
18
83
30
5
29
18
83
30
5
29
18
83
30
5
29
18
83
30
5
29
18
83
30
5
29
18
83
30
5
29
18
83
30
5
29
18
83
30
5
29
18
83
30
5
29
18
83
30
5
29
18
83
30
5
29
18
83
30
5
29
18
83
30
5
29
18
83
30
5
29
18
83
30
5
29
18
83
30
5
29
18
83
30
5
29
18
83
30
5
29