25
83
5
18
23
25
83
5
18
23
25
83
5
18
23
25
83
5
18
23
25
83
5
18
23
25
83
5
18
23
25
83
5
18
23
25
83
5
18
23
25
83
5
18
23
25
83
5
18
23
25
83
5
18
23
25
83
5
18
23
25
83
5
18
23
25
83
5
18
23
25
83
5
18
23
25
83
5
18
23
25
83
5
18
23
25
83
5
18
23
25
83
5
18
23
25
83
5
18
23
25
83
5
18
23
25
83
5
18
23
25
83
5
18
23
25
83
5
18
23
25
83
5
18
23
25
83
5
18
23
25
83
5
18
23
25
83
5
18
23
25
83
5
18
23
25
83
5
18
23
25
83
5
18
23
25
83
5
18
23
25
83
5
18
23
25
83
5
18
23
25
83
5
18
23
25
83
5
18
23
25
83
5
18
23
25
83
5
18
23
25
83
5
18
23
25
83
5
18
23
25
83
5
18
23
25
83
5
18
23
25
83
5
18
23
25
83
5
18
23
25
83
5
18
23
25
83
5
18
23
25
83
5
18
23
25
83
5
18
23
25
83
5
18
23
25
83
5
18
23