25
5
29
23
18
25
5
29
23
18
25
5
29
23
18
25
5
29
23
18
25
5
29
23
18
25
5
29
23
18
25
5
29
23
18
25
5
29
23
18
25
5
29
23
18
25
5
29
23
18
25
5
29
23
18
25
5
29
23
18
25
5
29
23
18
25
5
29
23
18
25
5
29
23
18
25
5
29
23
18
25
5
29
23
18
25
5
29
23
18
25
5
29
23
18
25
5
29
23
18
25
5
29
23
18
25
5
29
23
18
25
5
29
23
18
25
5
29
23
18
25
5
29
23
18
25
5
29
23
18
25
5
29
23
18
25
5
29
23
18
25
5
29
23
18
25
5
29
23
18
25
5
29
23
18
25
5
29
23
18
25
5
29
23
18
25
5
29
23
18
25
5
29
23
18
25
5
29
23
18
25
5
29
23
18
25
5
29
23
18
25
5
29
23
18
25
5
29
23
18
25
5
29
23
18
25
5
29
23
18
25
5
29
23
18
25
5
29
23
18
25
5
29
23
18
25
5
29
23
18
25
5
29
23
18
25
5
29
23
18
25
5
29
23
18
25
5
29
23
18