18
23
25
30
67
18
23
25
30
67
18
23
25
30
67
18
23
25
30
67
18
23
25
30
67
18
23
25
30
67
18
23
25
30
67
18
23
25
30
67
18
23
25
30
67
18
23
25
30
67
18
23
25
30
67
18
23
25
30
67
18
23
25
30
67
18
23
25
30
67
18
23
25
30
67
18
23
25
30
67
18
23
25
30
67
18
23
25
30
67
18
23
25
30
67
18
23
25
30
67
18
23
25
30
67
18
23
25
30
67
18
23
25
30
67
18
23
25
30
67
18
23
25
30
67
18
23
25
30
67
18
23
25
30
67
18
23
25
30
67
18
23
25
30
67
18
23
25
30
67
18
23
25
30
67
18
23
25
30
67
18
23
25
30
67
18
23
25
30
67
18
23
25
30
67
18
23
25
30
67
18
23
25
30
67
18
23
25
30
67
18
23
25
30
67
18
23
25
30
67
18
23
25
30
67
18
23
25
30
67
18
23
25
30
67
18
23
25
30
67
18
23
25
30
67
18
23
25
30
67
18
23
25
30
67
18
23
25
30
67
18
23
25
30
67
18
23
25
30
67