18
83
29
67
5
18
83
29
67
5
18
83
29
67
5
18
83
29
67
5
18
83
29
67
5
18
83
29
67
5
18
83
29
67
5
18
83
29
67
5
18
83
29
67
5
18
83
29
67
5
18
83
29
67
5
18
83
29
67
5
18
83
29
67
5
18
83
29
67
5
18
83
29
67
5
18
83
29
67
5
18
83
29
67
5
18
83
29
67
5
18
83
29
67
5
18
83
29
67
5
18
83
29
67
5
18
83
29
67
5
18
83
29
67
5
18
83
29
67
5
18
83
29
67
5
18
83
29
67
5
18
83
29
67
5
18
83
29
67
5
18
83
29
67
5
18
83
29
67
5
18
83
29
67
5
18
83
29
67
5
18
83
29
67
5
18
83
29
67
5
18
83
29
67
5
18
83
29
67
5
18
83
29
67
5
18
83
29
67
5
18
83
29
67
5
18
83
29
67
5
18
83
29
67
5
18
83
29
67
5
18
83
29
67
5
18
83
29
67
5
18
83
29
67
5
18
83
29
67
5
18
83
29
67
5
18
83
29
67
5
18
83
29
67
5
18
83
29
67
5