25
67
23
29
83
25
67
23
29
83
25
67
23
29
83
25
67
23
29
83
25
67
23
29
83
25
67
23
29
83
25
67
23
29
83
25
67
23
29
83
25
67
23
29
83
25
67
23
29
83
25
67
23
29
83
25
67
23
29
83
25
67
23
29
83
25
67
23
29
83
25
67
23
29
83
25
67
23
29
83
25
67
23
29
83
25
67
23
29
83
25
67
23
29
83
25
67
23
29
83
25
67
23
29
83
25
67
23
29
83
25
67
23
29
83
25
67
23
29
83
25
67
23
29
83
25
67
23
29
83
25
67
23
29
83
25
67
23
29
83
25
67
23
29
83
25
67
23
29
83
25
67
23
29
83
25
67
23
29
83
25
67
23
29
83
25
67
23
29
83
25
67
23
29
83
25
67
23
29
83
25
67
23
29
83
25
67
23
29
83
25
67
23
29
83
25
67
23
29
83
25
67
23
29
83
25
67
23
29
83
25
67
23
29
83
25
67
23
29
83
25
67
23
29
83
25
67
23
29
83
25
67
23
29
83
25
67
23
29
83
25
67
23
29
83
25
67
23
29
83