23
29
25
18
67
23
29
25
18
67
23
29
25
18
67
23
29
25
18
67
23
29
25
18
67
23
29
25
18
67
23
29
25
18
67
23
29
25
18
67
23
29
25
18
67
23
29
25
18
67
23
29
25
18
67
23
29
25
18
67
23
29
25
18
67
23
29
25
18
67
23
29
25
18
67
23
29
25
18
67
23
29
25
18
67
23
29
25
18
67
23
29
25
18
67
23
29
25
18
67
23
29
25
18
67
23
29
25
18
67
23
29
25
18
67
23
29
25
18
67
23
29
25
18
67
23
29
25
18
67
23
29
25
18
67
23
29
25
18
67
23
29
25
18
67
23
29
25
18
67
23
29
25
18
67
23
29
25
18
67
23
29
25
18
67
23
29
25
18
67
23
29
25
18
67
23
29
25
18
67
23
29
25
18
67
23
29
25
18
67
23
29
25
18
67
23
29
25
18
67
23
29
25
18
67
23
29
25
18
67
23
29
25
18
67
23
29
25
18
67
23
29
25
18
67
23
29
25
18
67
23
29
25
18
67
23
29
25
18
67
23
29
25
18
67
23
29
25
18
67