67
30
5
25
83
67
30
5
25
83
67
30
5
25
83
67
30
5
25
83
67
30
5
25
83
67
30
5
25
83
67
30
5
25
83
67
30
5
25
83
67
30
5
25
83
67
30
5
25
83
67
30
5
25
83
67
30
5
25
83
67
30
5
25
83
67
30
5
25
83
67
30
5
25
83
67
30
5
25
83
67
30
5
25
83
67
30
5
25
83
67
30
5
25
83
67
30
5
25
83
67
30
5
25
83
67
30
5
25
83
67
30
5
25
83
67
30
5
25
83
67
30
5
25
83
67
30
5
25
83
67
30
5
25
83
67
30
5
25
83
67
30
5
25
83
67
30
5
25
83
67
30
5
25
83
67
30
5
25
83
67
30
5
25
83
67
30
5
25
83
67
30
5
25
83
67
30
5
25
83
67
30
5
25
83
67
30
5
25
83
67
30
5
25
83
67
30
5
25
83
67
30
5
25
83
67
30
5
25
83
67
30
5
25
83
67
30
5
25
83
67
30
5
25
83
67
30
5
25
83
67
30
5
25
83
67
30
5
25
83
67
30
5
25
83
67
30
5
25
83