67
83
30
5
18
67
83
30
5
18
67
83
30
5
18
67
83
30
5
18
67
83
30
5
18
67
83
30
5
18
67
83
30
5
18
67
83
30
5
18
67
83
30
5
18
67
83
30
5
18
67
83
30
5
18
67
83
30
5
18
67
83
30
5
18
67
83
30
5
18
67
83
30
5
18
67
83
30
5
18
67
83
30
5
18
67
83
30
5
18
67
83
30
5
18
67
83
30
5
18
67
83
30
5
18
67
83
30
5
18
67
83
30
5
18
67
83
30
5
18
67
83
30
5
18
67
83
30
5
18
67
83
30
5
18
67
83
30
5
18
67
83
30
5
18
67
83
30
5
18
67
83
30
5
18
67
83
30
5
18
67
83
30
5
18
67
83
30
5
18
67
83
30
5
18
67
83
30
5
18
67
83
30
5
18
67
83
30
5
18
67
83
30
5
18
67
83
30
5
18
67
83
30
5
18
67
83
30
5
18
67
83
30
5
18
67
83
30
5
18
67
83
30
5
18
67
83
30
5
18
67
83
30
5
18
67
83
30
5
18
67
83
30
5
18
67
83
30
5
18