23
29
83
25
5
23
29
83
25
5
23
29
83
25
5
23
29
83
25
5
23
29
83
25
5
23
29
83
25
5
23
29
83
25
5
23
29
83
25
5
23
29
83
25
5
23
29
83
25
5
23
29
83
25
5
23
29
83
25
5
23
29
83
25
5
23
29
83
25
5
23
29
83
25
5
23
29
83
25
5
23
29
83
25
5
23
29
83
25
5
23
29
83
25
5
23
29
83
25
5
23
29
83
25
5
23
29
83
25
5
23
29
83
25
5
23
29
83
25
5
23
29
83
25
5
23
29
83
25
5
23
29
83
25
5
23
29
83
25
5
23
29
83
25
5
23
29
83
25
5
23
29
83
25
5
23
29
83
25
5
23
29
83
25
5
23
29
83
25
5
23
29
83
25
5
23
29
83
25
5
23
29
83
25
5
23
29
83
25
5
23
29
83
25
5
23
29
83
25
5
23
29
83
25
5
23
29
83
25
5
23
29
83
25
5
23
29
83
25
5
23
29
83
25
5
23
29
83
25
5
23
29
83
25
5
23
29
83
25
5
23
29
83
25
5
23
29
83
25
5