30
23
5
67
25
30
23
5
67
25
30
23
5
67
25
30
23
5
67
25
30
23
5
67
25
30
23
5
67
25
30
23
5
67
25
30
23
5
67
25
30
23
5
67
25
30
23
5
67
25
30
23
5
67
25
30
23
5
67
25
30
23
5
67
25
30
23
5
67
25
30
23
5
67
25
30
23
5
67
25
30
23
5
67
25
30
23
5
67
25
30
23
5
67
25
30
23
5
67
25
30
23
5
67
25
30
23
5
67
25
30
23
5
67
25
30
23
5
67
25
30
23
5
67
25
30
23
5
67
25
30
23
5
67
25
30
23
5
67
25
30
23
5
67
25
30
23
5
67
25
30
23
5
67
25
30
23
5
67
25
30
23
5
67
25
30
23
5
67
25
30
23
5
67
25
30
23
5
67
25
30
23
5
67
25
30
23
5
67
25
30
23
5
67
25
30
23
5
67
25
30
23
5
67
25
30
23
5
67
25
30
23
5
67
25
30
23
5
67
25
30
23
5
67
25
30
23
5
67
25
30
23
5
67
25
30
23
5
67
25
30
23
5
67
25
30
23
5
67
25