30
18
23
83
5
30
18
23
83
5
30
18
23
83
5
30
18
23
83
5
30
18
23
83
5
30
18
23
83
5
30
18
23
83
5
30
18
23
83
5
30
18
23
83
5
30
18
23
83
5
30
18
23
83
5
30
18
23
83
5
30
18
23
83
5
30
18
23
83
5
30
18
23
83
5
30
18
23
83
5
30
18
23
83
5
30
18
23
83
5
30
18
23
83
5
30
18
23
83
5
30
18
23
83
5
30
18
23
83
5
30
18
23
83
5
30
18
23
83
5
30
18
23
83
5
30
18
23
83
5
30
18
23
83
5
30
18
23
83
5
30
18
23
83
5
30
18
23
83
5
30
18
23
83
5
30
18
23
83
5
30
18
23
83
5
30
18
23
83
5
30
18
23
83
5
30
18
23
83
5
30
18
23
83
5
30
18
23
83
5
30
18
23
83
5
30
18
23
83
5
30
18
23
83
5
30
18
23
83
5
30
18
23
83
5
30
18
23
83
5
30
18
23
83
5
30
18
23
83
5
30
18
23
83
5
30
18
23
83
5
30
18
23
83
5
30
18
23
83
5