83
29
5
25
30
83
29
5
25
30
83
29
5
25
30
83
29
5
25
30
83
29
5
25
30
83
29
5
25
30
83
29
5
25
30
83
29
5
25
30
83
29
5
25
30
83
29
5
25
30
83
29
5
25
30
83
29
5
25
30
83
29
5
25
30
83
29
5
25
30
83
29
5
25
30
83
29
5
25
30
83
29
5
25
30
83
29
5
25
30
83
29
5
25
30
83
29
5
25
30
83
29
5
25
30
83
29
5
25
30
83
29
5
25
30
83
29
5
25
30
83
29
5
25
30
83
29
5
25
30
83
29
5
25
30
83
29
5
25
30
83
29
5
25
30
83
29
5
25
30
83
29
5
25
30
83
29
5
25
30
83
29
5
25
30
83
29
5
25
30
83
29
5
25
30
83
29
5
25
30
83
29
5
25
30
83
29
5
25
30
83
29
5
25
30
83
29
5
25
30
83
29
5
25
30
83
29
5
25
30
83
29
5
25
30
83
29
5
25
30
83
29
5
25
30
83
29
5
25
30
83
29
5
25
30
83
29
5
25
30
83
29
5
25
30
83
29
5
25
30