5
67
29
83
30
5
67
29
83
30
5
67
29
83
30
5
67
29
83
30
5
67
29
83
30
5
67
29
83
30
5
67
29
83
30
5
67
29
83
30
5
67
29
83
30
5
67
29
83
30
5
67
29
83
30
5
67
29
83
30
5
67
29
83
30
5
67
29
83
30
5
67
29
83
30
5
67
29
83
30
5
67
29
83
30
5
67
29
83
30
5
67
29
83
30
5
67
29
83
30
5
67
29
83
30
5
67
29
83
30
5
67
29
83
30
5
67
29
83
30
5
67
29
83
30
5
67
29
83
30
5
67
29
83
30
5
67
29
83
30
5
67
29
83
30
5
67
29
83
30
5
67
29
83
30
5
67
29
83
30
5
67
29
83
30
5
67
29
83
30
5
67
29
83
30
5
67
29
83
30
5
67
29
83
30
5
67
29
83
30
5
67
29
83
30
5
67
29
83
30
5
67
29
83
30
5
67
29
83
30
5
67
29
83
30
5
67
29
83
30
5
67
29
83
30
5
67
29
83
30
5
67
29
83
30
5
67
29
83
30
5
67
29
83
30
5
67
29
83
30