23
29
67
5
18
23
29
67
5
18
23
29
67
5
18
23
29
67
5
18
23
29
67
5
18
23
29
67
5
18
23
29
67
5
18
23
29
67
5
18
23
29
67
5
18
23
29
67
5
18
23
29
67
5
18
23
29
67
5
18
23
29
67
5
18
23
29
67
5
18
23
29
67
5
18
23
29
67
5
18
23
29
67
5
18
23
29
67
5
18
23
29
67
5
18
23
29
67
5
18
23
29
67
5
18
23
29
67
5
18
23
29
67
5
18
23
29
67
5
18
23
29
67
5
18
23
29
67
5
18
23
29
67
5
18
23
29
67
5
18
23
29
67
5
18
23
29
67
5
18
23
29
67
5
18
23
29
67
5
18
23
29
67
5
18
23
29
67
5
18
23
29
67
5
18
23
29
67
5
18
23
29
67
5
18
23
29
67
5
18
23
29
67
5
18
23
29
67
5
18
23
29
67
5
18
23
29
67
5
18
23
29
67
5
18
23
29
67
5
18
23
29
67
5
18
23
29
67
5
18
23
29
67
5
18
23
29
67
5
18
23
29
67
5
18
23
29
67
5
18