67
25
29
18
83
67
25
29
18
83
67
25
29
18
83
67
25
29
18
83
67
25
29
18
83
67
25
29
18
83
67
25
29
18
83
67
25
29
18
83
67
25
29
18
83
67
25
29
18
83
67
25
29
18
83
67
25
29
18
83
67
25
29
18
83
67
25
29
18
83
67
25
29
18
83
67
25
29
18
83
67
25
29
18
83
67
25
29
18
83
67
25
29
18
83
67
25
29
18
83
67
25
29
18
83
67
25
29
18
83
67
25
29
18
83
67
25
29
18
83
67
25
29
18
83
67
25
29
18
83
67
25
29
18
83
67
25
29
18
83
67
25
29
18
83
67
25
29
18
83
67
25
29
18
83
67
25
29
18
83
67
25
29
18
83
67
25
29
18
83
67
25
29
18
83
67
25
29
18
83
67
25
29
18
83
67
25
29
18
83
67
25
29
18
83
67
25
29
18
83
67
25
29
18
83
67
25
29
18
83
67
25
29
18
83
67
25
29
18
83
67
25
29
18
83
67
25
29
18
83
67
25
29
18
83
67
25
29
18
83
67
25
29
18
83
67
25
29
18
83