18
25
30
23
5
18
25
30
23
5
18
25
30
23
5
18
25
30
23
5
18
25
30
23
5
18
25
30
23
5
18
25
30
23
5
18
25
30
23
5
18
25
30
23
5
18
25
30
23
5
18
25
30
23
5
18
25
30
23
5
18
25
30
23
5
18
25
30
23
5
18
25
30
23
5
18
25
30
23
5
18
25
30
23
5
18
25
30
23
5
18
25
30
23
5
18
25
30
23
5
18
25
30
23
5
18
25
30
23
5
18
25
30
23
5
18
25
30
23
5
18
25
30
23
5
18
25
30
23
5
18
25
30
23
5
18
25
30
23
5
18
25
30
23
5
18
25
30
23
5
18
25
30
23
5
18
25
30
23
5
18
25
30
23
5
18
25
30
23
5
18
25
30
23
5
18
25
30
23
5
18
25
30
23
5
18
25
30
23
5
18
25
30
23
5
18
25
30
23
5
18
25
30
23
5
18
25
30
23
5
18
25
30
23
5
18
25
30
23
5
18
25
30
23
5
18
25
30
23
5
18
25
30
23
5
18
25
30
23
5
18
25
30
23
5
18
25
30
23
5