23
67
5
29
30
23
67
5
29
30
23
67
5
29
30
23
67
5
29
30
23
67
5
29
30
23
67
5
29
30
23
67
5
29
30
23
67
5
29
30
23
67
5
29
30
23
67
5
29
30
23
67
5
29
30
23
67
5
29
30
23
67
5
29
30
23
67
5
29
30
23
67
5
29
30
23
67
5
29
30
23
67
5
29
30
23
67
5
29
30
23
67
5
29
30
23
67
5
29
30
23
67
5
29
30
23
67
5
29
30
23
67
5
29
30
23
67
5
29
30
23
67
5
29
30
23
67
5
29
30
23
67
5
29
30
23
67
5
29
30
23
67
5
29
30
23
67
5
29
30
23
67
5
29
30
23
67
5
29
30
23
67
5
29
30
23
67
5
29
30
23
67
5
29
30
23
67
5
29
30
23
67
5
29
30
23
67
5
29
30
23
67
5
29
30
23
67
5
29
30
23
67
5
29
30
23
67
5
29
30
23
67
5
29
30
23
67
5
29
30
23
67
5
29
30
23
67
5
29
30
23
67
5
29
30
23
67
5
29
30
23
67
5
29
30
23
67
5
29
30