25
5
18
23
30
25
5
18
23
30
25
5
18
23
30
25
5
18
23
30
25
5
18
23
30
25
5
18
23
30
25
5
18
23
30
25
5
18
23
30
25
5
18
23
30
25
5
18
23
30
25
5
18
23
30
25
5
18
23
30
25
5
18
23
30
25
5
18
23
30
25
5
18
23
30
25
5
18
23
30
25
5
18
23
30
25
5
18
23
30
25
5
18
23
30
25
5
18
23
30
25
5
18
23
30
25
5
18
23
30
25
5
18
23
30
25
5
18
23
30
25
5
18
23
30
25
5
18
23
30
25
5
18
23
30
25
5
18
23
30
25
5
18
23
30
25
5
18
23
30
25
5
18
23
30
25
5
18
23
30
25
5
18
23
30
25
5
18
23
30
25
5
18
23
30
25
5
18
23
30
25
5
18
23
30
25
5
18
23
30
25
5
18
23
30
25
5
18
23
30
25
5
18
23
30
25
5
18
23
30
25
5
18
23
30
25
5
18
23
30
25
5
18
23
30
25
5
18
23
30
25
5
18
23
30
25
5
18
23
30
25
5
18
23
30
25
5
18
23
30