25
5
18
67
23
25
5
18
67
23
25
5
18
67
23
25
5
18
67
23
25
5
18
67
23
25
5
18
67
23
25
5
18
67
23
25
5
18
67
23
25
5
18
67
23
25
5
18
67
23
25
5
18
67
23
25
5
18
67
23
25
5
18
67
23
25
5
18
67
23
25
5
18
67
23
25
5
18
67
23
25
5
18
67
23
25
5
18
67
23
25
5
18
67
23
25
5
18
67
23
25
5
18
67
23
25
5
18
67
23
25
5
18
67
23
25
5
18
67
23
25
5
18
67
23
25
5
18
67
23
25
5
18
67
23
25
5
18
67
23
25
5
18
67
23
25
5
18
67
23
25
5
18
67
23
25
5
18
67
23
25
5
18
67
23
25
5
18
67
23
25
5
18
67
23
25
5
18
67
23
25
5
18
67
23
25
5
18
67
23
25
5
18
67
23
25
5
18
67
23
25
5
18
67
23
25
5
18
67
23
25
5
18
67
23
25
5
18
67
23
25
5
18
67
23
25
5
18
67
23
25
5
18
67
23
25
5
18
67
23
25
5
18
67
23
25
5
18
67
23