29
67
23
83
18
29
67
23
83
18
29
67
23
83
18
29
67
23
83
18
29
67
23
83
18
29
67
23
83
18
29
67
23
83
18
29
67
23
83
18
29
67
23
83
18
29
67
23
83
18
29
67
23
83
18
29
67
23
83
18
29
67
23
83
18
29
67
23
83
18
29
67
23
83
18
29
67
23
83
18
29
67
23
83
18
29
67
23
83
18
29
67
23
83
18
29
67
23
83
18
29
67
23
83
18
29
67
23
83
18
29
67
23
83
18
29
67
23
83
18
29
67
23
83
18
29
67
23
83
18
29
67
23
83
18
29
67
23
83
18
29
67
23
83
18
29
67
23
83
18
29
67
23
83
18
29
67
23
83
18
29
67
23
83
18
29
67
23
83
18
29
67
23
83
18
29
67
23
83
18
29
67
23
83
18
29
67
23
83
18
29
67
23
83
18
29
67
23
83
18
29
67
23
83
18
29
67
23
83
18
29
67
23
83
18
29
67
23
83
18
29
67
23
83
18
29
67
23
83
18
29
67
23
83
18
29
67
23
83
18
29
67
23
83
18
29
67
23
83
18