83
67
25
23
29
83
67
25
23
29
83
67
25
23
29
83
67
25
23
29
83
67
25
23
29
83
67
25
23
29
83
67
25
23
29
83
67
25
23
29
83
67
25
23
29
83
67
25
23
29
83
67
25
23
29
83
67
25
23
29
83
67
25
23
29
83
67
25
23
29
83
67
25
23
29
83
67
25
23
29
83
67
25
23
29
83
67
25
23
29
83
67
25
23
29
83
67
25
23
29
83
67
25
23
29
83
67
25
23
29
83
67
25
23
29
83
67
25
23
29
83
67
25
23
29
83
67
25
23
29
83
67
25
23
29
83
67
25
23
29
83
67
25
23
29
83
67
25
23
29
83
67
25
23
29
83
67
25
23
29
83
67
25
23
29
83
67
25
23
29
83
67
25
23
29
83
67
25
23
29
83
67
25
23
29
83
67
25
23
29
83
67
25
23
29
83
67
25
23
29
83
67
25
23
29
83
67
25
23
29
83
67
25
23
29
83
67
25
23
29
83
67
25
23
29
83
67
25
23
29
83
67
25
23
29
83
67
25
23
29
83
67
25
23
29
83
67
25
23
29