30
25
67
5
23
30
25
67
5
23
30
25
67
5
23
30
25
67
5
23
30
25
67
5
23
30
25
67
5
23
30
25
67
5
23
30
25
67
5
23
30
25
67
5
23
30
25
67
5
23
30
25
67
5
23
30
25
67
5
23
30
25
67
5
23
30
25
67
5
23
30
25
67
5
23
30
25
67
5
23
30
25
67
5
23
30
25
67
5
23
30
25
67
5
23
30
25
67
5
23
30
25
67
5
23
30
25
67
5
23
30
25
67
5
23
30
25
67
5
23
30
25
67
5
23
30
25
67
5
23
30
25
67
5
23
30
25
67
5
23
30
25
67
5
23
30
25
67
5
23
30
25
67
5
23
30
25
67
5
23
30
25
67
5
23
30
25
67
5
23
30
25
67
5
23
30
25
67
5
23
30
25
67
5
23
30
25
67
5
23
30
25
67
5
23
30
25
67
5
23
30
25
67
5
23
30
25
67
5
23
30
25
67
5
23
30
25
67
5
23
30
25
67
5
23
30
25
67
5
23
30
25
67
5
23
30
25
67
5
23
30
25
67
5
23
30
25
67
5
23