83
25
5
23
67
83
25
5
23
67
83
25
5
23
67
83
25
5
23
67
83
25
5
23
67
83
25
5
23
67
83
25
5
23
67
83
25
5
23
67
83
25
5
23
67
83
25
5
23
67
83
25
5
23
67
83
25
5
23
67
83
25
5
23
67
83
25
5
23
67
83
25
5
23
67
83
25
5
23
67
83
25
5
23
67
83
25
5
23
67
83
25
5
23
67
83
25
5
23
67
83
25
5
23
67
83
25
5
23
67
83
25
5
23
67
83
25
5
23
67
83
25
5
23
67
83
25
5
23
67
83
25
5
23
67
83
25
5
23
67
83
25
5
23
67
83
25
5
23
67
83
25
5
23
67
83
25
5
23
67
83
25
5
23
67
83
25
5
23
67
83
25
5
23
67
83
25
5
23
67
83
25
5
23
67
83
25
5
23
67
83
25
5
23
67
83
25
5
23
67
83
25
5
23
67
83
25
5
23
67
83
25
5
23
67
83
25
5
23
67
83
25
5
23
67
83
25
5
23
67
83
25
5
23
67
83
25
5
23
67
83
25
5
23
67
83
25
5
23
67