30
83
67
23
18
30
83
67
23
18
30
83
67
23
18
30
83
67
23
18
30
83
67
23
18
30
83
67
23
18
30
83
67
23
18
30
83
67
23
18
30
83
67
23
18
30
83
67
23
18
30
83
67
23
18
30
83
67
23
18
30
83
67
23
18
30
83
67
23
18
30
83
67
23
18
30
83
67
23
18
30
83
67
23
18
30
83
67
23
18
30
83
67
23
18
30
83
67
23
18
30
83
67
23
18
30
83
67
23
18
30
83
67
23
18
30
83
67
23
18
30
83
67
23
18
30
83
67
23
18
30
83
67
23
18
30
83
67
23
18
30
83
67
23
18
30
83
67
23
18
30
83
67
23
18
30
83
67
23
18
30
83
67
23
18
30
83
67
23
18
30
83
67
23
18
30
83
67
23
18
30
83
67
23
18
30
83
67
23
18
30
83
67
23
18
30
83
67
23
18
30
83
67
23
18
30
83
67
23
18
30
83
67
23
18
30
83
67
23
18
30
83
67
23
18
30
83
67
23
18
30
83
67
23
18
30
83
67
23
18
30
83
67
23
18
30
83
67
23
18