30
25
29
23
83
30
25
29
23
83
30
25
29
23
83
30
25
29
23
83
30
25
29
23
83
30
25
29
23
83
30
25
29
23
83
30
25
29
23
83
30
25
29
23
83
30
25
29
23
83
30
25
29
23
83
30
25
29
23
83
30
25
29
23
83
30
25
29
23
83
30
25
29
23
83
30
25
29
23
83
30
25
29
23
83
30
25
29
23
83
30
25
29
23
83
30
25
29
23
83
30
25
29
23
83
30
25
29
23
83
30
25
29
23
83
30
25
29
23
83
30
25
29
23
83
30
25
29
23
83
30
25
29
23
83
30
25
29
23
83
30
25
29
23
83
30
25
29
23
83
30
25
29
23
83
30
25
29
23
83
30
25
29
23
83
30
25
29
23
83
30
25
29
23
83
30
25
29
23
83
30
25
29
23
83
30
25
29
23
83
30
25
29
23
83
30
25
29
23
83
30
25
29
23
83
30
25
29
23
83
30
25
29
23
83
30
25
29
23
83
30
25
29
23
83
30
25
29
23
83
30
25
29
23
83
30
25
29
23
83
30
25
29
23
83
30
25
29
23
83