23
67
25
18
5
23
67
25
18
5
23
67
25
18
5
23
67
25
18
5
23
67
25
18
5
23
67
25
18
5
23
67
25
18
5
23
67
25
18
5
23
67
25
18
5
23
67
25
18
5
23
67
25
18
5
23
67
25
18
5
23
67
25
18
5
23
67
25
18
5
23
67
25
18
5
23
67
25
18
5
23
67
25
18
5
23
67
25
18
5
23
67
25
18
5
23
67
25
18
5
23
67
25
18
5
23
67
25
18
5
23
67
25
18
5
23
67
25
18
5
23
67
25
18
5
23
67
25
18
5
23
67
25
18
5
23
67
25
18
5
23
67
25
18
5
23
67
25
18
5
23
67
25
18
5
23
67
25
18
5
23
67
25
18
5
23
67
25
18
5
23
67
25
18
5
23
67
25
18
5
23
67
25
18
5
23
67
25
18
5
23
67
25
18
5
23
67
25
18
5
23
67
25
18
5
23
67
25
18
5
23
67
25
18
5
23
67
25
18
5
23
67
25
18
5
23
67
25
18
5
23
67
25
18
5
23
67
25
18
5
23
67
25
18
5
23
67
25
18
5