67
29
25
18
5
67
29
25
18
5
67
29
25
18
5
67
29
25
18
5
67
29
25
18
5
67
29
25
18
5
67
29
25
18
5
67
29
25
18
5
67
29
25
18
5
67
29
25
18
5
67
29
25
18
5
67
29
25
18
5
67
29
25
18
5
67
29
25
18
5
67
29
25
18
5
67
29
25
18
5
67
29
25
18
5
67
29
25
18
5
67
29
25
18
5
67
29
25
18
5
67
29
25
18
5
67
29
25
18
5
67
29
25
18
5
67
29
25
18
5
67
29
25
18
5
67
29
25
18
5
67
29
25
18
5
67
29
25
18
5
67
29
25
18
5
67
29
25
18
5
67
29
25
18
5
67
29
25
18
5
67
29
25
18
5
67
29
25
18
5
67
29
25
18
5
67
29
25
18
5
67
29
25
18
5
67
29
25
18
5
67
29
25
18
5
67
29
25
18
5
67
29
25
18
5
67
29
25
18
5
67
29
25
18
5
67
29
25
18
5
67
29
25
18
5
67
29
25
18
5
67
29
25
18
5
67
29
25
18
5
67
29
25
18
5
67
29
25
18
5