83
25
67
29
23
83
25
67
29
23
83
25
67
29
23
83
25
67
29
23
83
25
67
29
23
83
25
67
29
23
83
25
67
29
23
83
25
67
29
23
83
25
67
29
23
83
25
67
29
23
83
25
67
29
23
83
25
67
29
23
83
25
67
29
23
83
25
67
29
23
83
25
67
29
23
83
25
67
29
23
83
25
67
29
23
83
25
67
29
23
83
25
67
29
23
83
25
67
29
23
83
25
67
29
23
83
25
67
29
23
83
25
67
29
23
83
25
67
29
23
83
25
67
29
23
83
25
67
29
23
83
25
67
29
23
83
25
67
29
23
83
25
67
29
23
83
25
67
29
23
83
25
67
29
23
83
25
67
29
23
83
25
67
29
23
83
25
67
29
23
83
25
67
29
23
83
25
67
29
23
83
25
67
29
23
83
25
67
29
23
83
25
67
29
23
83
25
67
29
23
83
25
67
29
23
83
25
67
29
23
83
25
67
29
23
83
25
67
29
23
83
25
67
29
23
83
25
67
29
23
83
25
67
29
23
83
25
67
29
23
83
25
67
29
23
83
25
67
29
23