30
23
5
67
83
30
23
5
67
83
30
23
5
67
83
30
23
5
67
83
30
23
5
67
83
30
23
5
67
83
30
23
5
67
83
30
23
5
67
83
30
23
5
67
83
30
23
5
67
83
30
23
5
67
83
30
23
5
67
83
30
23
5
67
83
30
23
5
67
83
30
23
5
67
83
30
23
5
67
83
30
23
5
67
83
30
23
5
67
83
30
23
5
67
83
30
23
5
67
83
30
23
5
67
83
30
23
5
67
83
30
23
5
67
83
30
23
5
67
83
30
23
5
67
83
30
23
5
67
83
30
23
5
67
83
30
23
5
67
83
30
23
5
67
83
30
23
5
67
83
30
23
5
67
83
30
23
5
67
83
30
23
5
67
83
30
23
5
67
83
30
23
5
67
83
30
23
5
67
83
30
23
5
67
83
30
23
5
67
83
30
23
5
67
83
30
23
5
67
83
30
23
5
67
83
30
23
5
67
83
30
23
5
67
83
30
23
5
67
83
30
23
5
67
83
30
23
5
67
83
30
23
5
67
83
30
23
5
67
83
30
23
5
67
83
30
23
5
67
83