30
23
83
29
5
30
23
83
29
5
30
23
83
29
5
30
23
83
29
5
30
23
83
29
5
30
23
83
29
5
30
23
83
29
5
30
23
83
29
5
30
23
83
29
5
30
23
83
29
5
30
23
83
29
5
30
23
83
29
5
30
23
83
29
5
30
23
83
29
5
30
23
83
29
5
30
23
83
29
5
30
23
83
29
5
30
23
83
29
5
30
23
83
29
5
30
23
83
29
5
30
23
83
29
5
30
23
83
29
5
30
23
83
29
5
30
23
83
29
5
30
23
83
29
5
30
23
83
29
5
30
23
83
29
5
30
23
83
29
5
30
23
83
29
5
30
23
83
29
5
30
23
83
29
5
30
23
83
29
5
30
23
83
29
5
30
23
83
29
5
30
23
83
29
5
30
23
83
29
5
30
23
83
29
5
30
23
83
29
5
30
23
83
29
5
30
23
83
29
5
30
23
83
29
5
30
23
83
29
5
30
23
83
29
5
30
23
83
29
5
30
23
83
29
5
30
23
83
29
5
30
23
83
29
5
30
23
83
29
5
30
23
83
29
5
30
23
83
29
5