23
29
30
5
83
23
29
30
5
83
23
29
30
5
83
23
29
30
5
83
23
29
30
5
83
23
29
30
5
83
23
29
30
5
83
23
29
30
5
83
23
29
30
5
83
23
29
30
5
83
23
29
30
5
83
23
29
30
5
83
23
29
30
5
83
23
29
30
5
83
23
29
30
5
83
23
29
30
5
83
23
29
30
5
83
23
29
30
5
83
23
29
30
5
83
23
29
30
5
83
23
29
30
5
83
23
29
30
5
83
23
29
30
5
83
23
29
30
5
83
23
29
30
5
83
23
29
30
5
83
23
29
30
5
83
23
29
30
5
83
23
29
30
5
83
23
29
30
5
83
23
29
30
5
83
23
29
30
5
83
23
29
30
5
83
23
29
30
5
83
23
29
30
5
83
23
29
30
5
83
23
29
30
5
83
23
29
30
5
83
23
29
30
5
83
23
29
30
5
83
23
29
30
5
83
23
29
30
5
83
23
29
30
5
83
23
29
30
5
83
23
29
30
5
83
23
29
30
5
83
23
29
30
5
83
23
29
30
5
83
23
29
30
5
83
23
29
30
5
83