23
67
83
30
18
23
67
83
30
18
23
67
83
30
18
23
67
83
30
18
23
67
83
30
18
23
67
83
30
18
23
67
83
30
18
23
67
83
30
18
23
67
83
30
18
23
67
83
30
18
23
67
83
30
18
23
67
83
30
18
23
67
83
30
18
23
67
83
30
18
23
67
83
30
18
23
67
83
30
18
23
67
83
30
18
23
67
83
30
18
23
67
83
30
18
23
67
83
30
18
23
67
83
30
18
23
67
83
30
18
23
67
83
30
18
23
67
83
30
18
23
67
83
30
18
23
67
83
30
18
23
67
83
30
18
23
67
83
30
18
23
67
83
30
18
23
67
83
30
18
23
67
83
30
18
23
67
83
30
18
23
67
83
30
18
23
67
83
30
18
23
67
83
30
18
23
67
83
30
18
23
67
83
30
18
23
67
83
30
18
23
67
83
30
18
23
67
83
30
18
23
67
83
30
18
23
67
83
30
18
23
67
83
30
18
23
67
83
30
18
23
67
83
30
18
23
67
83
30
18
23
67
83
30
18
23
67
83
30
18
23
67
83
30
18
23
67
83
30
18