18
5
29
25
83
18
5
29
25
83
18
5
29
25
83
18
5
29
25
83
18
5
29
25
83
18
5
29
25
83
18
5
29
25
83
18
5
29
25
83
18
5
29
25
83
18
5
29
25
83
18
5
29
25
83
18
5
29
25
83
18
5
29
25
83
18
5
29
25
83
18
5
29
25
83
18
5
29
25
83
18
5
29
25
83
18
5
29
25
83
18
5
29
25
83
18
5
29
25
83
18
5
29
25
83
18
5
29
25
83
18
5
29
25
83
18
5
29
25
83
18
5
29
25
83
18
5
29
25
83
18
5
29
25
83
18
5
29
25
83
18
5
29
25
83
18
5
29
25
83
18
5
29
25
83
18
5
29
25
83
18
5
29
25
83
18
5
29
25
83
18
5
29
25
83
18
5
29
25
83
18
5
29
25
83
18
5
29
25
83
18
5
29
25
83
18
5
29
25
83
18
5
29
25
83
18
5
29
25
83
18
5
29
25
83
18
5
29
25
83
18
5
29
25
83
18
5
29
25
83
18
5
29
25
83
18
5
29
25
83
18
5
29
25
83
18
5
29
25
83