18
30
5
29
23
18
30
5
29
23
18
30
5
29
23
18
30
5
29
23
18
30
5
29
23
18
30
5
29
23
18
30
5
29
23
18
30
5
29
23
18
30
5
29
23
18
30
5
29
23
18
30
5
29
23
18
30
5
29
23
18
30
5
29
23
18
30
5
29
23
18
30
5
29
23
18
30
5
29
23
18
30
5
29
23
18
30
5
29
23
18
30
5
29
23
18
30
5
29
23
18
30
5
29
23
18
30
5
29
23
18
30
5
29
23
18
30
5
29
23
18
30
5
29
23
18
30
5
29
23
18
30
5
29
23
18
30
5
29
23
18
30
5
29
23
18
30
5
29
23
18
30
5
29
23
18
30
5
29
23
18
30
5
29
23
18
30
5
29
23
18
30
5
29
23
18
30
5
29
23
18
30
5
29
23
18
30
5
29
23
18
30
5
29
23
18
30
5
29
23
18
30
5
29
23
18
30
5
29
23
18
30
5
29
23
18
30
5
29
23
18
30
5
29
23
18
30
5
29
23
18
30
5
29
23
18
30
5
29
23
18
30
5
29
23
18
30
5
29
23