18
5
29
25
23
18
5
29
25
23
18
5
29
25
23
18
5
29
25
23
18
5
29
25
23
18
5
29
25
23
18
5
29
25
23
18
5
29
25
23
18
5
29
25
23
18
5
29
25
23
18
5
29
25
23
18
5
29
25
23
18
5
29
25
23
18
5
29
25
23
18
5
29
25
23
18
5
29
25
23
18
5
29
25
23
18
5
29
25
23
18
5
29
25
23
18
5
29
25
23
18
5
29
25
23
18
5
29
25
23
18
5
29
25
23
18
5
29
25
23
18
5
29
25
23
18
5
29
25
23
18
5
29
25
23
18
5
29
25
23
18
5
29
25
23
18
5
29
25
23
18
5
29
25
23
18
5
29
25
23
18
5
29
25
23
18
5
29
25
23
18
5
29
25
23
18
5
29
25
23
18
5
29
25
23
18
5
29
25
23
18
5
29
25
23
18
5
29
25
23
18
5
29
25
23
18
5
29
25
23
18
5
29
25
23
18
5
29
25
23
18
5
29
25
23
18
5
29
25
23
18
5
29
25
23
18
5
29
25
23
18
5
29
25
23
18
5
29
25
23