148
23
163
109
6
145
22
2
139
19
148
23
163
109
6
145
22
2
139
19
148
23
163
109
6
145
22
2
139
19
148
23
163
109
6
145
22
2
139
19
148
23
163
109
6
145
22
2
139
19
148
23
163
109
6
145
22
2
139
19
148
23
163
109
6
145
22
2
139
19
148
23
163
109
6
145
22
2
139
19
148
23
163
109
6
145
22
2
139
19
148
23
163
109
6
145
22
2
139
19
148
23
163
109
6
145
22
2
139
19
148
23
163
109
6
145
22
2
139
19
148
23
163
109
6
145
22
2
139
19
148
23
163
109
6
145
22
2
139
19
148
23
163
109
6
145
22
2
139
19
148
23
163
109
6
145
22
2
139
19
148
23
163
109
6
145
22
2
139
19
148
23
163
109
6
145
22
2
139
19
148
23
163
109
6
145
22
2
139
19
148
23
163
109
6
145
22
2
139
19
148
23
163
109
6
145
22
2
139
19
148
23
163
109
6
145
22
2
139
19
148
23
163
109
6
145
22
2
139
19
148
23
163
109
6
145
22
2
139
19
148
23
163
109
6
145
22
2
139
19
148
23
163
109
6
145
22
2
139
19
148
23
163
109
6
145
22
2
139
19
148
23
163
109
6
145
22
2
139
19
148
23
163
109
6
145
22
2
139
19
148
23
163
109
6
145
22
2
139
19
148
23
163
109
6
145
22
2
139
19
148
23
163
109
6
145
22
2
139
19
148
23
163
109
6
145
22
2
139
19
148
23
163
109
6
145
22
2
139
19
148
23
163
109
6
145
22
2
139
19
148
23
163
109
6
145
22
2
139
19
148
23
163
109
6
145
22
2
139
19
148
23
163
109
6
145
22
2
139
19
148
23
163
109
6
145
22
2
139
19
148
23
163
109
6
145
22
2
139
19
148
23
163
109
6
145
22
2
139
19
148
23
163
109
6
145
22
2
139
19
148
23
163
109
6
145
22
2
139
19
148
23
163
109
6
145
22
2
139
19
148
23
163
109
6
145
22
2
139
19
148
23
163
109
6
145
22
2
139
19
148
23
163
109
6
145
22
2
139
19
148
23
163
109
6
145
22
2
139
19
148
23
163
109
6
145
22
2
139
19
148
23
163
109
6
145
22
2
139
19