148
55
163
109
6
22
2
139
19
107
148
55
163
109
6
22
2
139
19
107
148
55
163
109
6
22
2
139
19
107
148
55
163
109
6
22
2
139
19
107
148
55
163
109
6
22
2
139
19
107
148
55
163
109
6
22
2
139
19
107
148
55
163
109
6
22
2
139
19
107
148
55
163
109
6
22
2
139
19
107
148
55
163
109
6
22
2
139
19
107
148
55
163
109
6
22
2
139
19
107
148
55
163
109
6
22
2
139
19
107
148
55
163
109
6
22
2
139
19
107
148
55
163
109
6
22
2
139
19
107
148
55
163
109
6
22
2
139
19
107
148
55
163
109
6
22
2
139
19
107
148
55
163
109
6
22
2
139
19
107
148
55
163
109
6
22
2
139
19
107
148
55
163
109
6
22
2
139
19
107
148
55
163
109
6
22
2
139
19
107
148
55
163
109
6
22
2
139
19
107
148
55
163
109
6
22
2
139
19
107
148
55
163
109
6
22
2
139
19
107
148
55
163
109
6
22
2
139
19
107
148
55
163
109
6
22
2
139
19
107
148
55
163
109
6
22
2
139
19
107
148
55
163
109
6
22
2
139
19
107
148
55
163
109
6
22
2
139
19
107
148
55
163
109
6
22
2
139
19
107
148
55
163
109
6
22
2
139
19
107
148
55
163
109
6
22
2
139
19
107
148
55
163
109
6
22
2
139
19
107
148
55
163
109
6
22
2
139
19
107
148
55
163
109
6
22
2
139
19
107
148
55
163
109
6
22
2
139
19
107
148
55
163
109
6
22
2
139
19
107
148
55
163
109
6
22
2
139
19
107
148
55
163
109
6
22
2
139
19
107
148
55
163
109
6
22
2
139
19
107
148
55
163
109
6
22
2
139
19
107
148
55
163
109
6
22
2
139
19
107
148
55
163
109
6
22
2
139
19
107
148
55
163
109
6
22
2
139
19
107
148
55
163
109
6
22
2
139
19
107
148
55
163
109
6
22
2
139
19
107
148
55
163
109
6
22
2
139
19
107
148
55
163
109
6
22
2
139
19
107
148
55
163
109
6
22
2
139
19
107
148
55
163
109
6
22
2
139
19
107
148
55
163
109
6
22
2
139
19
107
148
55
163
109
6
22
2
139
19
107