148
23
163
109
6
145
22
2
19
107
148
23
163
109
6
145
22
2
19
107
148
23
163
109
6
145
22
2
19
107
148
23
163
109
6
145
22
2
19
107
148
23
163
109
6
145
22
2
19
107
148
23
163
109
6
145
22
2
19
107
148
23
163
109
6
145
22
2
19
107
148
23
163
109
6
145
22
2
19
107
148
23
163
109
6
145
22
2
19
107
148
23
163
109
6
145
22
2
19
107
148
23
163
109
6
145
22
2
19
107
148
23
163
109
6
145
22
2
19
107
148
23
163
109
6
145
22
2
19
107
148
23
163
109
6
145
22
2
19
107
148
23
163
109
6
145
22
2
19
107
148
23
163
109
6
145
22
2
19
107
148
23
163
109
6
145
22
2
19
107
148
23
163
109
6
145
22
2
19
107
148
23
163
109
6
145
22
2
19
107
148
23
163
109
6
145
22
2
19
107
148
23
163
109
6
145
22
2
19
107
148
23
163
109
6
145
22
2
19
107
148
23
163
109
6
145
22
2
19
107
148
23
163
109
6
145
22
2
19
107
148
23
163
109
6
145
22
2
19
107
148
23
163
109
6
145
22
2
19
107
148
23
163
109
6
145
22
2
19
107
148
23
163
109
6
145
22
2
19
107
148
23
163
109
6
145
22
2
19
107
148
23
163
109
6
145
22
2
19
107
148
23
163
109
6
145
22
2
19
107
148
23
163
109
6
145
22
2
19
107
148
23
163
109
6
145
22
2
19
107
148
23
163
109
6
145
22
2
19
107
148
23
163
109
6
145
22
2
19
107
148
23
163
109
6
145
22
2
19
107
148
23
163
109
6
145
22
2
19
107
148
23
163
109
6
145
22
2
19
107
148
23
163
109
6
145
22
2
19
107
148
23
163
109
6
145
22
2
19
107
148
23
163
109
6
145
22
2
19
107
148
23
163
109
6
145
22
2
19
107
148
23
163
109
6
145
22
2
19
107
148
23
163
109
6
145
22
2
19
107
148
23
163
109
6
145
22
2
19
107
148
23
163
109
6
145
22
2
19
107
148
23
163
109
6
145
22
2
19
107
148
23
163
109
6
145
22
2
19
107
148
23
163
109
6
145
22
2
19
107
148
23
163
109
6
145
22
2
19
107