148
23
55
163
109
145
2
139
19
107
148
23
55
163
109
145
2
139
19
107
148
23
55
163
109
145
2
139
19
107
148
23
55
163
109
145
2
139
19
107
148
23
55
163
109
145
2
139
19
107
148
23
55
163
109
145
2
139
19
107
148
23
55
163
109
145
2
139
19
107
148
23
55
163
109
145
2
139
19
107
148
23
55
163
109
145
2
139
19
107
148
23
55
163
109
145
2
139
19
107
148
23
55
163
109
145
2
139
19
107
148
23
55
163
109
145
2
139
19
107
148
23
55
163
109
145
2
139
19
107
148
23
55
163
109
145
2
139
19
107
148
23
55
163
109
145
2
139
19
107
148
23
55
163
109
145
2
139
19
107
148
23
55
163
109
145
2
139
19
107
148
23
55
163
109
145
2
139
19
107
148
23
55
163
109
145
2
139
19
107
148
23
55
163
109
145
2
139
19
107
148
23
55
163
109
145
2
139
19
107
148
23
55
163
109
145
2
139
19
107
148
23
55
163
109
145
2
139
19
107
148
23
55
163
109
145
2
139
19
107
148
23
55
163
109
145
2
139
19
107
148
23
55
163
109
145
2
139
19
107
148
23
55
163
109
145
2
139
19
107
148
23
55
163
109
145
2
139
19
107
148
23
55
163
109
145
2
139
19
107
148
23
55
163
109
145
2
139
19
107
148
23
55
163
109
145
2
139
19
107
148
23
55
163
109
145
2
139
19
107
148
23
55
163
109
145
2
139
19
107
148
23
55
163
109
145
2
139
19
107
148
23
55
163
109
145
2
139
19
107
148
23
55
163
109
145
2
139
19
107
148
23
55
163
109
145
2
139
19
107
148
23
55
163
109
145
2
139
19
107
148
23
55
163
109
145
2
139
19
107
148
23
55
163
109
145
2
139
19
107
148
23
55
163
109
145
2
139
19
107
148
23
55
163
109
145
2
139
19
107
148
23
55
163
109
145
2
139
19
107
148
23
55
163
109
145
2
139
19
107
148
23
55
163
109
145
2
139
19
107
148
23
55
163
109
145
2
139
19
107
148
23
55
163
109
145
2
139
19
107
148
23
55
163
109
145
2
139
19
107
148
23
55
163
109
145
2
139
19
107
148
23
55
163
109
145
2
139
19
107