148
23
55
109
6
145
22
2
139
19
148
23
55
109
6
145
22
2
139
19
148
23
55
109
6
145
22
2
139
19
148
23
55
109
6
145
22
2
139
19
148
23
55
109
6
145
22
2
139
19
148
23
55
109
6
145
22
2
139
19
148
23
55
109
6
145
22
2
139
19
148
23
55
109
6
145
22
2
139
19
148
23
55
109
6
145
22
2
139
19
148
23
55
109
6
145
22
2
139
19
148
23
55
109
6
145
22
2
139
19
148
23
55
109
6
145
22
2
139
19
148
23
55
109
6
145
22
2
139
19
148
23
55
109
6
145
22
2
139
19
148
23
55
109
6
145
22
2
139
19
148
23
55
109
6
145
22
2
139
19
148
23
55
109
6
145
22
2
139
19
148
23
55
109
6
145
22
2
139
19
148
23
55
109
6
145
22
2
139
19
148
23
55
109
6
145
22
2
139
19
148
23
55
109
6
145
22
2
139
19
148
23
55
109
6
145
22
2
139
19
148
23
55
109
6
145
22
2
139
19
148
23
55
109
6
145
22
2
139
19
148
23
55
109
6
145
22
2
139
19
148
23
55
109
6
145
22
2
139
19
148
23
55
109
6
145
22
2
139
19
148
23
55
109
6
145
22
2
139
19
148
23
55
109
6
145
22
2
139
19
148
23
55
109
6
145
22
2
139
19
148
23
55
109
6
145
22
2
139
19
148
23
55
109
6
145
22
2
139
19
148
23
55
109
6
145
22
2
139
19
148
23
55
109
6
145
22
2
139
19
148
23
55
109
6
145
22
2
139
19
148
23
55
109
6
145
22
2
139
19
148
23
55
109
6
145
22
2
139
19
148
23
55
109
6
145
22
2
139
19
148
23
55
109
6
145
22
2
139
19
148
23
55
109
6
145
22
2
139
19
148
23
55
109
6
145
22
2
139
19
148
23
55
109
6
145
22
2
139
19
148
23
55
109
6
145
22
2
139
19
148
23
55
109
6
145
22
2
139
19
148
23
55
109
6
145
22
2
139
19
148
23
55
109
6
145
22
2
139
19
148
23
55
109
6
145
22
2
139
19
148
23
55
109
6
145
22
2
139
19
148
23
55
109
6
145
22
2
139
19
148
23
55
109
6
145
22
2
139
19