46
14
18
75
5
46
14
18
75
5
46
14
18
75
5
46
14
18
75
5
46
14
18
75
5
46
14
18
75
5
46
14
18
75
5
46
14
18
75
5
46
14
18
75
5
46
14
18
75
5
46
14
18
75
5
46
14
18
75
5
46
14
18
75
5
46
14
18
75
5
46
14
18
75
5
46
14
18
75
5
46
14
18
75
5
46
14
18
75
5
46
14
18
75
5
46
14
18
75
5
46
14
18
75
5
46
14
18
75
5
46
14
18
75
5
46
14
18
75
5
46
14
18
75
5
46
14
18
75
5
46
14
18
75
5
46
14
18
75
5
46
14
18
75
5
46
14
18
75
5
46
14
18
75
5
46
14
18
75
5
46
14
18
75
5
46
14
18
75
5
46
14
18
75
5
46
14
18
75
5
46
14
18
75
5
46
14
18
75
5
46
14
18
75
5
46
14
18
75
5
46
14
18
75
5
46
14
18
75
5
46
14
18
75
5
46
14
18
75
5
46
14
18
75
5
46
14
18
75
5
46
14
18
75
5
46
14
18
75
5
46
14
18
75
5
46
14
18
75
5