46
98
27
29
6
46
98
27
29
6
46
98
27
29
6
46
98
27
29
6
46
98
27
29
6
46
98
27
29
6
46
98
27
29
6
46
98
27
29
6
46
98
27
29
6
46
98
27
29
6
46
98
27
29
6
46
98
27
29
6
46
98
27
29
6
46
98
27
29
6
46
98
27
29
6
46
98
27
29
6
46
98
27
29
6
46
98
27
29
6
46
98
27
29
6
46
98
27
29
6
46
98
27
29
6
46
98
27
29
6
46
98
27
29
6
46
98
27
29
6
46
98
27
29
6
46
98
27
29
6
46
98
27
29
6
46
98
27
29
6
46
98
27
29
6
46
98
27
29
6
46
98
27
29
6
46
98
27
29
6
46
98
27
29
6
46
98
27
29
6
46
98
27
29
6
46
98
27
29
6
46
98
27
29
6
46
98
27
29
6
46
98
27
29
6
46
98
27
29
6
46
98
27
29
6
46
98
27
29
6
46
98
27
29
6
46
98
27
29
6
46
98
27
29
6
46
98
27
29
6
46
98
27
29
6
46
98
27
29
6
46
98
27
29
6
46
98
27
29
6