148
23
55
163
109
145
22
2
139
19
148
23
55
163
109
145
22
2
139
19
148
23
55
163
109
145
22
2
139
19
148
23
55
163
109
145
22
2
139
19
148
23
55
163
109
145
22
2
139
19
148
23
55
163
109
145
22
2
139
19
148
23
55
163
109
145
22
2
139
19
148
23
55
163
109
145
22
2
139
19
148
23
55
163
109
145
22
2
139
19
148
23
55
163
109
145
22
2
139
19
148
23
55
163
109
145
22
2
139
19
148
23
55
163
109
145
22
2
139
19
148
23
55
163
109
145
22
2
139
19
148
23
55
163
109
145
22
2
139
19
148
23
55
163
109
145
22
2
139
19
148
23
55
163
109
145
22
2
139
19
148
23
55
163
109
145
22
2
139
19
148
23
55
163
109
145
22
2
139
19
148
23
55
163
109
145
22
2
139
19
148
23
55
163
109
145
22
2
139
19
148
23
55
163
109
145
22
2
139
19
148
23
55
163
109
145
22
2
139
19
148
23
55
163
109
145
22
2
139
19
148
23
55
163
109
145
22
2
139
19
148
23
55
163
109
145
22
2
139
19
148
23
55
163
109
145
22
2
139
19
148
23
55
163
109
145
22
2
139
19
148
23
55
163
109
145
22
2
139
19
148
23
55
163
109
145
22
2
139
19
148
23
55
163
109
145
22
2
139
19
148
23
55
163
109
145
22
2
139
19
148
23
55
163
109
145
22
2
139
19
148
23
55
163
109
145
22
2
139
19
148
23
55
163
109
145
22
2
139
19
148
23
55
163
109
145
22
2
139
19
148
23
55
163
109
145
22
2
139
19
148
23
55
163
109
145
22
2
139
19
148
23
55
163
109
145
22
2
139
19
148
23
55
163
109
145
22
2
139
19
148
23
55
163
109
145
22
2
139
19
148
23
55
163
109
145
22
2
139
19
148
23
55
163
109
145
22
2
139
19
148
23
55
163
109
145
22
2
139
19
148
23
55
163
109
145
22
2
139
19
148
23
55
163
109
145
22
2
139
19
148
23
55
163
109
145
22
2
139
19
148
23
55
163
109
145
22
2
139
19
148
23
55
163
109
145
22
2
139
19
148
23
55
163
109
145
22
2
139
19
148
23
55
163
109
145
22
2
139
19