148
55
6
163
23
19
2
80
149
109
148
55
6
163
23
19
2
80
149
109
148
55
6
163
23
19
2
80
149
109
148
55
6
163
23
19
2
80
149
109
148
55
6
163
23
19
2
80
149
109
148
55
6
163
23
19
2
80
149
109
148
55
6
163
23
19
2
80
149
109
148
55
6
163
23
19
2
80
149
109
148
55
6
163
23
19
2
80
149
109
148
55
6
163
23
19
2
80
149
109
148
55
6
163
23
19
2
80
149
109
148
55
6
163
23
19
2
80
149
109
148
55
6
163
23
19
2
80
149
109
148
55
6
163
23
19
2
80
149
109
148
55
6
163
23
19
2
80
149
109
148
55
6
163
23
19
2
80
149
109
148
55
6
163
23
19
2
80
149
109
148
55
6
163
23
19
2
80
149
109
148
55
6
163
23
19
2
80
149
109
148
55
6
163
23
19
2
80
149
109
148
55
6
163
23
19
2
80
149
109
148
55
6
163
23
19
2
80
149
109
148
55
6
163
23
19
2
80
149
109
148
55
6
163
23
19
2
80
149
109
148
55
6
163
23
19
2
80
149
109
148
55
6
163
23
19
2
80
149
109
148
55
6
163
23
19
2
80
149
109
148
55
6
163
23
19
2
80
149
109
148
55
6
163
23
19
2
80
149
109
148
55
6
163
23
19
2
80
149
109
148
55
6
163
23
19
2
80
149
109
148
55
6
163
23
19
2
80
149
109
148
55
6
163
23
19
2
80
149
109
148
55
6
163
23
19
2
80
149
109
148
55
6
163
23
19
2
80
149
109
148
55
6
163
23
19
2
80
149
109
148
55
6
163
23
19
2
80
149
109
148
55
6
163
23
19
2
80
149
109
148
55
6
163
23
19
2
80
149
109
148
55
6
163
23
19
2
80
149
109
148
55
6
163
23
19
2
80
149
109
148
55
6
163
23
19
2
80
149
109
148
55
6
163
23
19
2
80
149
109
148
55
6
163
23
19
2
80
149
109
148
55
6
163
23
19
2
80
149
109
148
55
6
163
23
19
2
80
149
109
148
55
6
163
23
19
2
80
149
109
148
55
6
163
23
19
2
80
149
109
148
55
6
163
23
19
2
80
149
109
148
55
6
163
23
19
2
80
149
109