50
1
123
213
141
34
103
4
233
89
50
1
123
213
141
34
103
4
233
89
50
1
123
213
141
34
103
4
233
89
50
1
123
213
141
34
103
4
233
89
50
1
123
213
141
34
103
4
233
89
50
1
123
213
141
34
103
4
233
89
50
1
123
213
141
34
103
4
233
89
50
1
123
213
141
34
103
4
233
89
50
1
123
213
141
34
103
4
233
89
50
1
123
213
141
34
103
4
233
89
50
1
123
213
141
34
103
4
233
89
50
1
123
213
141
34
103
4
233
89
50
1
123
213
141
34
103
4
233
89
50
1
123
213
141
34
103
4
233
89
50
1
123
213
141
34
103
4
233
89
50
1
123
213
141
34
103
4
233
89
50
1
123
213
141
34
103
4
233
89
50
1
123
213
141
34
103
4
233
89
50
1
123
213
141
34
103
4
233
89
50
1
123
213
141
34
103
4
233
89
50
1
123
213
141
34
103
4
233
89
50
1
123
213
141
34
103
4
233
89
50
1
123
213
141
34
103
4
233
89
50
1
123
213
141
34
103
4
233
89
50
1
123
213
141
34
103
4
233
89
50
1
123
213
141
34
103
4
233
89
50
1
123
213
141
34
103
4
233
89
50
1
123
213
141
34
103
4
233
89
50
1
123
213
141
34
103
4
233
89
50
1
123
213
141
34
103
4
233
89
50
1
123
213
141
34
103
4
233
89
50
1
123
213
141
34
103
4
233
89
50
1
123
213
141
34
103
4
233
89
50
1
123
213
141
34
103
4
233
89
50
1
123
213
141
34
103
4
233
89
50
1
123
213
141
34
103
4
233
89
50
1
123
213
141
34
103
4
233
89
50
1
123
213
141
34
103
4
233
89
50
1
123
213
141
34
103
4
233
89
50
1
123
213
141
34
103
4
233
89
50
1
123
213
141
34
103
4
233
89
50
1
123
213
141
34
103
4
233
89
50
1
123
213
141
34
103
4
233
89
50
1
123
213
141
34
103
4
233
89
50
1
123
213
141
34
103
4
233
89
50
1
123
213
141
34
103
4
233
89
50
1
123
213
141
34
103
4
233
89
50
1
123
213
141
34
103
4
233
89
50
1
123
213
141
34
103
4
233
89
50
1
123
213
141
34
103
4
233
89