164
165
163
164
165
163
164
165
163
164
165
163
164
165
163
164
165
163
164
165
163
164
165
163
164
165
163
164
165
163
164
165
163
164
165
163
164
165
163
164
165
163
164
165
163
164
165
163
164
165
163
164
165
163
164
165
163
164
165
163
164
165
163
164
165
163
164
165
163
164
165
163
164
165
163
164
165
163
164
165
163
164
165
163
164
165
163
164
165
163
164
165
163
164
165
163
164
165
163
164
165
163
164
165
163
164
165
163
164
165
163
164
165
163
164
165
163
164
165
163
164
165
163
164
165
163
164
165
163
164
165
163
164
165
163
164
165
163
164
165
163
164
165
163
164
165
163
164
165
163