79
46
82
111
128
116
16
50
57
148
79
46
82
111
128
116
16
50
57
48
79
46
82
111
128
116
16
57
48
85
79
46
82
111
128
116
16
57
48
148
79
46
82
111
128
16
50
57
48
148
79
46
82
16
111
116
128
57
50
85
79
46
82
111
128
116
16
50
57
85
79
46
82
111
128
116
16
50
48
148
79
46
82
111
128
116
50
57
85
148
79
46
82
111
128
116
16
50
85
148
79
46
82
111
128
116
16
50
57
148
79
46
82
111
128
116
16
50
57
48
79
46
82
111
128
116
16
57
48
85
79
46
82
111
128
116
16
57
48
148
79
46
82
111
128
16
50
57
48
148
79
46
82
16
111
116
128
57
50
85
79
46
82
111
128
116
16
50
57
85
79
46
82
111
128
116
16
50
48
148
79
46
82
111
128
116
50
57
85
148
79
46
82
111
128
116
16
50
85
148
79
46
82
111
128
116
16
50
57
148
79
46
82
111
128
116
16
50
57
48
79
46
82
111
128
116
16
57
48
85
79
46
82
111
128
116
16
57
48
148
79
46
82
111
128
16
50
57
48
148
79
46
82
16
111
116
128
57
50
85
79
46
82
111
128
116
16
50
57
85
79
46
82
111
128
116
16
50
48
148
79
46
82
111
128
116
50
57
85
148
79
46
82
111
128
116
16
50
85
148
79
46
82
111
128
116
16
50
57
148
79
46
82
111
128
116
16
50
57
48
79
46
82
111
128
116
16
57
48
85
79
46
82
111
128
116
16
57
48
148
79
46
82
111
128
16
50
57
48
148
79
46
82
16
111
116
128
57
50
85
79
46
82
111
128
116
16
50
57
85
79
46
82
111
128
116
16
50
48
148
79
46
82
111
128
116
50
57
85
148
79
46
82
111
128
116
16
50
85
148
79
46
82
111
128
116
16
50
57
148
79
46
82
111
128
116
16
50
57
48
79
46
82
111
128
116
16
57
48
85
79
46
82
111
128
116
16
57
48
148
79
46
82
111
128
16
50
57
48
148
79
46
82
16
111
116
128
57
50
85
79
46
82
111
128
116
16
50
57
85
79
46
82
111
128
116
16
50
48
148
79
46
82
111
128
116
50
57
85
148
79
46
82
111
128
116
16
50
85
148