11
108
75
17
115
2
57
113
18
56
11
108
75
17
115
2
57
113
18
56
11
108
75
17
115
2
57
113
18
56
11
108
75
17
115
2
57
113
18
56
11
108
75
17
115
2
57
113
18
56
11
108
75
17
115
2
57
113
18
56
11
108
75
17
115
2
57
113
18
56
11
108
75
17
115
2
57
113
18
56
11
108
75
17
115
2
57
113
18
56
11
108
75
17
115
2
57
113
18
56
11
108
75
17
115
2
57
113
18
56
11
108
75
17
115
2
57
113
18
56
11
108
75
17
115
2
57
113
18
56
11
108
75
17
115
2
57
113
18
56
11
108
75
17
115
2
57
113
18
56
11
108
75
17
115
2
57
113
18
56
11
108
75
17
115
2
57
113
18
56
11
108
75
17
115
2
57
113
18
56
11
108
75
17
115
2
57
113
18
56
11
108
75
17
115
2
57
113
18
56
11
108
75
17
115
2
57
113
18
56
11
108
75
17
115
2
57
113
18
56
11
108
75
17
115
2
57
113
18
56
11
108
75
17
115
2
57
113
18
56
11
108
75
17
115
2
57
113
18
56
11
108
75
17
115
2
57
113
18
56
11
108
75
17
115
2
57
113
18
56
11
108
75
17
115
2
57
113
18
56
11
108
75
17
115
2
57
113
18
56
11
108
75
17
115
2
57
113
18
56
11
108
75
17
115
2
57
113
18
56
11
108
75
17
115
2
57
113
18
56
11
108
75
17
115
2
57
113
18
56
11
108
75
17
115
2
57
113
18
56
11
108
75
17
115
2
57
113
18
56
11
108
75
17
115
2
57
113
18
56
11
108
75
17
115
2
57
113
18
56
11
108
75
17
115
2
57
113
18
56
11
108
75
17
115
2
57
113
18
56
11
108
75
17
115
2
57
113
18
56
11
108
75
17
115
2
57
113
18
56
11
108
75
17
115
2
57
113
18
56
11
108
75
17
115
2
57
113
18
56
11
108
75
17
115
2
57
113
18
56
11
108
75
17
115
2
57
113
18
56
11
108
75
17
115
2
57
113
18
56
11
108
75
17
115
2
57
113
18
56
11
108
75
17
115
2
57
113
18
56
11
108
75
17
115
2
57
113
18
56
11
108
75
17
115
2
57
113
18
56