11
108
75
17
115
2
57
113
53
56
11
108
75
17
115
2
57
113
53
56
11
108
75
17
115
2
57
113
53
56
11
108
75
17
115
2
57
113
53
56
11
108
75
17
115
2
57
113
53
56
11
108
75
17
115
2
57
113
53
56
11
108
75
17
115
2
57
113
53
56
11
108
75
17
115
2
57
113
53
56
11
108
75
17
115
2
57
113
53
56
11
108
75
17
115
2
57
113
53
56
11
108
75
17
115
2
57
113
53
56
11
108
75
17
115
2
57
113
53
56
11
108
75
17
115
2
57
113
53
56
11
108
75
17
115
2
57
113
53
56
11
108
75
17
115
2
57
113
53
56
11
108
75
17
115
2
57
113
53
56
11
108
75
17
115
2
57
113
53
56
11
108
75
17
115
2
57
113
53
56
11
108
75
17
115
2
57
113
53
56
11
108
75
17
115
2
57
113
53
56
11
108
75
17
115
2
57
113
53
56
11
108
75
17
115
2
57
113
53
56
11
108
75
17
115
2
57
113
53
56
11
108
75
17
115
2
57
113
53
56
11
108
75
17
115
2
57
113
53
56
11
108
75
17
115
2
57
113
53
56
11
108
75
17
115
2
57
113
53
56
11
108
75
17
115
2
57
113
53
56
11
108
75
17
115
2
57
113
53
56
11
108
75
17
115
2
57
113
53
56
11
108
75
17
115
2
57
113
53
56
11
108
75
17
115
2
57
113
53
56
11
108
75
17
115
2
57
113
53
56
11
108
75
17
115
2
57
113
53
56
11
108
75
17
115
2
57
113
53
56
11
108
75
17
115
2
57
113
53
56
11
108
75
17
115
2
57
113
53
56
11
108
75
17
115
2
57
113
53
56
11
108
75
17
115
2
57
113
53
56
11
108
75
17
115
2
57
113
53
56
11
108
75
17
115
2
57
113
53
56
11
108
75
17
115
2
57
113
53
56
11
108
75
17
115
2
57
113
53
56
11
108
75
17
115
2
57
113
53
56
11
108
75
17
115
2
57
113
53
56
11
108
75
17
115
2
57
113
53
56
11
108
75
17
115
2
57
113
53
56
11
108
75
17
115
2
57
113
53
56
11
108
75
17
115
2
57
113
53
56
11
108
75
17
115
2
57
113
53
56