11
108
75
17
111
115
2
57
113
56
11
108
75
17
111
115
2
57
113
56
11
108
75
17
111
115
2
57
113
56
11
108
75
17
111
115
2
57
113
56
11
108
75
17
111
115
2
57
113
56
11
108
75
17
111
115
2
57
113
56
11
108
75
17
111
115
2
57
113
56
11
108
75
17
111
115
2
57
113
56
11
108
75
17
111
115
2
57
113
56
11
108
75
17
111
115
2
57
113
56
11
108
75
17
111
115
2
57
113
56
11
108
75
17
111
115
2
57
113
56
11
108
75
17
111
115
2
57
113
56
11
108
75
17
111
115
2
57
113
56
11
108
75
17
111
115
2
57
113
56
11
108
75
17
111
115
2
57
113
56
11
108
75
17
111
115
2
57
113
56
11
108
75
17
111
115
2
57
113
56
11
108
75
17
111
115
2
57
113
56
11
108
75
17
111
115
2
57
113
56
11
108
75
17
111
115
2
57
113
56
11
108
75
17
111
115
2
57
113
56
11
108
75
17
111
115
2
57
113
56
11
108
75
17
111
115
2
57
113
56
11
108
75
17
111
115
2
57
113
56
11
108
75
17
111
115
2
57
113
56
11
108
75
17
111
115
2
57
113
56
11
108
75
17
111
115
2
57
113
56
11
108
75
17
111
115
2
57
113
56
11
108
75
17
111
115
2
57
113
56
11
108
75
17
111
115
2
57
113
56
11
108
75
17
111
115
2
57
113
56
11
108
75
17
111
115
2
57
113
56
11
108
75
17
111
115
2
57
113
56
11
108
75
17
111
115
2
57
113
56
11
108
75
17
111
115
2
57
113
56
11
108
75
17
111
115
2
57
113
56
11
108
75
17
111
115
2
57
113
56
11
108
75
17
111
115
2
57
113
56
11
108
75
17
111
115
2
57
113
56
11
108
75
17
111
115
2
57
113
56
11
108
75
17
111
115
2
57
113
56
11
108
75
17
111
115
2
57
113
56
11
108
75
17
111
115
2
57
113
56
11
108
75
17
111
115
2
57
113
56
11
108
75
17
111
115
2
57
113
56
11
108
75
17
111
115
2
57
113
56
11
108
75
17
111
115
2
57
113
56
11
108
75
17
111
115
2
57
113
56
11
108
75
17
111
115
2
57
113
56