11
108
75
111
2
57
113
53
18
56
11
108
75
111
2
57
113
53
18
56
11
108
75
111
2
57
113
53
18
56
11
108
75
111
2
57
113
53
18
56
11
108
75
111
2
57
113
53
18
56
11
108
75
111
2
57
113
53
18
56
11
108
75
111
2
57
113
53
18
56
11
108
75
111
2
57
113
53
18
56
11
108
75
111
2
57
113
53
18
56
11
108
75
111
2
57
113
53
18
56
11
108
75
111
2
57
113
53
18
56
11
108
75
111
2
57
113
53
18
56
11
108
75
111
2
57
113
53
18
56
11
108
75
111
2
57
113
53
18
56
11
108
75
111
2
57
113
53
18
56
11
108
75
111
2
57
113
53
18
56
11
108
75
111
2
57
113
53
18
56
11
108
75
111
2
57
113
53
18
56
11
108
75
111
2
57
113
53
18
56
11
108
75
111
2
57
113
53
18
56
11
108
75
111
2
57
113
53
18
56
11
108
75
111
2
57
113
53
18
56
11
108
75
111
2
57
113
53
18
56
11
108
75
111
2
57
113
53
18
56
11
108
75
111
2
57
113
53
18
56
11
108
75
111
2
57
113
53
18
56
11
108
75
111
2
57
113
53
18
56
11
108
75
111
2
57
113
53
18
56
11
108
75
111
2
57
113
53
18
56
11
108
75
111
2
57
113
53
18
56
11
108
75
111
2
57
113
53
18
56
11
108
75
111
2
57
113
53
18
56
11
108
75
111
2
57
113
53
18
56
11
108
75
111
2
57
113
53
18
56
11
108
75
111
2
57
113
53
18
56
11
108
75
111
2
57
113
53
18
56
11
108
75
111
2
57
113
53
18
56
11
108
75
111
2
57
113
53
18
56
11
108
75
111
2
57
113
53
18
56
11
108
75
111
2
57
113
53
18
56
11
108
75
111
2
57
113
53
18
56
11
108
75
111
2
57
113
53
18
56
11
108
75
111
2
57
113
53
18
56
11
108
75
111
2
57
113
53
18
56
11
108
75
111
2
57
113
53
18
56
11
108
75
111
2
57
113
53
18
56
11
108
75
111
2
57
113
53
18
56
11
108
75
111
2
57
113
53
18
56
11
108
75
111
2
57
113
53
18
56
11
108
75
111
2
57
113
53
18
56