11
75
17
111
115
2
113
53
18
56
11
75
17
111
115
2
113
53
18
56
11
75
17
111
115
2
113
53
18
56
11
75
17
111
115
2
113
53
18
56
11
75
17
111
115
2
113
53
18
56
11
75
17
111
115
2
113
53
18
56
11
75
17
111
115
2
113
53
18
56
11
75
17
111
115
2
113
53
18
56
11
75
17
111
115
2
113
53
18
56
11
75
17
111
115
2
113
53
18
56
11
75
17
111
115
2
113
53
18
56
11
75
17
111
115
2
113
53
18
56
11
75
17
111
115
2
113
53
18
56
11
75
17
111
115
2
113
53
18
56
11
75
17
111
115
2
113
53
18
56
11
75
17
111
115
2
113
53
18
56
11
75
17
111
115
2
113
53
18
56
11
75
17
111
115
2
113
53
18
56
11
75
17
111
115
2
113
53
18
56
11
75
17
111
115
2
113
53
18
56
11
75
17
111
115
2
113
53
18
56
11
75
17
111
115
2
113
53
18
56
11
75
17
111
115
2
113
53
18
56
11
75
17
111
115
2
113
53
18
56
11
75
17
111
115
2
113
53
18
56
11
75
17
111
115
2
113
53
18
56
11
75
17
111
115
2
113
53
18
56
11
75
17
111
115
2
113
53
18
56
11
75
17
111
115
2
113
53
18
56
11
75
17
111
115
2
113
53
18
56
11
75
17
111
115
2
113
53
18
56
11
75
17
111
115
2
113
53
18
56
11
75
17
111
115
2
113
53
18
56
11
75
17
111
115
2
113
53
18
56
11
75
17
111
115
2
113
53
18
56
11
75
17
111
115
2
113
53
18
56
11
75
17
111
115
2
113
53
18
56
11
75
17
111
115
2
113
53
18
56
11
75
17
111
115
2
113
53
18
56
11
75
17
111
115
2
113
53
18
56
11
75
17
111
115
2
113
53
18
56
11
75
17
111
115
2
113
53
18
56
11
75
17
111
115
2
113
53
18
56
11
75
17
111
115
2
113
53
18
56
11
75
17
111
115
2
113
53
18
56
11
75
17
111
115
2
113
53
18
56
11
75
17
111
115
2
113
53
18
56
11
75
17
111
115
2
113
53
18
56
11
75
17
111
115
2
113
53
18
56
11
75
17
111
115
2
113
53
18
56