23
35
9
45
3
23
35
9
45
3
23
35
9
45
3
23
35
9
45
3
23
35
9
45
3
23
35
9
45
3
23
35
9
45
3
23
35
9
45
3
23
35
9
45
3
23
35
9
45
3
23
35
9
45
3
23
35
9
45
3
23
35
9
45
3
23
35
9
45
3
23
35
9
45
3
23
35
9
45
3
23
35
9
45
3
23
35
9
45
3
23
35
9
45
3
23
35
9
45
3
23
35
9
45
3
23
35
9
45
3
23
35
9
45
3
23
35
9
45
3
23
35
9
45
3
23
35
9
45
3
23
35
9
45
3
23
35
9
45
3
23
35
9
45
3
23
35
9
45
3
23
35
9
45
3
23
35
9
45
3
23
35
9
45
3
23
35
9
45
3
23
35
9
45
3
23
35
9
45
3
23
35
9
45
3
23
35
9
45
3
23
35
9
45
3
23
35
9
45
3
23
35
9
45
3
23
35
9
45
3
23
35
9
45
3
23
35
9
45
3
23
35
9
45
3
23
35
9
45
3
23
35
9
45
3
23
35
9
45
3
23
35
9
45
3
23
35
9
45
3