23
35
11
9
45
23
35
11
9
45
23
35
11
9
45
23
35
11
9
45
23
35
11
9
45
23
35
11
9
45
23
35
11
9
45
23
35
11
9
45
23
35
11
9
45
23
35
11
9
45
23
35
11
9
45
23
35
11
9
45
23
35
11
9
45
23
35
11
9
45
23
35
11
9
45
23
35
11
9
45
23
35
11
9
45
23
35
11
9
45
23
35
11
9
45
23
35
11
9
45
23
35
11
9
45
23
35
11
9
45
23
35
11
9
45
23
35
11
9
45
23
35
11
9
45
23
35
11
9
45
23
35
11
9
45
23
35
11
9
45
23
35
11
9
45
23
35
11
9
45
23
35
11
9
45
23
35
11
9
45
23
35
11
9
45
23
35
11
9
45
23
35
11
9
45
23
35
11
9
45
23
35
11
9
45
23
35
11
9
45
23
35
11
9
45
23
35
11
9
45
23
35
11
9
45
23
35
11
9
45
23
35
11
9
45
23
35
11
9
45
23
35
11
9
45
23
35
11
9
45
23
35
11
9
45
23
35
11
9
45
23
35
11
9
45
23
35
11
9
45