15
35
11
9
45
15
35
11
9
45
15
35
11
9
45
15
35
11
9
45
15
35
11
9
45
15
35
11
9
45
15
35
11
9
45
15
35
11
9
45
15
35
11
9
45
15
35
11
9
45
15
35
11
9
45
15
35
11
9
45
15
35
11
9
45
15
35
11
9
45
15
35
11
9
45
15
35
11
9
45
15
35
11
9
45
15
35
11
9
45
15
35
11
9
45
15
35
11
9
45
15
35
11
9
45
15
35
11
9
45
15
35
11
9
45
15
35
11
9
45
15
35
11
9
45
15
35
11
9
45
15
35
11
9
45
15
35
11
9
45
15
35
11
9
45
15
35
11
9
45
15
35
11
9
45
15
35
11
9
45
15
35
11
9
45
15
35
11
9
45
15
35
11
9
45
15
35
11
9
45
15
35
11
9
45
15
35
11
9
45
15
35
11
9
45
15
35
11
9
45
15
35
11
9
45
15
35
11
9
45
15
35
11
9
45
15
35
11
9
45
15
35
11
9
45
15
35
11
9
45
15
35
11
9
45
15
35
11
9
45
15
35
11
9
45
15
35
11
9
45