15
9
11
6
14
15
9
11
6
14
15
9
11
6
14
15
9
11
6
14
15
9
11
6
14
15
9
11
6
14
15
9
11
6
14
15
9
11
6
14
15
9
11
6
14
15
9
11
6
14
15
9
11
6
14
15
9
11
6
14
15
9
11
6
14
15
9
11
6
14
15
9
11
6
14
15
9
11
6
14
15
9
11
6
14
15
9
11
6
14
15
9
11
6
14
15
9
11
6
14
15
9
11
6
14
15
9
11
6
14
15
9
11
6
14
15
9
11
6
14
15
9
11
6
14
15
9
11
6
14
15
9
11
6
14
15
9
11
6
14
15
9
11
6
14
15
9
11
6
14
15
9
11
6
14
15
9
11
6
14
15
9
11
6
14
15
9
11
6
14
15
9
11
6
14
15
9
11
6
14
15
9
11
6
14
15
9
11
6
14
15
9
11
6
14
15
9
11
6
14
15
9
11
6
14
15
9
11
6
14
15
9
11
6
14
15
9
11
6
14
15
9
11
6
14
15
9
11
6
14
15
9
11
6
14
15
9
11
6
14
15
9
11
6
14
15
9
11
6
14