70
75
1
77
39
87
20
64
25
96
70
75
1
77
39
87
20
64
25
96
70
75
1
77
39
87
20
64
25
96
70
75
1
77
39
87
20
64
25
96
70
75
1
77
39
87
20
64
25
96
70
75
1
77
39
87
20
64
25
96
70
75
1
77
39
87
20
64
25
96
70
75
1
77
39
87
20
64
25
96
70
75
1
77
39
87
20
64
25
96
70
75
1
77
39
87
20
64
25
96
70
75
1
77
39
87
20
64
25
96
70
75
1
77
39
87
20
64
25
96
70
75
1
77
39
87
20
64
25
96
70
75
1
77
39
87
20
64
25
96
70
75
1
77
39
87
20
64
25
96
70
75
1
77
39
87
20
64
25
96
70
75
1
77
39
87
20
64
25
96
70
75
1
77
39
87
20
64
25
96
70
75
1
77
39
87
20
64
25
96
70
75
1
77
39
87
20
64
25
96
70
75
1
77
39
87
20
64
25
96
70
75
1
77
39
87
20
64
25
96
70
75
1
77
39
87
20
64
25
96
70
75
1
77
39
87
20
64
25
96
70
75
1
77
39
87
20
64
25
96
70
75
1
77
39
87
20
64
25
96
70
75
1
77
39
87
20
64
25
96
70
75
1
77
39
87
20
64
25
96
70
75
1
77
39
87
20
64
25
96
70
75
1
77
39
87
20
64
25
96
70
75
1
77
39
87
20
64
25
96
70
75
1
77
39
87
20
64
25
96
70
75
1
77
39
87
20
64
25
96
70
75
1
77
39
87
20
64
25
96
70
75
1
77
39
87
20
64
25
96
70
75
1
77
39
87
20
64
25
96
70
75
1
77
39
87
20
64
25
96
70
75
1
77
39
87
20
64
25
96
70
75
1
77
39
87
20
64
25
96
70
75
1
77
39
87
20
64
25
96
70
75
1
77
39
87
20
64
25
96
70
75
1
77
39
87
20
64
25
96
70
75
1
77
39
87
20
64
25
96
70
75
1
77
39
87
20
64
25
96
70
75
1
77
39
87
20
64
25
96
70
75
1
77
39
87
20
64
25
96
70
75
1
77
39
87
20
64
25
96
70
75
1
77
39
87
20
64
25
96
70
75
1
77
39
87
20
64
25
96
70
75
1
77
39
87
20
64
25
96