70
75
1
77
39
90
20
25
15
96
70
75
1
77
39
90
20
25
15
96
70
75
1
77
39
90
20
25
15
96
70
75
1
77
39
90
20
25
15
96
70
75
1
77
39
90
20
25
15
96
70
75
1
77
39
90
20
25
15
96
70
75
1
77
39
90
20
25
15
96
70
75
1
77
39
90
20
25
15
96
70
75
1
77
39
90
20
25
15
96
70
75
1
77
39
90
20
25
15
96
70
75
1
77
39
90
20
25
15
96
70
75
1
77
39
90
20
25
15
96
70
75
1
77
39
90
20
25
15
96
70
75
1
77
39
90
20
25
15
96
70
75
1
77
39
90
20
25
15
96
70
75
1
77
39
90
20
25
15
96
70
75
1
77
39
90
20
25
15
96
70
75
1
77
39
90
20
25
15
96
70
75
1
77
39
90
20
25
15
96
70
75
1
77
39
90
20
25
15
96
70
75
1
77
39
90
20
25
15
96
70
75
1
77
39
90
20
25
15
96
70
75
1
77
39
90
20
25
15
96
70
75
1
77
39
90
20
25
15
96
70
75
1
77
39
90
20
25
15
96
70
75
1
77
39
90
20
25
15
96
70
75
1
77
39
90
20
25
15
96
70
75
1
77
39
90
20
25
15
96
70
75
1
77
39
90
20
25
15
96
70
75
1
77
39
90
20
25
15
96
70
75
1
77
39
90
20
25
15
96
70
75
1
77
39
90
20
25
15
96
70
75
1
77
39
90
20
25
15
96
70
75
1
77
39
90
20
25
15
96
70
75
1
77
39
90
20
25
15
96
70
75
1
77
39
90
20
25
15
96
70
75
1
77
39
90
20
25
15
96
70
75
1
77
39
90
20
25
15
96
70
75
1
77
39
90
20
25
15
96
70
75
1
77
39
90
20
25
15
96
70
75
1
77
39
90
20
25
15
96
70
75
1
77
39
90
20
25
15
96
70
75
1
77
39
90
20
25
15
96
70
75
1
77
39
90
20
25
15
96
70
75
1
77
39
90
20
25
15
96
70
75
1
77
39
90
20
25
15
96
70
75
1
77
39
90
20
25
15
96
70
75
1
77
39
90
20
25
15
96
70
75
1
77
39
90
20
25
15
96
70
75
1
77
39
90
20
25
15
96