70
1
77
39
87
90
20
64
25
96
70
1
77
39
87
90
20
64
25
96
70
1
77
39
87
90
20
64
25
96
70
1
77
39
87
90
20
64
25
96
70
1
77
39
87
90
20
64
25
96
70
1
77
39
87
90
20
64
25
96
70
1
77
39
87
90
20
64
25
96
70
1
77
39
87
90
20
64
25
96
70
1
77
39
87
90
20
64
25
96
70
1
77
39
87
90
20
64
25
96
70
1
77
39
87
90
20
64
25
96
70
1
77
39
87
90
20
64
25
96
70
1
77
39
87
90
20
64
25
96
70
1
77
39
87
90
20
64
25
96
70
1
77
39
87
90
20
64
25
96
70
1
77
39
87
90
20
64
25
96
70
1
77
39
87
90
20
64
25
96
70
1
77
39
87
90
20
64
25
96
70
1
77
39
87
90
20
64
25
96
70
1
77
39
87
90
20
64
25
96
70
1
77
39
87
90
20
64
25
96
70
1
77
39
87
90
20
64
25
96
70
1
77
39
87
90
20
64
25
96
70
1
77
39
87
90
20
64
25
96
70
1
77
39
87
90
20
64
25
96
70
1
77
39
87
90
20
64
25
96
70
1
77
39
87
90
20
64
25
96
70
1
77
39
87
90
20
64
25
96
70
1
77
39
87
90
20
64
25
96
70
1
77
39
87
90
20
64
25
96
70
1
77
39
87
90
20
64
25
96
70
1
77
39
87
90
20
64
25
96
70
1
77
39
87
90
20
64
25
96
70
1
77
39
87
90
20
64
25
96
70
1
77
39
87
90
20
64
25
96
70
1
77
39
87
90
20
64
25
96
70
1
77
39
87
90
20
64
25
96
70
1
77
39
87
90
20
64
25
96
70
1
77
39
87
90
20
64
25
96
70
1
77
39
87
90
20
64
25
96
70
1
77
39
87
90
20
64
25
96
70
1
77
39
87
90
20
64
25
96
70
1
77
39
87
90
20
64
25
96
70
1
77
39
87
90
20
64
25
96
70
1
77
39
87
90
20
64
25
96
70
1
77
39
87
90
20
64
25
96
70
1
77
39
87
90
20
64
25
96
70
1
77
39
87
90
20
64
25
96
70
1
77
39
87
90
20
64
25
96
70
1
77
39
87
90
20
64
25
96