75
1
39
15
70
77
64
96
20
90
75
1
39
15
70
77
64
96
20
90
75
1
39
15
70
77
64
96
20
90
75
1
39
15
70
77
64
96
20
90
75
1
39
15
70
77
64
96
20
90
75
1
39
15
70
77
64
96
20
90
75
1
39
15
70
77
64
96
20
90
75
1
39
15
70
77
64
96
20
90
75
1
39
15
70
77
64
96
20
90
75
1
39
15
70
77
64
96
20
90
75
1
39
15
70
77
64
96
20
90
75
1
39
15
70
77
64
96
20
90
75
1
39
15
70
77
64
96
20
90
75
1
39
15
70
77
64
96
20
90
75
1
39
15
70
77
64
96
20
90
75
1
39
15
70
77
64
96
20
90
75
1
39
15
70
77
64
96
20
90
75
1
39
15
70
77
64
96
20
90
75
1
39
15
70
77
64
96
20
90
75
1
39
15
70
77
64
96
20
90
75
1
39
15
70
77
64
96
20
90
75
1
39
15
70
77
64
96
20
90
75
1
39
15
70
77
64
96
20
90
75
1
39
15
70
77
64
96
20
90
75
1
39
15
70
77
64
96
20
90
75
1
39
15
70
77
64
96
20
90
75
1
39
15
70
77
64
96
20
90
75
1
39
15
70
77
64
96
20
90
75
1
39
15
70
77
64
96
20
90
75
1
39
15
70
77
64
96
20
90
75
1
39
15
70
77
64
96
20
90
75
1
39
15
70
77
64
96
20
90
75
1
39
15
70
77
64
96
20
90
75
1
39
15
70
77
64
96
20
90
75
1
39
15
70
77
64
96
20
90
75
1
39
15
70
77
64
96
20
90
75
1
39
15
70
77
64
96
20
90
75
1
39
15
70
77
64
96
20
90
75
1
39
15
70
77
64
96
20
90
75
1
39
15
70
77
64
96
20
90
75
1
39
15
70
77
64
96
20
90
75
1
39
15
70
77
64
96
20
90
75
1
39
15
70
77
64
96
20
90
75
1
39
15
70
77
64
96
20
90
75
1
39
15
70
77
64
96
20
90
75
1
39
15
70
77
64
96
20
90
75
1
39
15
70
77
64
96
20
90
75
1
39
15
70
77
64
96
20
90
75
1
39
15
70
77
64
96
20
90
75
1
39
15
70
77
64
96
20
90