161
157
162
163
381
402
401
310
161
157
162
163
381
402
401
310
161
157
162
163
381
402
401
310
161
157
162
163
381
402
401
310
161
157
162
163
381
402
401
310
161
157
162
163
381
402
401
310
161
157
162
163
381
402
401
310
161
157
162
163
381
402
401
310
161
157
162
163
381
402
401
310
161
157
162
163
381
402
401
310
161
157
162
163
381
402
401
310
161
157
162
163
381
402
401
310
161
157
162
163
381
402
401
310
161
157
162
163
381
402
401
310
161
157
162
163
381
402
401
310
161
157
162
163
381
402
401
310
161
157
162
163
381
402
401
310
161
157
162
163
381
402
401
310
161
157
162
163
381
402
401
310
161
157
162
163
381
402
401
310
161
157
162
163
381
402
401
310
161
157
162
163
381
402
401
310
161
157
162
163
381
402
401
310
161
157
162
163
381
402
401
310
161
157
162
163
381
402
401
310
161
157
162
163
381
402
401
310
161
157
162
163
381
402
401
310
161
157
162
163
381
402
401
310
161
157
162
163
381
402
401
310
161
157
162
163
381
402
401
310
161
157
162
163
381
402
401
310
161
157
162
163
381
402
401
310
161
157
162
163
381
402
401
310
161
157
162
163
381
402
401
310
161
157
162
163
381
402
401
310
161
157
162
163
381
402
401
310
161
157
162
163
381
402
401
310
161
157
162
163
381
402
401
310
161
157
162
163
381
402
401
310
161
157
162
163
381
402
401
310
161
157
162
163
381
402
401
310
161
157
162
163
381
402
401
310
161
157
162
163
381
402
401
310
161
157
162
163
381
402
401
310
161
157
162
163
381
402
401
310
161
157
162
163
381
402
401
310
161
157
162
163
381
402
401
310
161
157
162
163
381
402
401
310
161
157
162
163
381
402
401
310
161
157
162
163
381
402
401
310