90
4
172
118
61
179
48
10
107
34
90
4
172
118
61
179
48
10
107
34
90
4
172
118
61
179
48
10
107
34
90
4
172
118
61
179
48
10
107
34
90
4
172
118
61
179
48
10
107
34
90
4
172
118
61
179
48
10
107
34
90
4
172
118
61
179
48
10
107
34
90
4
172
118
61
179
48
10
107
34
90
4
172
118
61
179
48
10
107
34
90
4
172
118
61
179
48
10
107
34
90
4
172
118
61
179
48
10
107
34
90
4
172
118
61
179
48
10
107
34
90
4
172
118
61
179
48
10
107
34
90
4
172
118
61
179
48
10
107
34
90
4
172
118
61
179
48
10
107
34
90
4
172
118
61
179
48
10
107
34
90
4
172
118
61
179
48
10
107
34
90
4
172
118
61
179
48
10
107
34
90
4
172
118
61
179
48
10
107
34
90
4
172
118
61
179
48
10
107
34
90
4
172
118
61
179
48
10
107
34
90
4
172
118
61
179
48
10
107
34
90
4
172
118
61
179
48
10
107
34
90
4
172
118
61
179
48
10
107
34
90
4
172
118
61
179
48
10
107
34
90
4
172
118
61
179
48
10
107
34
90
4
172
118
61
179
48
10
107
34
90
4
172
118
61
179
48
10
107
34
90
4
172
118
61
179
48
10
107
34
90
4
172
118
61
179
48
10
107
34
90
4
172
118
61
179
48
10
107
34
90
4
172
118
61
179
48
10
107
34
90
4
172
118
61
179
48
10
107
34
90
4
172
118
61
179
48
10
107
34
90
4
172
118
61
179
48
10
107
34
90
4
172
118
61
179
48
10
107
34
90
4
172
118
61
179
48
10
107
34
90
4
172
118
61
179
48
10
107
34
90
4
172
118
61
179
48
10
107
34
90
4
172
118
61
179
48
10
107
34
90
4
172
118
61
179
48
10
107
34
90
4
172
118
61
179
48
10
107
34
90
4
172
118
61
179
48
10
107
34
90
4
172
118
61
179
48
10
107
34
90
4
172
118
61
179
48
10
107
34
90
4
172
118
61
179
48
10
107
34
90
4
172
118
61
179
48
10
107
34
90
4
172
118
61
179
48
10
107
34
90
4
172
118
61
179
48
10
107
34
90
4
172
118
61
179
48
10
107
34