61
179
4
34
172
51
107
177
48
110
61
179
4
34
172
51
107
177
48
110
61
179
4
34
172
51
107
177
48
110
61
179
4
34
172
51
107
177
48
110
61
179
4
34
172
51
107
177
48
110
61
179
4
34
172
51
107
177
48
110
61
179
4
34
172
51
107
177
48
110
61
179
4
34
172
51
107
177
48
110
61
179
4
34
172
51
107
177
48
110
61
179
4
34
172
51
107
177
48
110
61
179
4
34
172
51
107
177
48
110
61
179
4
34
172
51
107
177
48
110
61
179
4
34
172
51
107
177
48
110
61
179
4
34
172
51
107
177
48
110
61
179
4
34
172
51
107
177
48
110
61
179
4
34
172
51
107
177
48
110
61
179
4
34
172
51
107
177
48
110
61
179
4
34
172
51
107
177
48
110
61
179
4
34
172
51
107
177
48
110
61
179
4
34
172
51
107
177
48
110
61
179
4
34
172
51
107
177
48
110
61
179
4
34
172
51
107
177
48
110
61
179
4
34
172
51
107
177
48
110
61
179
4
34
172
51
107
177
48
110
61
179
4
34
172
51
107
177
48
110
61
179
4
34
172
51
107
177
48
110
61
179
4
34
172
51
107
177
48
110
61
179
4
34
172
51
107
177
48
110
61
179
4
34
172
51
107
177
48
110
61
179
4
34
172
51
107
177
48
110
61
179
4
34
172
51
107
177
48
110
61
179
4
34
172
51
107
177
48
110
61
179
4
34
172
51
107
177
48
110
61
179
4
34
172
51
107
177
48
110
61
179
4
34
172
51
107
177
48
110
61
179
4
34
172
51
107
177
48
110
61
179
4
34
172
51
107
177
48
110
61
179
4
34
172
51
107
177
48
110
61
179
4
34
172
51
107
177
48
110
61
179
4
34
172
51
107
177
48
110
61
179
4
34
172
51
107
177
48
110
61
179
4
34
172
51
107
177
48
110
61
179
4
34
172
51
107
177
48
110
61
179
4
34
172
51
107
177
48
110
61
179
4
34
172
51
107
177
48
110
61
179
4
34
172
51
107
177
48
110
61
179
4
34
172
51
107
177
48
110
61
179
4
34
172
51
107
177
48
110
61
179
4
34
172
51
107
177
48
110
61
179
4
34
172
51
107
177
48
110