48
107
110
61
177
157
179
51
34
118
48
107
110
61
177
157
179
51
34
118
48
107
110
61
177
157
179
51
34
118
48
107
110
61
177
157
179
51
34
118
48
107
110
61
177
157
179
51
34
118
48
107
110
61
177
157
179
51
34
118
48
107
110
61
177
157
179
51
34
118
48
107
110
61
177
157
179
51
34
118
48
107
110
61
177
157
179
51
34
118
48
107
110
61
177
157
179
51
34
118
48
107
110
61
177
157
179
51
34
118
48
107
110
61
177
157
179
51
34
118
48
107
110
61
177
157
179
51
34
118
48
107
110
61
177
157
179
51
34
118
48
107
110
61
177
157
179
51
34
118
48
107
110
61
177
157
179
51
34
118
48
107
110
61
177
157
179
51
34
118
48
107
110
61
177
157
179
51
34
118
48
107
110
61
177
157
179
51
34
118
48
107
110
61
177
157
179
51
34
118
48
107
110
61
177
157
179
51
34
118
48
107
110
61
177
157
179
51
34
118
48
107
110
61
177
157
179
51
34
118
48
107
110
61
177
157
179
51
34
118
48
107
110
61
177
157
179
51
34
118
48
107
110
61
177
157
179
51
34
118
48
107
110
61
177
157
179
51
34
118
48
107
110
61
177
157
179
51
34
118
48
107
110
61
177
157
179
51
34
118
48
107
110
61
177
157
179
51
34
118
48
107
110
61
177
157
179
51
34
118
48
107
110
61
177
157
179
51
34
118
48
107
110
61
177
157
179
51
34
118
48
107
110
61
177
157
179
51
34
118
48
107
110
61
177
157
179
51
34
118
48
107
110
61
177
157
179
51
34
118
48
107
110
61
177
157
179
51
34
118
48
107
110
61
177
157
179
51
34
118
48
107
110
61
177
157
179
51
34
118
48
107
110
61
177
157
179
51
34
118
48
107
110
61
177
157
179
51
34
118
48
107
110
61
177
157
179
51
34
118
48
107
110
61
177
157
179
51
34
118
48
107
110
61
177
157
179
51
34
118
48
107
110
61
177
157
179
51
34
118
48
107
110
61
177
157
179
51
34
118
48
107
110
61
177
157
179
51
34
118
48
107
110
61
177
157
179
51
34
118
48
107
110
61
177
157
179
51
34
118
48
107
110
61
177
157
179
51
34
118