51
172
110
34
57
90
61
179
48
177
51
172
110
34
57
90
61
179
48
177
51
172
110
34
57
90
61
179
48
177
51
172
110
34
57
90
61
179
48
177
51
172
110
34
57
90
61
179
48
177
51
172
110
34
57
90
61
179
48
177
51
172
110
34
57
90
61
179
48
177
51
172
110
34
57
90
61
179
48
177
51
172
110
34
57
90
61
179
48
177
51
172
110
34
57
90
61
179
48
177
51
172
110
34
57
90
61
179
48
177
51
172
110
34
57
90
61
179
48
177
51
172
110
34
57
90
61
179
48
177
51
172
110
34
57
90
61
179
48
177
51
172
110
34
57
90
61
179
48
177
51
172
110
34
57
90
61
179
48
177
51
172
110
34
57
90
61
179
48
177
51
172
110
34
57
90
61
179
48
177
51
172
110
34
57
90
61
179
48
177
51
172
110
34
57
90
61
179
48
177
51
172
110
34
57
90
61
179
48
177
51
172
110
34
57
90
61
179
48
177
51
172
110
34
57
90
61
179
48
177
51
172
110
34
57
90
61
179
48
177
51
172
110
34
57
90
61
179
48
177
51
172
110
34
57
90
61
179
48
177
51
172
110
34
57
90
61
179
48
177
51
172
110
34
57
90
61
179
48
177
51
172
110
34
57
90
61
179
48
177
51
172
110
34
57
90
61
179
48
177
51
172
110
34
57
90
61
179
48
177
51
172
110
34
57
90
61
179
48
177
51
172
110
34
57
90
61
179
48
177
51
172
110
34
57
90
61
179
48
177
51
172
110
34
57
90
61
179
48
177
51
172
110
34
57
90
61
179
48
177
51
172
110
34
57
90
61
179
48
177
51
172
110
34
57
90
61
179
48
177
51
172
110
34
57
90
61
179
48
177
51
172
110
34
57
90
61
179
48
177
51
172
110
34
57
90
61
179
48
177
51
172
110
34
57
90
61
179
48
177
51
172
110
34
57
90
61
179
48
177
51
172
110
34
57
90
61
179
48
177
51
172
110
34
57
90
61
179
48
177
51
172
110
34
57
90
61
179
48
177
51
172
110
34
57
90
61
179
48
177
51
172
110
34
57
90
61
179
48
177
51
172
110
34
57
90
61
179
48
177
51
172
110
34
57
90
61
179
48
177