107
118
90
179
57
34
172
177
61
10
107
118
90
179
57
34
172
177
61
10
107
118
90
179
57
34
172
177
61
10
107
118
90
179
57
34
172
177
61
10
107
118
90
179
57
34
172
177
61
10
107
118
90
179
57
34
172
177
61
10
107
118
90
179
57
34
172
177
61
10
107
118
90
179
57
34
172
177
61
10
107
118
90
179
57
34
172
177
61
10
107
118
90
179
57
34
172
177
61
10
107
118
90
179
57
34
172
177
61
10
107
118
90
179
57
34
172
177
61
10
107
118
90
179
57
34
172
177
61
10
107
118
90
179
57
34
172
177
61
10
107
118
90
179
57
34
172
177
61
10
107
118
90
179
57
34
172
177
61
10
107
118
90
179
57
34
172
177
61
10
107
118
90
179
57
34
172
177
61
10
107
118
90
179
57
34
172
177
61
10
107
118
90
179
57
34
172
177
61
10
107
118
90
179
57
34
172
177
61
10
107
118
90
179
57
34
172
177
61
10
107
118
90
179
57
34
172
177
61
10
107
118
90
179
57
34
172
177
61
10
107
118
90
179
57
34
172
177
61
10
107
118
90
179
57
34
172
177
61
10
107
118
90
179
57
34
172
177
61
10
107
118
90
179
57
34
172
177
61
10
107
118
90
179
57
34
172
177
61
10
107
118
90
179
57
34
172
177
61
10
107
118
90
179
57
34
172
177
61
10
107
118
90
179
57
34
172
177
61
10
107
118
90
179
57
34
172
177
61
10
107
118
90
179
57
34
172
177
61
10
107
118
90
179
57
34
172
177
61
10
107
118
90
179
57
34
172
177
61
10
107
118
90
179
57
34
172
177
61
10
107
118
90
179
57
34
172
177
61
10
107
118
90
179
57
34
172
177
61
10
107
118
90
179
57
34
172
177
61
10
107
118
90
179
57
34
172
177
61
10
107
118
90
179
57
34
172
177
61
10
107
118
90
179
57
34
172
177
61
10
107
118
90
179
57
34
172
177
61
10
107
118
90
179
57
34
172
177
61
10
107
118
90
179
57
34
172
177
61
10
107
118
90
179
57
34
172
177
61
10
107
118
90
179
57
34
172
177
61
10
107
118
90
179
57
34
172
177
61
10
107
118
90
179
57
34
172
177
61
10