177
61
107
51
118
172
10
34
48
179
177
61
107
51
118
172
10
34
48
179
177
61
107
51
118
172
10
34
48
179
177
61
107
51
118
172
10
34
48
179
177
61
107
51
118
172
10
34
48
179
177
61
107
51
118
172
10
34
48
179
177
61
107
51
118
172
10
34
48
179
177
61
107
51
118
172
10
34
48
179
177
61
107
51
118
172
10
34
48
179
177
61
107
51
118
172
10
34
48
179
177
61
107
51
118
172
10
34
48
179
177
61
107
51
118
172
10
34
48
179
177
61
107
51
118
172
10
34
48
179
177
61
107
51
118
172
10
34
48
179
177
61
107
51
118
172
10
34
48
179
177
61
107
51
118
172
10
34
48
179
177
61
107
51
118
172
10
34
48
179
177
61
107
51
118
172
10
34
48
179
177
61
107
51
118
172
10
34
48
179
177
61
107
51
118
172
10
34
48
179
177
61
107
51
118
172
10
34
48
179
177
61
107
51
118
172
10
34
48
179
177
61
107
51
118
172
10
34
48
179
177
61
107
51
118
172
10
34
48
179
177
61
107
51
118
172
10
34
48
179
177
61
107
51
118
172
10
34
48
179
177
61
107
51
118
172
10
34
48
179
177
61
107
51
118
172
10
34
48
179
177
61
107
51
118
172
10
34
48
179
177
61
107
51
118
172
10
34
48
179
177
61
107
51
118
172
10
34
48
179
177
61
107
51
118
172
10
34
48
179
177
61
107
51
118
172
10
34
48
179
177
61
107
51
118
172
10
34
48
179
177
61
107
51
118
172
10
34
48
179
177
61
107
51
118
172
10
34
48
179
177
61
107
51
118
172
10
34
48
179
177
61
107
51
118
172
10
34
48
179
177
61
107
51
118
172
10
34
48
179
177
61
107
51
118
172
10
34
48
179
177
61
107
51
118
172
10
34
48
179
177
61
107
51
118
172
10
34
48
179
177
61
107
51
118
172
10
34
48
179
177
61
107
51
118
172
10
34
48
179
177
61
107
51
118
172
10
34
48
179
177
61
107
51
118
172
10
34
48
179
177
61
107
51
118
172
10
34
48
179
177
61
107
51
118
172
10
34
48
179
177
61
107
51
118
172
10
34
48
179
177
61
107
51
118
172
10
34
48
179