61
177
34
157
90
179
172
57
4
107
61
177
34
157
90
179
172
57
4
107
61
177
34
157
90
179
172
57
4
107
61
177
34
157
90
179
172
57
4
107
61
177
34
157
90
179
172
57
4
107
61
177
34
157
90
179
172
57
4
107
61
177
34
157
90
179
172
57
4
107
61
177
34
157
90
179
172
57
4
107
61
177
34
157
90
179
172
57
4
107
61
177
34
157
90
179
172
57
4
107
61
177
34
157
90
179
172
57
4
107
61
177
34
157
90
179
172
57
4
107
61
177
34
157
90
179
172
57
4
107
61
177
34
157
90
179
172
57
4
107
61
177
34
157
90
179
172
57
4
107
61
177
34
157
90
179
172
57
4
107
61
177
34
157
90
179
172
57
4
107
61
177
34
157
90
179
172
57
4
107
61
177
34
157
90
179
172
57
4
107
61
177
34
157
90
179
172
57
4
107
61
177
34
157
90
179
172
57
4
107
61
177
34
157
90
179
172
57
4
107
61
177
34
157
90
179
172
57
4
107
61
177
34
157
90
179
172
57
4
107
61
177
34
157
90
179
172
57
4
107
61
177
34
157
90
179
172
57
4
107
61
177
34
157
90
179
172
57
4
107
61
177
34
157
90
179
172
57
4
107
61
177
34
157
90
179
172
57
4
107
61
177
34
157
90
179
172
57
4
107
61
177
34
157
90
179
172
57
4
107
61
177
34
157
90
179
172
57
4
107
61
177
34
157
90
179
172
57
4
107
61
177
34
157
90
179
172
57
4
107
61
177
34
157
90
179
172
57
4
107
61
177
34
157
90
179
172
57
4
107
61
177
34
157
90
179
172
57
4
107
61
177
34
157
90
179
172
57
4
107
61
177
34
157
90
179
172
57
4
107
61
177
34
157
90
179
172
57
4
107
61
177
34
157
90
179
172
57
4
107
61
177
34
157
90
179
172
57
4
107
61
177
34
157
90
179
172
57
4
107
61
177
34
157
90
179
172
57
4
107
61
177
34
157
90
179
172
57
4
107
61
177
34
157
90
179
172
57
4
107
61
177
34
157
90
179
172
57
4
107
61
177
34
157
90
179
172
57
4
107
61
177
34
157
90
179
172
57
4
107
61
177
34
157
90
179
172
57
4
107