107
4
177
110
61
48
118
90
57
179
107
4
177
110
61
48
118
90
57
179
107
4
177
110
61
48
118
90
57
179
107
4
177
110
61
48
118
90
57
179
107
4
177
110
61
48
118
90
57
179
107
4
177
110
61
48
118
90
57
179
107
4
177
110
61
48
118
90
57
179
107
4
177
110
61
48
118
90
57
179
107
4
177
110
61
48
118
90
57
179
107
4
177
110
61
48
118
90
57
179
107
4
177
110
61
48
118
90
57
179
107
4
177
110
61
48
118
90
57
179
107
4
177
110
61
48
118
90
57
179
107
4
177
110
61
48
118
90
57
179
107
4
177
110
61
48
118
90
57
179
107
4
177
110
61
48
118
90
57
179
107
4
177
110
61
48
118
90
57
179
107
4
177
110
61
48
118
90
57
179
107
4
177
110
61
48
118
90
57
179
107
4
177
110
61
48
118
90
57
179
107
4
177
110
61
48
118
90
57
179
107
4
177
110
61
48
118
90
57
179
107
4
177
110
61
48
118
90
57
179
107
4
177
110
61
48
118
90
57
179
107
4
177
110
61
48
118
90
57
179
107
4
177
110
61
48
118
90
57
179
107
4
177
110
61
48
118
90
57
179
107
4
177
110
61
48
118
90
57
179
107
4
177
110
61
48
118
90
57
179
107
4
177
110
61
48
118
90
57
179
107
4
177
110
61
48
118
90
57
179
107
4
177
110
61
48
118
90
57
179
107
4
177
110
61
48
118
90
57
179
107
4
177
110
61
48
118
90
57
179
107
4
177
110
61
48
118
90
57
179
107
4
177
110
61
48
118
90
57
179
107
4
177
110
61
48
118
90
57
179
107
4
177
110
61
48
118
90
57
179
107
4
177
110
61
48
118
90
57
179
107
4
177
110
61
48
118
90
57
179
107
4
177
110
61
48
118
90
57
179
107
4
177
110
61
48
118
90
57
179
107
4
177
110
61
48
118
90
57
179
107
4
177
110
61
48
118
90
57
179
107
4
177
110
61
48
118
90
57
179
107
4
177
110
61
48
118
90
57
179
107
4
177
110
61
48
118
90
57
179
107
4
177
110
61
48
118
90
57
179
107
4
177
110
61
48
118
90
57
179
107
4
177
110
61
48
118
90
57
179