157
57
48
34
61
172
51
107
90
10
157
57
48
34
61
172
51
107
90
10
157
57
48
34
61
172
51
107
90
10
157
57
48
34
61
172
51
107
90
10
157
57
48
34
61
172
51
107
90
10
157
57
48
34
61
172
51
107
90
10
157
57
48
34
61
172
51
107
90
10
157
57
48
34
61
172
51
107
90
10
157
57
48
34
61
172
51
107
90
10
157
57
48
34
61
172
51
107
90
10
157
57
48
34
61
172
51
107
90
10
157
57
48
34
61
172
51
107
90
10
157
57
48
34
61
172
51
107
90
10
157
57
48
34
61
172
51
107
90
10
157
57
48
34
61
172
51
107
90
10
157
57
48
34
61
172
51
107
90
10
157
57
48
34
61
172
51
107
90
10
157
57
48
34
61
172
51
107
90
10
157
57
48
34
61
172
51
107
90
10
157
57
48
34
61
172
51
107
90
10
157
57
48
34
61
172
51
107
90
10
157
57
48
34
61
172
51
107
90
10
157
57
48
34
61
172
51
107
90
10
157
57
48
34
61
172
51
107
90
10
157
57
48
34
61
172
51
107
90
10
157
57
48
34
61
172
51
107
90
10
157
57
48
34
61
172
51
107
90
10
157
57
48
34
61
172
51
107
90
10
157
57
48
34
61
172
51
107
90
10
157
57
48
34
61
172
51
107
90
10
157
57
48
34
61
172
51
107
90
10
157
57
48
34
61
172
51
107
90
10
157
57
48
34
61
172
51
107
90
10
157
57
48
34
61
172
51
107
90
10
157
57
48
34
61
172
51
107
90
10
157
57
48
34
61
172
51
107
90
10
157
57
48
34
61
172
51
107
90
10
157
57
48
34
61
172
51
107
90
10
157
57
48
34
61
172
51
107
90
10
157
57
48
34
61
172
51
107
90
10
157
57
48
34
61
172
51
107
90
10
157
57
48
34
61
172
51
107
90
10
157
57
48
34
61
172
51
107
90
10
157
57
48
34
61
172
51
107
90
10
157
57
48
34
61
172
51
107
90
10
157
57
48
34
61
172
51
107
90
10
157
57
48
34
61
172
51
107
90
10
157
57
48
34
61
172
51
107
90
10
157
57
48
34
61
172
51
107
90
10
157
57
48
34
61
172
51
107
90
10