118
61
10
177
107
4
179
51
57
157
118
61
10
177
107
4
179
51
57
157
118
61
10
177
107
4
179
51
57
157
118
61
10
177
107
4
179
51
57
157
118
61
10
177
107
4
179
51
57
157
118
61
10
177
107
4
179
51
57
157
118
61
10
177
107
4
179
51
57
157
118
61
10
177
107
4
179
51
57
157
118
61
10
177
107
4
179
51
57
157
118
61
10
177
107
4
179
51
57
157
118
61
10
177
107
4
179
51
57
157
118
61
10
177
107
4
179
51
57
157
118
61
10
177
107
4
179
51
57
157
118
61
10
177
107
4
179
51
57
157
118
61
10
177
107
4
179
51
57
157
118
61
10
177
107
4
179
51
57
157
118
61
10
177
107
4
179
51
57
157
118
61
10
177
107
4
179
51
57
157
118
61
10
177
107
4
179
51
57
157
118
61
10
177
107
4
179
51
57
157
118
61
10
177
107
4
179
51
57
157
118
61
10
177
107
4
179
51
57
157
118
61
10
177
107
4
179
51
57
157
118
61
10
177
107
4
179
51
57
157
118
61
10
177
107
4
179
51
57
157
118
61
10
177
107
4
179
51
57
157
118
61
10
177
107
4
179
51
57
157
118
61
10
177
107
4
179
51
57
157
118
61
10
177
107
4
179
51
57
157
118
61
10
177
107
4
179
51
57
157
118
61
10
177
107
4
179
51
57
157
118
61
10
177
107
4
179
51
57
157
118
61
10
177
107
4
179
51
57
157
118
61
10
177
107
4
179
51
57
157
118
61
10
177
107
4
179
51
57
157
118
61
10
177
107
4
179
51
57
157
118
61
10
177
107
4
179
51
57
157
118
61
10
177
107
4
179
51
57
157
118
61
10
177
107
4
179
51
57
157
118
61
10
177
107
4
179
51
57
157
118
61
10
177
107
4
179
51
57
157
118
61
10
177
107
4
179
51
57
157
118
61
10
177
107
4
179
51
57
157
118
61
10
177
107
4
179
51
57
157
118
61
10
177
107
4
179
51
57
157
118
61
10
177
107
4
179
51
57
157
118
61
10
177
107
4
179
51
57
157
118
61
10
177
107
4
179
51
57
157
118
61
10
177
107
4
179
51
57
157
118
61
10
177
107
4
179
51
57
157