90
4
172
48
57
61
177
10
157
107
90
4
172
48
57
61
177
10
157
107
90
4
172
48
57
61
177
10
157
107
90
4
172
48
57
61
177
10
157
107
90
4
172
48
57
61
177
10
157
107
90
4
172
48
57
61
177
10
157
107
90
4
172
48
57
61
177
10
157
107
90
4
172
48
57
61
177
10
157
107
90
4
172
48
57
61
177
10
157
107
90
4
172
48
57
61
177
10
157
107
90
4
172
48
57
61
177
10
157
107
90
4
172
48
57
61
177
10
157
107
90
4
172
48
57
61
177
10
157
107
90
4
172
48
57
61
177
10
157
107
90
4
172
48
57
61
177
10
157
107
90
4
172
48
57
61
177
10
157
107
90
4
172
48
57
61
177
10
157
107
90
4
172
48
57
61
177
10
157
107
90
4
172
48
57
61
177
10
157
107
90
4
172
48
57
61
177
10
157
107
90
4
172
48
57
61
177
10
157
107
90
4
172
48
57
61
177
10
157
107
90
4
172
48
57
61
177
10
157
107
90
4
172
48
57
61
177
10
157
107
90
4
172
48
57
61
177
10
157
107
90
4
172
48
57
61
177
10
157
107
90
4
172
48
57
61
177
10
157
107
90
4
172
48
57
61
177
10
157
107
90
4
172
48
57
61
177
10
157
107
90
4
172
48
57
61
177
10
157
107
90
4
172
48
57
61
177
10
157
107
90
4
172
48
57
61
177
10
157
107
90
4
172
48
57
61
177
10
157
107
90
4
172
48
57
61
177
10
157
107
90
4
172
48
57
61
177
10
157
107
90
4
172
48
57
61
177
10
157
107
90
4
172
48
57
61
177
10
157
107
90
4
172
48
57
61
177
10
157
107
90
4
172
48
57
61
177
10
157
107
90
4
172
48
57
61
177
10
157
107
90
4
172
48
57
61
177
10
157
107
90
4
172
48
57
61
177
10
157
107
90
4
172
48
57
61
177
10
157
107
90
4
172
48
57
61
177
10
157
107
90
4
172
48
57
61
177
10
157
107
90
4
172
48
57
61
177
10
157
107
90
4
172
48
57
61
177
10
157
107
90
4
172
48
57
61
177
10
157
107
90
4
172
48
57
61
177
10
157
107
90
4
172
48
57
61
177
10
157
107