118
51
61
179
107
34
4
10
157
177
118
51
61
179
107
34
4
10
157
177
118
51
61
179
107
34
4
10
157
177
118
51
61
179
107
34
4
10
157
177
118
51
61
179
107
34
4
10
157
177
118
51
61
179
107
34
4
10
157
177
118
51
61
179
107
34
4
10
157
177
118
51
61
179
107
34
4
10
157
177
118
51
61
179
107
34
4
10
157
177
118
51
61
179
107
34
4
10
157
177
118
51
61
179
107
34
4
10
157
177
118
51
61
179
107
34
4
10
157
177
118
51
61
179
107
34
4
10
157
177
118
51
61
179
107
34
4
10
157
177
118
51
61
179
107
34
4
10
157
177
118
51
61
179
107
34
4
10
157
177
118
51
61
179
107
34
4
10
157
177
118
51
61
179
107
34
4
10
157
177
118
51
61
179
107
34
4
10
157
177
118
51
61
179
107
34
4
10
157
177
118
51
61
179
107
34
4
10
157
177
118
51
61
179
107
34
4
10
157
177
118
51
61
179
107
34
4
10
157
177
118
51
61
179
107
34
4
10
157
177
118
51
61
179
107
34
4
10
157
177
118
51
61
179
107
34
4
10
157
177
118
51
61
179
107
34
4
10
157
177
118
51
61
179
107
34
4
10
157
177
118
51
61
179
107
34
4
10
157
177
118
51
61
179
107
34
4
10
157
177
118
51
61
179
107
34
4
10
157
177
118
51
61
179
107
34
4
10
157
177
118
51
61
179
107
34
4
10
157
177
118
51
61
179
107
34
4
10
157
177
118
51
61
179
107
34
4
10
157
177
118
51
61
179
107
34
4
10
157
177
118
51
61
179
107
34
4
10
157
177
118
51
61
179
107
34
4
10
157
177
118
51
61
179
107
34
4
10
157
177
118
51
61
179
107
34
4
10
157
177
118
51
61
179
107
34
4
10
157
177
118
51
61
179
107
34
4
10
157
177
118
51
61
179
107
34
4
10
157
177
118
51
61
179
107
34
4
10
157
177
118
51
61
179
107
34
4
10
157
177
118
51
61
179
107
34
4
10
157
177
118
51
61
179
107
34
4
10
157
177
118
51
61
179
107
34
4
10
157
177
118
51
61
179
107
34
4
10
157
177
118
51
61
179
107
34
4
10
157
177