90
48
107
179
61
4
110
172
57
118
90
48
107
179
61
4
110
172
57
118
90
48
107
179
61
4
110
172
57
118
90
48
107
179
61
4
110
172
57
118
90
48
107
179
61
4
110
172
57
118
90
48
107
179
61
4
110
172
57
118
90
48
107
179
61
4
110
172
57
118
90
48
107
179
61
4
110
172
57
118
90
48
107
179
61
4
110
172
57
118
90
48
107
179
61
4
110
172
57
118
90
48
107
179
61
4
110
172
57
118
90
48
107
179
61
4
110
172
57
118
90
48
107
179
61
4
110
172
57
118
90
48
107
179
61
4
110
172
57
118
90
48
107
179
61
4
110
172
57
118
90
48
107
179
61
4
110
172
57
118
90
48
107
179
61
4
110
172
57
118
90
48
107
179
61
4
110
172
57
118
90
48
107
179
61
4
110
172
57
118
90
48
107
179
61
4
110
172
57
118
90
48
107
179
61
4
110
172
57
118
90
48
107
179
61
4
110
172
57
118
90
48
107
179
61
4
110
172
57
118
90
48
107
179
61
4
110
172
57
118
90
48
107
179
61
4
110
172
57
118
90
48
107
179
61
4
110
172
57
118
90
48
107
179
61
4
110
172
57
118
90
48
107
179
61
4
110
172
57
118
90
48
107
179
61
4
110
172
57
118
90
48
107
179
61
4
110
172
57
118
90
48
107
179
61
4
110
172
57
118
90
48
107
179
61
4
110
172
57
118
90
48
107
179
61
4
110
172
57
118
90
48
107
179
61
4
110
172
57
118
90
48
107
179
61
4
110
172
57
118
90
48
107
179
61
4
110
172
57
118
90
48
107
179
61
4
110
172
57
118
90
48
107
179
61
4
110
172
57
118
90
48
107
179
61
4
110
172
57
118
90
48
107
179
61
4
110
172
57
118
90
48
107
179
61
4
110
172
57
118
90
48
107
179
61
4
110
172
57
118
90
48
107
179
61
4
110
172
57
118
90
48
107
179
61
4
110
172
57
118
90
48
107
179
61
4
110
172
57
118
90
48
107
179
61
4
110
172
57
118
90
48
107
179
61
4
110
172
57
118
90
48
107
179
61
4
110
172
57
118
90
48
107
179
61
4
110
172
57
118
90
48
107
179
61
4
110
172
57
118