179
177
107
110
34
4
118
57
157
48
179
177
107
110
34
4
118
57
157
48
179
177
107
110
34
4
118
57
157
48
179
177
107
110
34
4
118
57
157
48
179
177
107
110
34
4
118
57
157
48
179
177
107
110
34
4
118
57
157
48
179
177
107
110
34
4
118
57
157
48
179
177
107
110
34
4
118
57
157
48
179
177
107
110
34
4
118
57
157
48
179
177
107
110
34
4
118
57
157
48
179
177
107
110
34
4
118
57
157
48
179
177
107
110
34
4
118
57
157
48
179
177
107
110
34
4
118
57
157
48
179
177
107
110
34
4
118
57
157
48
179
177
107
110
34
4
118
57
157
48
179
177
107
110
34
4
118
57
157
48
179
177
107
110
34
4
118
57
157
48
179
177
107
110
34
4
118
57
157
48
179
177
107
110
34
4
118
57
157
48
179
177
107
110
34
4
118
57
157
48
179
177
107
110
34
4
118
57
157
48
179
177
107
110
34
4
118
57
157
48
179
177
107
110
34
4
118
57
157
48
179
177
107
110
34
4
118
57
157
48
179
177
107
110
34
4
118
57
157
48
179
177
107
110
34
4
118
57
157
48
179
177
107
110
34
4
118
57
157
48
179
177
107
110
34
4
118
57
157
48
179
177
107
110
34
4
118
57
157
48
179
177
107
110
34
4
118
57
157
48
179
177
107
110
34
4
118
57
157
48
179
177
107
110
34
4
118
57
157
48
179
177
107
110
34
4
118
57
157
48
179
177
107
110
34
4
118
57
157
48
179
177
107
110
34
4
118
57
157
48
179
177
107
110
34
4
118
57
157
48
179
177
107
110
34
4
118
57
157
48
179
177
107
110
34
4
118
57
157
48
179
177
107
110
34
4
118
57
157
48
179
177
107
110
34
4
118
57
157
48
179
177
107
110
34
4
118
57
157
48
179
177
107
110
34
4
118
57
157
48
179
177
107
110
34
4
118
57
157
48
179
177
107
110
34
4
118
57
157
48
179
177
107
110
34
4
118
57
157
48
179
177
107
110
34
4
118
57
157
48
179
177
107
110
34
4
118
57
157
48
179
177
107
110
34
4
118
57
157
48
179
177
107
110
34
4
118
57
157
48
179
177
107
110
34
4
118
57
157
48