61
157
179
110
48
177
34
118
57
172
61
157
179
110
48
177
34
118
57
172
61
157
179
110
48
177
34
118
57
172
61
157
179
110
48
177
34
118
57
172
61
157
179
110
48
177
34
118
57
172
61
157
179
110
48
177
34
118
57
172
61
157
179
110
48
177
34
118
57
172
61
157
179
110
48
177
34
118
57
172
61
157
179
110
48
177
34
118
57
172
61
157
179
110
48
177
34
118
57
172
61
157
179
110
48
177
34
118
57
172
61
157
179
110
48
177
34
118
57
172
61
157
179
110
48
177
34
118
57
172
61
157
179
110
48
177
34
118
57
172
61
157
179
110
48
177
34
118
57
172
61
157
179
110
48
177
34
118
57
172
61
157
179
110
48
177
34
118
57
172
61
157
179
110
48
177
34
118
57
172
61
157
179
110
48
177
34
118
57
172
61
157
179
110
48
177
34
118
57
172
61
157
179
110
48
177
34
118
57
172
61
157
179
110
48
177
34
118
57
172
61
157
179
110
48
177
34
118
57
172
61
157
179
110
48
177
34
118
57
172
61
157
179
110
48
177
34
118
57
172
61
157
179
110
48
177
34
118
57
172
61
157
179
110
48
177
34
118
57
172
61
157
179
110
48
177
34
118
57
172
61
157
179
110
48
177
34
118
57
172
61
157
179
110
48
177
34
118
57
172
61
157
179
110
48
177
34
118
57
172
61
157
179
110
48
177
34
118
57
172
61
157
179
110
48
177
34
118
57
172
61
157
179
110
48
177
34
118
57
172
61
157
179
110
48
177
34
118
57
172
61
157
179
110
48
177
34
118
57
172
61
157
179
110
48
177
34
118
57
172
61
157
179
110
48
177
34
118
57
172
61
157
179
110
48
177
34
118
57
172
61
157
179
110
48
177
34
118
57
172
61
157
179
110
48
177
34
118
57
172
61
157
179
110
48
177
34
118
57
172
61
157
179
110
48
177
34
118
57
172
61
157
179
110
48
177
34
118
57
172
61
157
179
110
48
177
34
118
57
172
61
157
179
110
48
177
34
118
57
172
61
157
179
110
48
177
34
118
57
172
61
157
179
110
48
177
34
118
57
172
61
157
179
110
48
177
34
118
57
172
61
157
179
110
48
177
34
118
57
172