90
118
177
51
157
61
48
179
57
4
90
118
177
51
157
61
48
179
57
4
90
118
177
51
157
61
48
179
57
4
90
118
177
51
157
61
48
179
57
4
90
118
177
51
157
61
48
179
57
4
90
118
177
51
157
61
48
179
57
4
90
118
177
51
157
61
48
179
57
4
90
118
177
51
157
61
48
179
57
4
90
118
177
51
157
61
48
179
57
4
90
118
177
51
157
61
48
179
57
4
90
118
177
51
157
61
48
179
57
4
90
118
177
51
157
61
48
179
57
4
90
118
177
51
157
61
48
179
57
4
90
118
177
51
157
61
48
179
57
4
90
118
177
51
157
61
48
179
57
4
90
118
177
51
157
61
48
179
57
4
90
118
177
51
157
61
48
179
57
4
90
118
177
51
157
61
48
179
57
4
90
118
177
51
157
61
48
179
57
4
90
118
177
51
157
61
48
179
57
4
90
118
177
51
157
61
48
179
57
4
90
118
177
51
157
61
48
179
57
4
90
118
177
51
157
61
48
179
57
4
90
118
177
51
157
61
48
179
57
4
90
118
177
51
157
61
48
179
57
4
90
118
177
51
157
61
48
179
57
4
90
118
177
51
157
61
48
179
57
4
90
118
177
51
157
61
48
179
57
4
90
118
177
51
157
61
48
179
57
4
90
118
177
51
157
61
48
179
57
4
90
118
177
51
157
61
48
179
57
4
90
118
177
51
157
61
48
179
57
4
90
118
177
51
157
61
48
179
57
4
90
118
177
51
157
61
48
179
57
4
90
118
177
51
157
61
48
179
57
4
90
118
177
51
157
61
48
179
57
4
90
118
177
51
157
61
48
179
57
4
90
118
177
51
157
61
48
179
57
4
90
118
177
51
157
61
48
179
57
4
90
118
177
51
157
61
48
179
57
4
90
118
177
51
157
61
48
179
57
4
90
118
177
51
157
61
48
179
57
4
90
118
177
51
157
61
48
179
57
4
90
118
177
51
157
61
48
179
57
4
90
118
177
51
157
61
48
179
57
4
90
118
177
51
157
61
48
179
57
4
90
118
177
51
157
61
48
179
57
4
90
118
177
51
157
61
48
179
57
4
90
118
177
51
157
61
48
179
57
4
90
118
177
51
157
61
48
179
57
4