107
4
61
118
51
48
90
179
172
57
107
4
61
118
51
48
90
179
172
57
107
4
61
118
51
48
90
179
172
57
107
4
61
118
51
48
90
179
172
57
107
4
61
118
51
48
90
179
172
57
107
4
61
118
51
48
90
179
172
57
107
4
61
118
51
48
90
179
172
57
107
4
61
118
51
48
90
179
172
57
107
4
61
118
51
48
90
179
172
57
107
4
61
118
51
48
90
179
172
57
107
4
61
118
51
48
90
179
172
57
107
4
61
118
51
48
90
179
172
57
107
4
61
118
51
48
90
179
172
57
107
4
61
118
51
48
90
179
172
57
107
4
61
118
51
48
90
179
172
57
107
4
61
118
51
48
90
179
172
57
107
4
61
118
51
48
90
179
172
57
107
4
61
118
51
48
90
179
172
57
107
4
61
118
51
48
90
179
172
57
107
4
61
118
51
48
90
179
172
57
107
4
61
118
51
48
90
179
172
57
107
4
61
118
51
48
90
179
172
57
107
4
61
118
51
48
90
179
172
57
107
4
61
118
51
48
90
179
172
57
107
4
61
118
51
48
90
179
172
57
107
4
61
118
51
48
90
179
172
57
107
4
61
118
51
48
90
179
172
57
107
4
61
118
51
48
90
179
172
57
107
4
61
118
51
48
90
179
172
57
107
4
61
118
51
48
90
179
172
57
107
4
61
118
51
48
90
179
172
57
107
4
61
118
51
48
90
179
172
57
107
4
61
118
51
48
90
179
172
57
107
4
61
118
51
48
90
179
172
57
107
4
61
118
51
48
90
179
172
57
107
4
61
118
51
48
90
179
172
57
107
4
61
118
51
48
90
179
172
57
107
4
61
118
51
48
90
179
172
57
107
4
61
118
51
48
90
179
172
57
107
4
61
118
51
48
90
179
172
57
107
4
61
118
51
48
90
179
172
57
107
4
61
118
51
48
90
179
172
57
107
4
61
118
51
48
90
179
172
57
107
4
61
118
51
48
90
179
172
57
107
4
61
118
51
48
90
179
172
57
107
4
61
118
51
48
90
179
172
57
107
4
61
118
51
48
90
179
172
57
107
4
61
118
51
48
90
179
172
57
107
4
61
118
51
48
90
179
172
57
107
4
61
118
51
48
90
179
172
57