177
10
61
90
34
118
110
4
172
107
177
10
61
90
34
118
110
4
172
107
177
10
61
90
34
118
110
4
172
107
177
10
61
90
34
118
110
4
172
107
177
10
61
90
34
118
110
4
172
107
177
10
61
90
34
118
110
4
172
107
177
10
61
90
34
118
110
4
172
107
177
10
61
90
34
118
110
4
172
107
177
10
61
90
34
118
110
4
172
107
177
10
61
90
34
118
110
4
172
107
177
10
61
90
34
118
110
4
172
107
177
10
61
90
34
118
110
4
172
107
177
10
61
90
34
118
110
4
172
107
177
10
61
90
34
118
110
4
172
107
177
10
61
90
34
118
110
4
172
107
177
10
61
90
34
118
110
4
172
107
177
10
61
90
34
118
110
4
172
107
177
10
61
90
34
118
110
4
172
107
177
10
61
90
34
118
110
4
172
107
177
10
61
90
34
118
110
4
172
107
177
10
61
90
34
118
110
4
172
107
177
10
61
90
34
118
110
4
172
107
177
10
61
90
34
118
110
4
172
107
177
10
61
90
34
118
110
4
172
107
177
10
61
90
34
118
110
4
172
107
177
10
61
90
34
118
110
4
172
107
177
10
61
90
34
118
110
4
172
107
177
10
61
90
34
118
110
4
172
107
177
10
61
90
34
118
110
4
172
107
177
10
61
90
34
118
110
4
172
107
177
10
61
90
34
118
110
4
172
107
177
10
61
90
34
118
110
4
172
107
177
10
61
90
34
118
110
4
172
107
177
10
61
90
34
118
110
4
172
107
177
10
61
90
34
118
110
4
172
107
177
10
61
90
34
118
110
4
172
107
177
10
61
90
34
118
110
4
172
107
177
10
61
90
34
118
110
4
172
107
177
10
61
90
34
118
110
4
172
107
177
10
61
90
34
118
110
4
172
107
177
10
61
90
34
118
110
4
172
107
177
10
61
90
34
118
110
4
172
107
177
10
61
90
34
118
110
4
172
107
177
10
61
90
34
118
110
4
172
107
177
10
61
90
34
118
110
4
172
107
177
10
61
90
34
118
110
4
172
107
177
10
61
90
34
118
110
4
172
107
177
10
61
90
34
118
110
4
172
107
177
10
61
90
34
118
110
4
172
107
177
10
61
90
34
118
110
4
172
107