107
10
177
61
48
34
118
179
172
90
107
10
177
61
48
34
118
179
172
90
107
10
177
61
48
34
118
179
172
90
107
10
177
61
48
34
118
179
172
90
107
10
177
61
48
34
118
179
172
90
107
10
177
61
48
34
118
179
172
90
107
10
177
61
48
34
118
179
172
90
107
10
177
61
48
34
118
179
172
90
107
10
177
61
48
34
118
179
172
90
107
10
177
61
48
34
118
179
172
90
107
10
177
61
48
34
118
179
172
90
107
10
177
61
48
34
118
179
172
90
107
10
177
61
48
34
118
179
172
90
107
10
177
61
48
34
118
179
172
90
107
10
177
61
48
34
118
179
172
90
107
10
177
61
48
34
118
179
172
90
107
10
177
61
48
34
118
179
172
90
107
10
177
61
48
34
118
179
172
90
107
10
177
61
48
34
118
179
172
90
107
10
177
61
48
34
118
179
172
90
107
10
177
61
48
34
118
179
172
90
107
10
177
61
48
34
118
179
172
90
107
10
177
61
48
34
118
179
172
90
107
10
177
61
48
34
118
179
172
90
107
10
177
61
48
34
118
179
172
90
107
10
177
61
48
34
118
179
172
90
107
10
177
61
48
34
118
179
172
90
107
10
177
61
48
34
118
179
172
90
107
10
177
61
48
34
118
179
172
90
107
10
177
61
48
34
118
179
172
90
107
10
177
61
48
34
118
179
172
90
107
10
177
61
48
34
118
179
172
90
107
10
177
61
48
34
118
179
172
90
107
10
177
61
48
34
118
179
172
90
107
10
177
61
48
34
118
179
172
90
107
10
177
61
48
34
118
179
172
90
107
10
177
61
48
34
118
179
172
90
107
10
177
61
48
34
118
179
172
90
107
10
177
61
48
34
118
179
172
90
107
10
177
61
48
34
118
179
172
90
107
10
177
61
48
34
118
179
172
90
107
10
177
61
48
34
118
179
172
90
107
10
177
61
48
34
118
179
172
90
107
10
177
61
48
34
118
179
172
90
107
10
177
61
48
34
118
179
172
90
107
10
177
61
48
34
118
179
172
90
107
10
177
61
48
34
118
179
172
90
107
10
177
61
48
34
118
179
172
90
107
10
177
61
48
34
118
179
172
90
107
10
177
61
48
34
118
179
172
90