157
34
90
110
10
172
48
4
179
107
157
34
90
110
10
172
48
4
179
107
157
34
90
110
10
172
48
4
179
107
157
34
90
110
10
172
48
4
179
107
157
34
90
110
10
172
48
4
179
107
157
34
90
110
10
172
48
4
179
107
157
34
90
110
10
172
48
4
179
107
157
34
90
110
10
172
48
4
179
107
157
34
90
110
10
172
48
4
179
107
157
34
90
110
10
172
48
4
179
107
157
34
90
110
10
172
48
4
179
107
157
34
90
110
10
172
48
4
179
107
157
34
90
110
10
172
48
4
179
107
157
34
90
110
10
172
48
4
179
107
157
34
90
110
10
172
48
4
179
107
157
34
90
110
10
172
48
4
179
107
157
34
90
110
10
172
48
4
179
107
157
34
90
110
10
172
48
4
179
107
157
34
90
110
10
172
48
4
179
107
157
34
90
110
10
172
48
4
179
107
157
34
90
110
10
172
48
4
179
107
157
34
90
110
10
172
48
4
179
107
157
34
90
110
10
172
48
4
179
107
157
34
90
110
10
172
48
4
179
107
157
34
90
110
10
172
48
4
179
107
157
34
90
110
10
172
48
4
179
107
157
34
90
110
10
172
48
4
179
107
157
34
90
110
10
172
48
4
179
107
157
34
90
110
10
172
48
4
179
107
157
34
90
110
10
172
48
4
179
107
157
34
90
110
10
172
48
4
179
107
157
34
90
110
10
172
48
4
179
107
157
34
90
110
10
172
48
4
179
107
157
34
90
110
10
172
48
4
179
107
157
34
90
110
10
172
48
4
179
107
157
34
90
110
10
172
48
4
179
107
157
34
90
110
10
172
48
4
179
107
157
34
90
110
10
172
48
4
179
107
157
34
90
110
10
172
48
4
179
107
157
34
90
110
10
172
48
4
179
107
157
34
90
110
10
172
48
4
179
107
157
34
90
110
10
172
48
4
179
107
157
34
90
110
10
172
48
4
179
107
157
34
90
110
10
172
48
4
179
107
157
34
90
110
10
172
48
4
179
107
157
34
90
110
10
172
48
4
179
107
157
34
90
110
10
172
48
4
179
107
157
34
90
110
10
172
48
4
179
107
157
34
90
110
10
172
48
4
179
107
157
34
90
110
10
172
48
4
179
107