57
157
118
10
61
172
4
90
48
34
57
157
118
10
61
172
4
90
48
34
57
157
118
10
61
172
4
90
48
34
57
157
118
10
61
172
4
90
48
34
57
157
118
10
61
172
4
90
48
34
57
157
118
10
61
172
4
90
48
34
57
157
118
10
61
172
4
90
48
34
57
157
118
10
61
172
4
90
48
34
57
157
118
10
61
172
4
90
48
34
57
157
118
10
61
172
4
90
48
34
57
157
118
10
61
172
4
90
48
34
57
157
118
10
61
172
4
90
48
34
57
157
118
10
61
172
4
90
48
34
57
157
118
10
61
172
4
90
48
34
57
157
118
10
61
172
4
90
48
34
57
157
118
10
61
172
4
90
48
34
57
157
118
10
61
172
4
90
48
34
57
157
118
10
61
172
4
90
48
34
57
157
118
10
61
172
4
90
48
34
57
157
118
10
61
172
4
90
48
34
57
157
118
10
61
172
4
90
48
34
57
157
118
10
61
172
4
90
48
34
57
157
118
10
61
172
4
90
48
34
57
157
118
10
61
172
4
90
48
34
57
157
118
10
61
172
4
90
48
34
57
157
118
10
61
172
4
90
48
34
57
157
118
10
61
172
4
90
48
34
57
157
118
10
61
172
4
90
48
34
57
157
118
10
61
172
4
90
48
34
57
157
118
10
61
172
4
90
48
34
57
157
118
10
61
172
4
90
48
34
57
157
118
10
61
172
4
90
48
34
57
157
118
10
61
172
4
90
48
34
57
157
118
10
61
172
4
90
48
34
57
157
118
10
61
172
4
90
48
34
57
157
118
10
61
172
4
90
48
34
57
157
118
10
61
172
4
90
48
34
57
157
118
10
61
172
4
90
48
34
57
157
118
10
61
172
4
90
48
34
57
157
118
10
61
172
4
90
48
34
57
157
118
10
61
172
4
90
48
34
57
157
118
10
61
172
4
90
48
34
57
157
118
10
61
172
4
90
48
34
57
157
118
10
61
172
4
90
48
34
57
157
118
10
61
172
4
90
48
34
57
157
118
10
61
172
4
90
48
34
57
157
118
10
61
172
4
90
48
34
57
157
118
10
61
172
4
90
48
34
57
157
118
10
61
172
4
90
48
34
57
157
118
10
61
172
4
90
48
34