118
157
61
110
10
177
51
107
172
4
118
157
61
110
10
177
51
107
172
4
118
157
61
110
10
177
51
107
172
4
118
157
61
110
10
177
51
107
172
4
118
157
61
110
10
177
51
107
172
4
118
157
61
110
10
177
51
107
172
4
118
157
61
110
10
177
51
107
172
4
118
157
61
110
10
177
51
107
172
4
118
157
61
110
10
177
51
107
172
4
118
157
61
110
10
177
51
107
172
4
118
157
61
110
10
177
51
107
172
4
118
157
61
110
10
177
51
107
172
4
118
157
61
110
10
177
51
107
172
4
118
157
61
110
10
177
51
107
172
4
118
157
61
110
10
177
51
107
172
4
118
157
61
110
10
177
51
107
172
4
118
157
61
110
10
177
51
107
172
4
118
157
61
110
10
177
51
107
172
4
118
157
61
110
10
177
51
107
172
4
118
157
61
110
10
177
51
107
172
4
118
157
61
110
10
177
51
107
172
4
118
157
61
110
10
177
51
107
172
4
118
157
61
110
10
177
51
107
172
4
118
157
61
110
10
177
51
107
172
4
118
157
61
110
10
177
51
107
172
4
118
157
61
110
10
177
51
107
172
4
118
157
61
110
10
177
51
107
172
4
118
157
61
110
10
177
51
107
172
4
118
157
61
110
10
177
51
107
172
4
118
157
61
110
10
177
51
107
172
4
118
157
61
110
10
177
51
107
172
4
118
157
61
110
10
177
51
107
172
4
118
157
61
110
10
177
51
107
172
4
118
157
61
110
10
177
51
107
172
4
118
157
61
110
10
177
51
107
172
4
118
157
61
110
10
177
51
107
172
4
118
157
61
110
10
177
51
107
172
4
118
157
61
110
10
177
51
107
172
4
118
157
61
110
10
177
51
107
172
4
118
157
61
110
10
177
51
107
172
4
118
157
61
110
10
177
51
107
172
4
118
157
61
110
10
177
51
107
172
4
118
157
61
110
10
177
51
107
172
4
118
157
61
110
10
177
51
107
172
4
118
157
61
110
10
177
51
107
172
4
118
157
61
110
10
177
51
107
172
4
118
157
61
110
10
177
51
107
172
4
118
157
61
110
10
177
51
107
172
4
118
157
61
110
10
177
51
107
172
4
118
157
61
110
10
177
51
107
172
4