172
48
4
10
110
61
177
34
57
107
172
48
4
10
110
61
177
34
57
107
172
48
4
10
110
61
177
34
57
107
172
48
4
10
110
61
177
34
57
107
172
48
4
10
110
61
177
34
57
107
172
48
4
10
110
61
177
34
57
107
172
48
4
10
110
61
177
34
57
107
172
48
4
10
110
61
177
34
57
107
172
48
4
10
110
61
177
34
57
107
172
48
4
10
110
61
177
34
57
107
172
48
4
10
110
61
177
34
57
107
172
48
4
10
110
61
177
34
57
107
172
48
4
10
110
61
177
34
57
107
172
48
4
10
110
61
177
34
57
107
172
48
4
10
110
61
177
34
57
107
172
48
4
10
110
61
177
34
57
107
172
48
4
10
110
61
177
34
57
107
172
48
4
10
110
61
177
34
57
107
172
48
4
10
110
61
177
34
57
107
172
48
4
10
110
61
177
34
57
107
172
48
4
10
110
61
177
34
57
107
172
48
4
10
110
61
177
34
57
107
172
48
4
10
110
61
177
34
57
107
172
48
4
10
110
61
177
34
57
107
172
48
4
10
110
61
177
34
57
107
172
48
4
10
110
61
177
34
57
107
172
48
4
10
110
61
177
34
57
107
172
48
4
10
110
61
177
34
57
107
172
48
4
10
110
61
177
34
57
107
172
48
4
10
110
61
177
34
57
107
172
48
4
10
110
61
177
34
57
107
172
48
4
10
110
61
177
34
57
107
172
48
4
10
110
61
177
34
57
107
172
48
4
10
110
61
177
34
57
107
172
48
4
10
110
61
177
34
57
107
172
48
4
10
110
61
177
34
57
107
172
48
4
10
110
61
177
34
57
107
172
48
4
10
110
61
177
34
57
107
172
48
4
10
110
61
177
34
57
107
172
48
4
10
110
61
177
34
57
107
172
48
4
10
110
61
177
34
57
107
172
48
4
10
110
61
177
34
57
107
172
48
4
10
110
61
177
34
57
107
172
48
4
10
110
61
177
34
57
107
172
48
4
10
110
61
177
34
57
107
172
48
4
10
110
61
177
34
57
107
172
48
4
10
110
61
177
34
57
107
172
48
4
10
110
61
177
34
57
107
172
48
4
10
110
61
177
34
57
107
172
48
4
10
110
61
177
34
57
107