51
4
179
110
157
61
90
34
118
10
51
4
179
110
157
61
90
34
118
10
51
4
179
110
157
61
90
34
118
10
51
4
179
110
157
61
90
34
118
10
51
4
179
110
157
61
90
34
118
10
51
4
179
110
157
61
90
34
118
10
51
4
179
110
157
61
90
34
118
10
51
4
179
110
157
61
90
34
118
10
51
4
179
110
157
61
90
34
118
10
51
4
179
110
157
61
90
34
118
10
51
4
179
110
157
61
90
34
118
10
51
4
179
110
157
61
90
34
118
10
51
4
179
110
157
61
90
34
118
10
51
4
179
110
157
61
90
34
118
10
51
4
179
110
157
61
90
34
118
10
51
4
179
110
157
61
90
34
118
10
51
4
179
110
157
61
90
34
118
10
51
4
179
110
157
61
90
34
118
10
51
4
179
110
157
61
90
34
118
10
51
4
179
110
157
61
90
34
118
10
51
4
179
110
157
61
90
34
118
10
51
4
179
110
157
61
90
34
118
10
51
4
179
110
157
61
90
34
118
10
51
4
179
110
157
61
90
34
118
10
51
4
179
110
157
61
90
34
118
10
51
4
179
110
157
61
90
34
118
10
51
4
179
110
157
61
90
34
118
10
51
4
179
110
157
61
90
34
118
10
51
4
179
110
157
61
90
34
118
10
51
4
179
110
157
61
90
34
118
10
51
4
179
110
157
61
90
34
118
10
51
4
179
110
157
61
90
34
118
10
51
4
179
110
157
61
90
34
118
10
51
4
179
110
157
61
90
34
118
10
51
4
179
110
157
61
90
34
118
10
51
4
179
110
157
61
90
34
118
10
51
4
179
110
157
61
90
34
118
10
51
4
179
110
157
61
90
34
118
10
51
4
179
110
157
61
90
34
118
10
51
4
179
110
157
61
90
34
118
10
51
4
179
110
157
61
90
34
118
10
51
4
179
110
157
61
90
34
118
10
51
4
179
110
157
61
90
34
118
10
51
4
179
110
157
61
90
34
118
10
51
4
179
110
157
61
90
34
118
10
51
4
179
110
157
61
90
34
118
10
51
4
179
110
157
61
90
34
118
10
51
4
179
110
157
61
90
34
118
10
51
4
179
110
157
61
90
34
118
10
51
4
179
110
157
61
90
34
118
10