48
61
107
157
10
177
179
51
4
57
48
61
107
157
10
177
179
51
4
57
48
61
107
157
10
177
179
51
4
57
48
61
107
157
10
177
179
51
4
57
48
61
107
157
10
177
179
51
4
57
48
61
107
157
10
177
179
51
4
57
48
61
107
157
10
177
179
51
4
57
48
61
107
157
10
177
179
51
4
57
48
61
107
157
10
177
179
51
4
57
48
61
107
157
10
177
179
51
4
57
48
61
107
157
10
177
179
51
4
57
48
61
107
157
10
177
179
51
4
57
48
61
107
157
10
177
179
51
4
57
48
61
107
157
10
177
179
51
4
57
48
61
107
157
10
177
179
51
4
57
48
61
107
157
10
177
179
51
4
57
48
61
107
157
10
177
179
51
4
57
48
61
107
157
10
177
179
51
4
57
48
61
107
157
10
177
179
51
4
57
48
61
107
157
10
177
179
51
4
57
48
61
107
157
10
177
179
51
4
57
48
61
107
157
10
177
179
51
4
57
48
61
107
157
10
177
179
51
4
57
48
61
107
157
10
177
179
51
4
57
48
61
107
157
10
177
179
51
4
57
48
61
107
157
10
177
179
51
4
57
48
61
107
157
10
177
179
51
4
57
48
61
107
157
10
177
179
51
4
57
48
61
107
157
10
177
179
51
4
57
48
61
107
157
10
177
179
51
4
57
48
61
107
157
10
177
179
51
4
57
48
61
107
157
10
177
179
51
4
57
48
61
107
157
10
177
179
51
4
57
48
61
107
157
10
177
179
51
4
57
48
61
107
157
10
177
179
51
4
57
48
61
107
157
10
177
179
51
4
57
48
61
107
157
10
177
179
51
4
57
48
61
107
157
10
177
179
51
4
57
48
61
107
157
10
177
179
51
4
57
48
61
107
157
10
177
179
51
4
57
48
61
107
157
10
177
179
51
4
57
48
61
107
157
10
177
179
51
4
57
48
61
107
157
10
177
179
51
4
57
48
61
107
157
10
177
179
51
4
57
48
61
107
157
10
177
179
51
4
57
48
61
107
157
10
177
179
51
4
57
48
61
107
157
10
177
179
51
4
57
48
61
107
157
10
177
179
51
4
57
48
61
107
157
10
177
179
51
4
57
48
61
107
157
10
177
179
51
4
57