179
118
10
61
177
34
57
107
48
90
179
118
10
61
177
34
57
107
48
90
179
118
10
61
177
34
57
107
48
90
179
118
10
61
177
34
57
107
48
90
179
118
10
61
177
34
57
107
48
90
179
118
10
61
177
34
57
107
48
90
179
118
10
61
177
34
57
107
48
90
179
118
10
61
177
34
57
107
48
90
179
118
10
61
177
34
57
107
48
90
179
118
10
61
177
34
57
107
48
90
179
118
10
61
177
34
57
107
48
90
179
118
10
61
177
34
57
107
48
90
179
118
10
61
177
34
57
107
48
90
179
118
10
61
177
34
57
107
48
90
179
118
10
61
177
34
57
107
48
90
179
118
10
61
177
34
57
107
48
90
179
118
10
61
177
34
57
107
48
90
179
118
10
61
177
34
57
107
48
90
179
118
10
61
177
34
57
107
48
90
179
118
10
61
177
34
57
107
48
90
179
118
10
61
177
34
57
107
48
90
179
118
10
61
177
34
57
107
48
90
179
118
10
61
177
34
57
107
48
90
179
118
10
61
177
34
57
107
48
90
179
118
10
61
177
34
57
107
48
90
179
118
10
61
177
34
57
107
48
90
179
118
10
61
177
34
57
107
48
90
179
118
10
61
177
34
57
107
48
90
179
118
10
61
177
34
57
107
48
90
179
118
10
61
177
34
57
107
48
90
179
118
10
61
177
34
57
107
48
90
179
118
10
61
177
34
57
107
48
90
179
118
10
61
177
34
57
107
48
90
179
118
10
61
177
34
57
107
48
90
179
118
10
61
177
34
57
107
48
90
179
118
10
61
177
34
57
107
48
90
179
118
10
61
177
34
57
107
48
90
179
118
10
61
177
34
57
107
48
90
179
118
10
61
177
34
57
107
48
90
179
118
10
61
177
34
57
107
48
90
179
118
10
61
177
34
57
107
48
90
179
118
10
61
177
34
57
107
48
90
179
118
10
61
177
34
57
107
48
90
179
118
10
61
177
34
57
107
48
90
179
118
10
61
177
34
57
107
48
90
179
118
10
61
177
34
57
107
48
90
179
118
10
61
177
34
57
107
48
90
179
118
10
61
177
34
57
107
48
90
179
118
10
61
177
34
57
107
48
90
179
118
10
61
177
34
57
107
48
90