118
57
10
51
90
172
61
157
177
110
118
57
10
51
90
172
61
157
177
110
118
57
10
51
90
172
61
157
177
110
118
57
10
51
90
172
61
157
177
110
118
57
10
51
90
172
61
157
177
110
118
57
10
51
90
172
61
157
177
110
118
57
10
51
90
172
61
157
177
110
118
57
10
51
90
172
61
157
177
110
118
57
10
51
90
172
61
157
177
110
118
57
10
51
90
172
61
157
177
110
118
57
10
51
90
172
61
157
177
110
118
57
10
51
90
172
61
157
177
110
118
57
10
51
90
172
61
157
177
110
118
57
10
51
90
172
61
157
177
110
118
57
10
51
90
172
61
157
177
110
118
57
10
51
90
172
61
157
177
110
118
57
10
51
90
172
61
157
177
110
118
57
10
51
90
172
61
157
177
110
118
57
10
51
90
172
61
157
177
110
118
57
10
51
90
172
61
157
177
110
118
57
10
51
90
172
61
157
177
110
118
57
10
51
90
172
61
157
177
110
118
57
10
51
90
172
61
157
177
110
118
57
10
51
90
172
61
157
177
110
118
57
10
51
90
172
61
157
177
110
118
57
10
51
90
172
61
157
177
110
118
57
10
51
90
172
61
157
177
110
118
57
10
51
90
172
61
157
177
110
118
57
10
51
90
172
61
157
177
110
118
57
10
51
90
172
61
157
177
110
118
57
10
51
90
172
61
157
177
110
118
57
10
51
90
172
61
157
177
110
118
57
10
51
90
172
61
157
177
110
118
57
10
51
90
172
61
157
177
110
118
57
10
51
90
172
61
157
177
110
118
57
10
51
90
172
61
157
177
110
118
57
10
51
90
172
61
157
177
110
118
57
10
51
90
172
61
157
177
110
118
57
10
51
90
172
61
157
177
110
118
57
10
51
90
172
61
157
177
110
118
57
10
51
90
172
61
157
177
110
118
57
10
51
90
172
61
157
177
110
118
57
10
51
90
172
61
157
177
110
118
57
10
51
90
172
61
157
177
110
118
57
10
51
90
172
61
157
177
110
118
57
10
51
90
172
61
157
177
110
118
57
10
51
90
172
61
157
177
110
118
57
10
51
90
172
61
157
177
110
118
57
10
51
90
172
61
157
177
110
118
57
10
51
90
172
61
157
177
110