34
172
90
61
110
57
48
4
157
107
34
172
90
61
110
57
48
4
157
107
34
172
90
61
110
57
48
4
157
107
34
172
90
61
110
57
48
4
157
107
34
172
90
61
110
57
48
4
157
107
34
172
90
61
110
57
48
4
157
107
34
172
90
61
110
57
48
4
157
107
34
172
90
61
110
57
48
4
157
107
34
172
90
61
110
57
48
4
157
107
34
172
90
61
110
57
48
4
157
107
34
172
90
61
110
57
48
4
157
107
34
172
90
61
110
57
48
4
157
107
34
172
90
61
110
57
48
4
157
107
34
172
90
61
110
57
48
4
157
107
34
172
90
61
110
57
48
4
157
107
34
172
90
61
110
57
48
4
157
107
34
172
90
61
110
57
48
4
157
107
34
172
90
61
110
57
48
4
157
107
34
172
90
61
110
57
48
4
157
107
34
172
90
61
110
57
48
4
157
107
34
172
90
61
110
57
48
4
157
107
34
172
90
61
110
57
48
4
157
107
34
172
90
61
110
57
48
4
157
107
34
172
90
61
110
57
48
4
157
107
34
172
90
61
110
57
48
4
157
107
34
172
90
61
110
57
48
4
157
107
34
172
90
61
110
57
48
4
157
107
34
172
90
61
110
57
48
4
157
107
34
172
90
61
110
57
48
4
157
107
34
172
90
61
110
57
48
4
157
107
34
172
90
61
110
57
48
4
157
107
34
172
90
61
110
57
48
4
157
107
34
172
90
61
110
57
48
4
157
107
34
172
90
61
110
57
48
4
157
107
34
172
90
61
110
57
48
4
157
107
34
172
90
61
110
57
48
4
157
107
34
172
90
61
110
57
48
4
157
107
34
172
90
61
110
57
48
4
157
107
34
172
90
61
110
57
48
4
157
107
34
172
90
61
110
57
48
4
157
107
34
172
90
61
110
57
48
4
157
107
34
172
90
61
110
57
48
4
157
107
34
172
90
61
110
57
48
4
157
107
34
172
90
61
110
57
48
4
157
107
34
172
90
61
110
57
48
4
157
107
34
172
90
61
110
57
48
4
157
107
34
172
90
61
110
57
48
4
157
107
34
172
90
61
110
57
48
4
157
107
34
172
90
61
110
57
48
4
157
107
34
172
90
61
110
57
48
4
157
107