48
110
61
107
10
4
179
118
34
177
48
110
61
107
10
4
179
118
34
177
48
110
61
107
10
4
179
118
34
177
48
110
61
107
10
4
179
118
34
177
48
110
61
107
10
4
179
118
34
177
48
110
61
107
10
4
179
118
34
177
48
110
61
107
10
4
179
118
34
177
48
110
61
107
10
4
179
118
34
177
48
110
61
107
10
4
179
118
34
177
48
110
61
107
10
4
179
118
34
177
48
110
61
107
10
4
179
118
34
177
48
110
61
107
10
4
179
118
34
177
48
110
61
107
10
4
179
118
34
177
48
110
61
107
10
4
179
118
34
177
48
110
61
107
10
4
179
118
34
177
48
110
61
107
10
4
179
118
34
177
48
110
61
107
10
4
179
118
34
177
48
110
61
107
10
4
179
118
34
177
48
110
61
107
10
4
179
118
34
177
48
110
61
107
10
4
179
118
34
177
48
110
61
107
10
4
179
118
34
177
48
110
61
107
10
4
179
118
34
177
48
110
61
107
10
4
179
118
34
177
48
110
61
107
10
4
179
118
34
177
48
110
61
107
10
4
179
118
34
177
48
110
61
107
10
4
179
118
34
177
48
110
61
107
10
4
179
118
34
177
48
110
61
107
10
4
179
118
34
177
48
110
61
107
10
4
179
118
34
177
48
110
61
107
10
4
179
118
34
177
48
110
61
107
10
4
179
118
34
177
48
110
61
107
10
4
179
118
34
177
48
110
61
107
10
4
179
118
34
177
48
110
61
107
10
4
179
118
34
177
48
110
61
107
10
4
179
118
34
177
48
110
61
107
10
4
179
118
34
177
48
110
61
107
10
4
179
118
34
177
48
110
61
107
10
4
179
118
34
177
48
110
61
107
10
4
179
118
34
177
48
110
61
107
10
4
179
118
34
177
48
110
61
107
10
4
179
118
34
177
48
110
61
107
10
4
179
118
34
177
48
110
61
107
10
4
179
118
34
177
48
110
61
107
10
4
179
118
34
177
48
110
61
107
10
4
179
118
34
177
48
110
61
107
10
4
179
118
34
177
48
110
61
107
10
4
179
118
34
177
48
110
61
107
10
4
179
118
34
177
48
110
61
107
10
4
179
118
34
177
48
110
61
107
10
4
179
118
34
177