61
57
118
10
4
90
172
34
48
177
61
57
118
10
4
90
172
34
48
177
61
57
118
10
4
90
172
34
48
177
61
57
118
10
4
90
172
34
48
177
61
57
118
10
4
90
172
34
48
177
61
57
118
10
4
90
172
34
48
177
61
57
118
10
4
90
172
34
48
177
61
57
118
10
4
90
172
34
48
177
61
57
118
10
4
90
172
34
48
177
61
57
118
10
4
90
172
34
48
177
61
57
118
10
4
90
172
34
48
177
61
57
118
10
4
90
172
34
48
177
61
57
118
10
4
90
172
34
48
177
61
57
118
10
4
90
172
34
48
177
61
57
118
10
4
90
172
34
48
177
61
57
118
10
4
90
172
34
48
177
61
57
118
10
4
90
172
34
48
177
61
57
118
10
4
90
172
34
48
177
61
57
118
10
4
90
172
34
48
177
61
57
118
10
4
90
172
34
48
177
61
57
118
10
4
90
172
34
48
177
61
57
118
10
4
90
172
34
48
177
61
57
118
10
4
90
172
34
48
177
61
57
118
10
4
90
172
34
48
177
61
57
118
10
4
90
172
34
48
177
61
57
118
10
4
90
172
34
48
177
61
57
118
10
4
90
172
34
48
177
61
57
118
10
4
90
172
34
48
177
61
57
118
10
4
90
172
34
48
177
61
57
118
10
4
90
172
34
48
177
61
57
118
10
4
90
172
34
48
177
61
57
118
10
4
90
172
34
48
177
61
57
118
10
4
90
172
34
48
177
61
57
118
10
4
90
172
34
48
177
61
57
118
10
4
90
172
34
48
177
61
57
118
10
4
90
172
34
48
177
61
57
118
10
4
90
172
34
48
177
61
57
118
10
4
90
172
34
48
177
61
57
118
10
4
90
172
34
48
177
61
57
118
10
4
90
172
34
48
177
61
57
118
10
4
90
172
34
48
177
61
57
118
10
4
90
172
34
48
177
61
57
118
10
4
90
172
34
48
177
61
57
118
10
4
90
172
34
48
177
61
57
118
10
4
90
172
34
48
177
61
57
118
10
4
90
172
34
48
177
61
57
118
10
4
90
172
34
48
177
61
57
118
10
4
90
172
34
48
177
61
57
118
10
4
90
172
34
48
177
61
57
118
10
4
90
172
34
48
177