177
57
118
10
157
179
48
172
61
90
177
57
118
10
157
179
48
172
61
90
177
57
118
10
157
179
48
172
61
90
177
57
118
10
157
179
48
172
61
90
177
57
118
10
157
179
48
172
61
90
177
57
118
10
157
179
48
172
61
90
177
57
118
10
157
179
48
172
61
90
177
57
118
10
157
179
48
172
61
90
177
57
118
10
157
179
48
172
61
90
177
57
118
10
157
179
48
172
61
90
177
57
118
10
157
179
48
172
61
90
177
57
118
10
157
179
48
172
61
90
177
57
118
10
157
179
48
172
61
90
177
57
118
10
157
179
48
172
61
90
177
57
118
10
157
179
48
172
61
90
177
57
118
10
157
179
48
172
61
90
177
57
118
10
157
179
48
172
61
90
177
57
118
10
157
179
48
172
61
90
177
57
118
10
157
179
48
172
61
90
177
57
118
10
157
179
48
172
61
90
177
57
118
10
157
179
48
172
61
90
177
57
118
10
157
179
48
172
61
90
177
57
118
10
157
179
48
172
61
90
177
57
118
10
157
179
48
172
61
90
177
57
118
10
157
179
48
172
61
90
177
57
118
10
157
179
48
172
61
90
177
57
118
10
157
179
48
172
61
90
177
57
118
10
157
179
48
172
61
90
177
57
118
10
157
179
48
172
61
90
177
57
118
10
157
179
48
172
61
90
177
57
118
10
157
179
48
172
61
90
177
57
118
10
157
179
48
172
61
90
177
57
118
10
157
179
48
172
61
90
177
57
118
10
157
179
48
172
61
90
177
57
118
10
157
179
48
172
61
90
177
57
118
10
157
179
48
172
61
90
177
57
118
10
157
179
48
172
61
90
177
57
118
10
157
179
48
172
61
90
177
57
118
10
157
179
48
172
61
90
177
57
118
10
157
179
48
172
61
90
177
57
118
10
157
179
48
172
61
90
177
57
118
10
157
179
48
172
61
90
177
57
118
10
157
179
48
172
61
90
177
57
118
10
157
179
48
172
61
90
177
57
118
10
157
179
48
172
61
90
177
57
118
10
157
179
48
172
61
90
177
57
118
10
157
179
48
172
61
90
177
57
118
10
157
179
48
172
61
90
177
57
118
10
157
179
48
172
61
90
177
57
118
10
157
179
48
172
61
90