179
10
90
48
118
34
157
177
51
107
179
10
90
48
118
34
157
177
51
107
179
10
90
48
118
34
157
177
51
107
179
10
90
48
118
34
157
177
51
107
179
10
90
48
118
34
157
177
51
107
179
10
90
48
118
34
157
177
51
107
179
10
90
48
118
34
157
177
51
107
179
10
90
48
118
34
157
177
51
107
179
10
90
48
118
34
157
177
51
107
179
10
90
48
118
34
157
177
51
107
179
10
90
48
118
34
157
177
51
107
179
10
90
48
118
34
157
177
51
107
179
10
90
48
118
34
157
177
51
107
179
10
90
48
118
34
157
177
51
107
179
10
90
48
118
34
157
177
51
107
179
10
90
48
118
34
157
177
51
107
179
10
90
48
118
34
157
177
51
107
179
10
90
48
118
34
157
177
51
107
179
10
90
48
118
34
157
177
51
107
179
10
90
48
118
34
157
177
51
107
179
10
90
48
118
34
157
177
51
107
179
10
90
48
118
34
157
177
51
107
179
10
90
48
118
34
157
177
51
107
179
10
90
48
118
34
157
177
51
107
179
10
90
48
118
34
157
177
51
107
179
10
90
48
118
34
157
177
51
107
179
10
90
48
118
34
157
177
51
107
179
10
90
48
118
34
157
177
51
107
179
10
90
48
118
34
157
177
51
107
179
10
90
48
118
34
157
177
51
107
179
10
90
48
118
34
157
177
51
107
179
10
90
48
118
34
157
177
51
107
179
10
90
48
118
34
157
177
51
107
179
10
90
48
118
34
157
177
51
107
179
10
90
48
118
34
157
177
51
107
179
10
90
48
118
34
157
177
51
107
179
10
90
48
118
34
157
177
51
107
179
10
90
48
118
34
157
177
51
107
179
10
90
48
118
34
157
177
51
107
179
10
90
48
118
34
157
177
51
107
179
10
90
48
118
34
157
177
51
107
179
10
90
48
118
34
157
177
51
107
179
10
90
48
118
34
157
177
51
107
179
10
90
48
118
34
157
177
51
107
179
10
90
48
118
34
157
177
51
107
179
10
90
48
118
34
157
177
51
107
179
10
90
48
118
34
157
177
51
107
179
10
90
48
118
34
157
177
51
107
179
10
90
48
118
34
157
177
51
107
179
10
90
48
118
34
157
177
51
107