51
110
4
48
118
172
90
179
10
177
51
110
4
48
118
172
90
179
10
177
51
110
4
48
118
172
90
179
10
177
51
110
4
48
118
172
90
179
10
177
51
110
4
48
118
172
90
179
10
177
51
110
4
48
118
172
90
179
10
177
51
110
4
48
118
172
90
179
10
177
51
110
4
48
118
172
90
179
10
177
51
110
4
48
118
172
90
179
10
177
51
110
4
48
118
172
90
179
10
177
51
110
4
48
118
172
90
179
10
177
51
110
4
48
118
172
90
179
10
177
51
110
4
48
118
172
90
179
10
177
51
110
4
48
118
172
90
179
10
177
51
110
4
48
118
172
90
179
10
177
51
110
4
48
118
172
90
179
10
177
51
110
4
48
118
172
90
179
10
177
51
110
4
48
118
172
90
179
10
177
51
110
4
48
118
172
90
179
10
177
51
110
4
48
118
172
90
179
10
177
51
110
4
48
118
172
90
179
10
177
51
110
4
48
118
172
90
179
10
177
51
110
4
48
118
172
90
179
10
177
51
110
4
48
118
172
90
179
10
177
51
110
4
48
118
172
90
179
10
177
51
110
4
48
118
172
90
179
10
177
51
110
4
48
118
172
90
179
10
177
51
110
4
48
118
172
90
179
10
177
51
110
4
48
118
172
90
179
10
177
51
110
4
48
118
172
90
179
10
177
51
110
4
48
118
172
90
179
10
177
51
110
4
48
118
172
90
179
10
177
51
110
4
48
118
172
90
179
10
177
51
110
4
48
118
172
90
179
10
177
51
110
4
48
118
172
90
179
10
177
51
110
4
48
118
172
90
179
10
177
51
110
4
48
118
172
90
179
10
177
51
110
4
48
118
172
90
179
10
177
51
110
4
48
118
172
90
179
10
177
51
110
4
48
118
172
90
179
10
177
51
110
4
48
118
172
90
179
10
177
51
110
4
48
118
172
90
179
10
177
51
110
4
48
118
172
90
179
10
177
51
110
4
48
118
172
90
179
10
177
51
110
4
48
118
172
90
179
10
177
51
110
4
48
118
172
90
179
10
177
51
110
4
48
118
172
90
179
10
177
51
110
4
48
118
172
90
179
10
177
51
110
4
48
118
172
90
179
10
177
51
110
4
48
118
172
90
179
10
177