177
118
157
107
110
34
51
10
57
48
177
118
157
107
110
34
51
10
57
48
177
118
157
107
110
34
51
10
57
48
177
118
157
107
110
34
51
10
57
48
177
118
157
107
110
34
51
10
57
48
177
118
157
107
110
34
51
10
57
48
177
118
157
107
110
34
51
10
57
48
177
118
157
107
110
34
51
10
57
48
177
118
157
107
110
34
51
10
57
48
177
118
157
107
110
34
51
10
57
48
177
118
157
107
110
34
51
10
57
48
177
118
157
107
110
34
51
10
57
48
177
118
157
107
110
34
51
10
57
48
177
118
157
107
110
34
51
10
57
48
177
118
157
107
110
34
51
10
57
48
177
118
157
107
110
34
51
10
57
48
177
118
157
107
110
34
51
10
57
48
177
118
157
107
110
34
51
10
57
48
177
118
157
107
110
34
51
10
57
48
177
118
157
107
110
34
51
10
57
48
177
118
157
107
110
34
51
10
57
48
177
118
157
107
110
34
51
10
57
48
177
118
157
107
110
34
51
10
57
48
177
118
157
107
110
34
51
10
57
48
177
118
157
107
110
34
51
10
57
48
177
118
157
107
110
34
51
10
57
48
177
118
157
107
110
34
51
10
57
48
177
118
157
107
110
34
51
10
57
48
177
118
157
107
110
34
51
10
57
48
177
118
157
107
110
34
51
10
57
48
177
118
157
107
110
34
51
10
57
48
177
118
157
107
110
34
51
10
57
48
177
118
157
107
110
34
51
10
57
48
177
118
157
107
110
34
51
10
57
48
177
118
157
107
110
34
51
10
57
48
177
118
157
107
110
34
51
10
57
48
177
118
157
107
110
34
51
10
57
48
177
118
157
107
110
34
51
10
57
48
177
118
157
107
110
34
51
10
57
48
177
118
157
107
110
34
51
10
57
48
177
118
157
107
110
34
51
10
57
48
177
118
157
107
110
34
51
10
57
48
177
118
157
107
110
34
51
10
57
48
177
118
157
107
110
34
51
10
57
48
177
118
157
107
110
34
51
10
57
48
177
118
157
107
110
34
51
10
57
48
177
118
157
107
110
34
51
10
57
48
177
118
157
107
110
34
51
10
57
48
177
118
157
107
110
34
51
10
57
48
177
118
157
107
110
34
51
10
57
48