110
118
4
34
177
10
57
179
157
149
110
118
4
34
177
10
57
179
157
149
110
118
4
34
177
10
57
179
157
149
110
118
4
34
177
10
57
179
157
149
110
118
4
34
177
10
57
179
157
149
110
118
4
34
177
10
57
179
157
149
110
118
4
34
177
10
57
179
157
149
110
118
4
34
177
10
57
179
157
149
110
118
4
34
177
10
57
179
157
149
110
118
4
34
177
10
57
179
157
149
110
118
4
34
177
10
57
179
157
149
110
118
4
34
177
10
57
179
157
149
110
118
4
34
177
10
57
179
157
149
110
118
4
34
177
10
57
179
157
149
110
118
4
34
177
10
57
179
157
149
110
118
4
34
177
10
57
179
157
149
110
118
4
34
177
10
57
179
157
149
110
118
4
34
177
10
57
179
157
149
110
118
4
34
177
10
57
179
157
149
110
118
4
34
177
10
57
179
157
149
110
118
4
34
177
10
57
179
157
149
110
118
4
34
177
10
57
179
157
149
110
118
4
34
177
10
57
179
157
149
110
118
4
34
177
10
57
179
157
149
110
118
4
34
177
10
57
179
157
149
110
118
4
34
177
10
57
179
157
149
110
118
4
34
177
10
57
179
157
149
110
118
4
34
177
10
57
179
157
149
110
118
4
34
177
10
57
179
157
149
110
118
4
34
177
10
57
179
157
149
110
118
4
34
177
10
57
179
157
149
110
118
4
34
177
10
57
179
157
149
110
118
4
34
177
10
57
179
157
149
110
118
4
34
177
10
57
179
157
149
110
118
4
34
177
10
57
179
157
149
110
118
4
34
177
10
57
179
157
149
110
118
4
34
177
10
57
179
157
149
110
118
4
34
177
10
57
179
157
149
110
118
4
34
177
10
57
179
157
149
110
118
4
34
177
10
57
179
157
149
110
118
4
34
177
10
57
179
157
149
110
118
4
34
177
10
57
179
157
149
110
118
4
34
177
10
57
179
157
149
110
118
4
34
177
10
57
179
157
149
110
118
4
34
177
10
57
179
157
149
110
118
4
34
177
10
57
179
157
149
110
118
4
34
177
10
57
179
157
149
110
118
4
34
177
10
57
179
157
149
110
118
4
34
177
10
57
179
157
149
110
118
4
34
177
10
57
179
157
149