110
118
51
34
177
10
57
179
149
90
110
118
51
34
177
10
57
179
149
90
110
118
51
34
177
10
57
179
149
90
110
118
51
34
177
10
57
179
149
90
110
118
51
34
177
10
57
179
149
90
110
118
51
34
177
10
57
179
149
90
110
118
51
34
177
10
57
179
149
90
110
118
51
34
177
10
57
179
149
90
110
118
51
34
177
10
57
179
149
90
110
118
51
34
177
10
57
179
149
90
110
118
51
34
177
10
57
179
149
90
110
118
51
34
177
10
57
179
149
90
110
118
51
34
177
10
57
179
149
90
110
118
51
34
177
10
57
179
149
90
110
118
51
34
177
10
57
179
149
90
110
118
51
34
177
10
57
179
149
90
110
118
51
34
177
10
57
179
149
90
110
118
51
34
177
10
57
179
149
90
110
118
51
34
177
10
57
179
149
90
110
118
51
34
177
10
57
179
149
90
110
118
51
34
177
10
57
179
149
90
110
118
51
34
177
10
57
179
149
90
110
118
51
34
177
10
57
179
149
90
110
118
51
34
177
10
57
179
149
90
110
118
51
34
177
10
57
179
149
90
110
118
51
34
177
10
57
179
149
90
110
118
51
34
177
10
57
179
149
90
110
118
51
34
177
10
57
179
149
90
110
118
51
34
177
10
57
179
149
90
110
118
51
34
177
10
57
179
149
90
110
118
51
34
177
10
57
179
149
90
110
118
51
34
177
10
57
179
149
90
110
118
51
34
177
10
57
179
149
90
110
118
51
34
177
10
57
179
149
90
110
118
51
34
177
10
57
179
149
90
110
118
51
34
177
10
57
179
149
90
110
118
51
34
177
10
57
179
149
90
110
118
51
34
177
10
57
179
149
90
110
118
51
34
177
10
57
179
149
90
110
118
51
34
177
10
57
179
149
90
110
118
51
34
177
10
57
179
149
90
110
118
51
34
177
10
57
179
149
90
110
118
51
34
177
10
57
179
149
90
110
118
51
34
177
10
57
179
149
90
110
118
51
34
177
10
57
179
149
90
110
118
51
34
177
10
57
179
149
90
110
118
51
34
177
10
57
179
149
90
110
118
51
34
177
10
57
179
149
90
110
118
51
34
177
10
57
179
149
90
110
118
51
34
177
10
57
179
149
90