110
118
34
177
10
57
179
157
149
90
110
118
34
177
10
57
179
157
149
90
110
118
34
177
10
57
179
157
149
90
110
118
34
177
10
57
179
157
149
90
110
118
34
177
10
57
179
157
149
90
110
118
34
177
10
57
179
157
149
90
110
118
34
177
10
57
179
157
149
90
110
118
34
177
10
57
179
157
149
90
110
118
34
177
10
57
179
157
149
90
110
118
34
177
10
57
179
157
149
90
110
118
34
177
10
57
179
157
149
90
110
118
34
177
10
57
179
157
149
90
110
118
34
177
10
57
179
157
149
90
110
118
34
177
10
57
179
157
149
90
110
118
34
177
10
57
179
157
149
90
110
118
34
177
10
57
179
157
149
90
110
118
34
177
10
57
179
157
149
90
110
118
34
177
10
57
179
157
149
90
110
118
34
177
10
57
179
157
149
90
110
118
34
177
10
57
179
157
149
90
110
118
34
177
10
57
179
157
149
90
110
118
34
177
10
57
179
157
149
90
110
118
34
177
10
57
179
157
149
90
110
118
34
177
10
57
179
157
149
90
110
118
34
177
10
57
179
157
149
90
110
118
34
177
10
57
179
157
149
90
110
118
34
177
10
57
179
157
149
90
110
118
34
177
10
57
179
157
149
90
110
118
34
177
10
57
179
157
149
90
110
118
34
177
10
57
179
157
149
90
110
118
34
177
10
57
179
157
149
90
110
118
34
177
10
57
179
157
149
90
110
118
34
177
10
57
179
157
149
90
110
118
34
177
10
57
179
157
149
90
110
118
34
177
10
57
179
157
149
90
110
118
34
177
10
57
179
157
149
90
110
118
34
177
10
57
179
157
149
90
110
118
34
177
10
57
179
157
149
90
110
118
34
177
10
57
179
157
149
90
110
118
34
177
10
57
179
157
149
90
110
118
34
177
10
57
179
157
149
90
110
118
34
177
10
57
179
157
149
90
110
118
34
177
10
57
179
157
149
90
110
118
34
177
10
57
179
157
149
90
110
118
34
177
10
57
179
157
149
90
110
118
34
177
10
57
179
157
149
90
110
118
34
177
10
57
179
157
149
90
110
118
34
177
10
57
179
157
149
90
110
118
34
177
10
57
179
157
149
90
110
118
34
177
10
57
179
157
149
90