4
51
34
177
10
57
179
157
149
90
4
51
34
177
10
57
179
157
149
90
4
51
34
177
10
57
179
157
149
90
4
51
34
177
10
57
179
157
149
90
4
51
34
177
10
57
179
157
149
90
4
51
34
177
10
57
179
157
149
90
4
51
34
177
10
57
179
157
149
90
4
51
34
177
10
57
179
157
149
90
4
51
34
177
10
57
179
157
149
90
4
51
34
177
10
57
179
157
149
90
4
51
34
177
10
57
179
157
149
90
4
51
34
177
10
57
179
157
149
90
4
51
34
177
10
57
179
157
149
90
4
51
34
177
10
57
179
157
149
90
4
51
34
177
10
57
179
157
149
90
4
51
34
177
10
57
179
157
149
90
4
51
34
177
10
57
179
157
149
90
4
51
34
177
10
57
179
157
149
90
4
51
34
177
10
57
179
157
149
90
4
51
34
177
10
57
179
157
149
90
4
51
34
177
10
57
179
157
149
90
4
51
34
177
10
57
179
157
149
90
4
51
34
177
10
57
179
157
149
90
4
51
34
177
10
57
179
157
149
90
4
51
34
177
10
57
179
157
149
90
4
51
34
177
10
57
179
157
149
90
4
51
34
177
10
57
179
157
149
90
4
51
34
177
10
57
179
157
149
90
4
51
34
177
10
57
179
157
149
90
4
51
34
177
10
57
179
157
149
90
4
51
34
177
10
57
179
157
149
90
4
51
34
177
10
57
179
157
149
90
4
51
34
177
10
57
179
157
149
90
4
51
34
177
10
57
179
157
149
90
4
51
34
177
10
57
179
157
149
90
4
51
34
177
10
57
179
157
149
90
4
51
34
177
10
57
179
157
149
90
4
51
34
177
10
57
179
157
149
90
4
51
34
177
10
57
179
157
149
90
4
51
34
177
10
57
179
157
149
90
4
51
34
177
10
57
179
157
149
90
4
51
34
177
10
57
179
157
149
90
4
51
34
177
10
57
179
157
149
90
4
51
34
177
10
57
179
157
149
90
4
51
34
177
10
57
179
157
149
90
4
51
34
177
10
57
179
157
149
90
4
51
34
177
10
57
179
157
149
90
4
51
34
177
10
57
179
157
149
90
4
51
34
177
10
57
179
157
149
90
4
51
34
177
10
57
179
157
149
90