110
118
4
51
34
177
57
179
157
90
110
118
4
51
34
177
57
179
157
90
110
118
4
51
34
177
57
179
157
90
110
118
4
51
34
177
57
179
157
90
110
118
4
51
34
177
57
179
157
90
110
118
4
51
34
177
57
179
157
90
110
118
4
51
34
177
57
179
157
90
110
118
4
51
34
177
57
179
157
90
110
118
4
51
34
177
57
179
157
90
110
118
4
51
34
177
57
179
157
90
110
118
4
51
34
177
57
179
157
90
110
118
4
51
34
177
57
179
157
90
110
118
4
51
34
177
57
179
157
90
110
118
4
51
34
177
57
179
157
90
110
118
4
51
34
177
57
179
157
90
110
118
4
51
34
177
57
179
157
90
110
118
4
51
34
177
57
179
157
90
110
118
4
51
34
177
57
179
157
90
110
118
4
51
34
177
57
179
157
90
110
118
4
51
34
177
57
179
157
90
110
118
4
51
34
177
57
179
157
90
110
118
4
51
34
177
57
179
157
90
110
118
4
51
34
177
57
179
157
90
110
118
4
51
34
177
57
179
157
90
110
118
4
51
34
177
57
179
157
90
110
118
4
51
34
177
57
179
157
90
110
118
4
51
34
177
57
179
157
90
110
118
4
51
34
177
57
179
157
90
110
118
4
51
34
177
57
179
157
90
110
118
4
51
34
177
57
179
157
90
110
118
4
51
34
177
57
179
157
90
110
118
4
51
34
177
57
179
157
90
110
118
4
51
34
177
57
179
157
90
110
118
4
51
34
177
57
179
157
90
110
118
4
51
34
177
57
179
157
90
110
118
4
51
34
177
57
179
157
90
110
118
4
51
34
177
57
179
157
90
110
118
4
51
34
177
57
179
157
90
110
118
4
51
34
177
57
179
157
90
110
118
4
51
34
177
57
179
157
90
110
118
4
51
34
177
57
179
157
90
110
118
4
51
34
177
57
179
157
90
110
118
4
51
34
177
57
179
157
90
110
118
4
51
34
177
57
179
157
90
110
118
4
51
34
177
57
179
157
90
110
118
4
51
34
177
57
179
157
90
110
118
4
51
34
177
57
179
157
90
110
118
4
51
34
177
57
179
157
90
110
118
4
51
34
177
57
179
157
90
110
118
4
51
34
177
57
179
157
90