110
118
4
34
177
10
57
157
149
90
110
118
4
34
177
10
57
157
149
90
110
118
4
34
177
10
57
157
149
90
110
118
4
34
177
10
57
157
149
90
110
118
4
34
177
10
57
157
149
90
110
118
4
34
177
10
57
157
149
90
110
118
4
34
177
10
57
157
149
90
110
118
4
34
177
10
57
157
149
90
110
118
4
34
177
10
57
157
149
90
110
118
4
34
177
10
57
157
149
90
110
118
4
34
177
10
57
157
149
90
110
118
4
34
177
10
57
157
149
90
110
118
4
34
177
10
57
157
149
90
110
118
4
34
177
10
57
157
149
90
110
118
4
34
177
10
57
157
149
90
110
118
4
34
177
10
57
157
149
90
110
118
4
34
177
10
57
157
149
90
110
118
4
34
177
10
57
157
149
90
110
118
4
34
177
10
57
157
149
90
110
118
4
34
177
10
57
157
149
90
110
118
4
34
177
10
57
157
149
90
110
118
4
34
177
10
57
157
149
90
110
118
4
34
177
10
57
157
149
90
110
118
4
34
177
10
57
157
149
90
110
118
4
34
177
10
57
157
149
90
110
118
4
34
177
10
57
157
149
90
110
118
4
34
177
10
57
157
149
90
110
118
4
34
177
10
57
157
149
90
110
118
4
34
177
10
57
157
149
90
110
118
4
34
177
10
57
157
149
90
110
118
4
34
177
10
57
157
149
90
110
118
4
34
177
10
57
157
149
90
110
118
4
34
177
10
57
157
149
90
110
118
4
34
177
10
57
157
149
90
110
118
4
34
177
10
57
157
149
90
110
118
4
34
177
10
57
157
149
90
110
118
4
34
177
10
57
157
149
90
110
118
4
34
177
10
57
157
149
90
110
118
4
34
177
10
57
157
149
90
110
118
4
34
177
10
57
157
149
90
110
118
4
34
177
10
57
157
149
90
110
118
4
34
177
10
57
157
149
90
110
118
4
34
177
10
57
157
149
90
110
118
4
34
177
10
57
157
149
90
110
118
4
34
177
10
57
157
149
90
110
118
4
34
177
10
57
157
149
90
110
118
4
34
177
10
57
157
149
90
110
118
4
34
177
10
57
157
149
90
110
118
4
34
177
10
57
157
149
90
110
118
4
34
177
10
57
157
149
90