11
108
75
17
111
115
57
113
18
56
11
108
75
17
111
115
57
113
53
18
11
108
75
17
111
115
2
57
53
18
108
75
11
111
17
57
115
18
56
2
11
108
75
17
111
115
2
57
18
56
11
108
75
17
111
115
2
57
113
56
11
108
75
17
111
57
113
53
18
56
11
108
75
17
111
115
2
57
113
18
11
108
75
17
111
115
2
113
18
56
11
108
75
17
111
115
57
53
18
56
11
108
75
17
111
115
57
113
18
56
11
108
75
17
111
115
57
113
53
18
11
108
75
17
111
115
2
57
53
18
108
75
11
111
17
57
115
18
56
2
11
108
75
17
111
115
2
57
18
56
11
108
75
17
111
115
2
57
113
56
11
108
75
17
111
57
113
53
18
56
11
108
75
17
111
115
2
57
113
18
11
108
75
17
111
115
2
113
18
56
11
108
75
17
111
115
57
53
18
56
11
108
75
17
111
115
57
113
18
56
11
108
75
17
111
115
57
113
53
18
11
108
75
17
111
115
2
57
53
18
108
75
11
111
17
57
115
18
56
2
11
108
75
17
111
115
2
57
18
56
11
108
75
17
111
115
2
57
113
56
11
108
75
17
111
57
113
53
18
56
11
108
75
17
111
115
2
57
113
18
11
108
75
17
111
115
2
113
18
56
11
108
75
17
111
115
57
53
18
56
11
108
75
17
111
115
57
113
18
56
11
108
75
17
111
115
57
113
53
18
11
108
75
17
111
115
2
57
53
18
108
75
11
111
17
57
115
18
56
2
11
108
75
17
111
115
2
57
18
56
11
108
75
17
111
115
2
57
113
56
11
108
75
17
111
57
113
53
18
56
11
108
75
17
111
115
2
57
113
18
11
108
75
17
111
115
2
113
18
56
11
108
75
17
111
115
57
53
18
56
11
108
75
17
111
115
57
113
18
56
11
108
75
17
111
115
57
113
53
18
11
108
75
17
111
115
2
57
53
18
108
75
11
111
17
57
115
18
56
2
11
108
75
17
111
115
2
57
18
56
11
108
75
17
111
115
2
57
113
56
11
108
75
17
111
57
113
53
18
56
11
108
75
17
111
115
2
57
113
18
11
108
75
17
111
115
2
113
18
56
11
108
75
17
111
115
57
53
18
56