29
86
94
137
51
49
132
56
208
52
29
86
94
137
51
49
132
56
208
52
29
86
94
137
51
49
132
56
208
52
29
86
94
137
51
49
132
56
208
52
29
86
94
137
51
49
132
56
208
52
29
86
94
137
51
49
132
56
208
52
29
86
94
137
51
49
132
56
208
52
29
86
94
137
51
49
132
56
208
52
29
86
94
137
51
49
132
56
208
52
29
86
94
137
51
49
132
56
208
52
29
86
94
137
51
49
132
56
208
52
29
86
94
137
51
49
132
56
208
52
29
86
94
137
51
49
132
56
208
52
29
86
94
137
51
49
132
56
208
52
29
86
94
137
51
49
132
56
208
52
29
86
94
137
51
49
132
56
208
52
29
86
94
137
51
49
132
56
208
52
29
86
94
137
51
49
132
56
208
52
29
86
94
137
51
49
132
56
208
52
29
86
94
137
51
49
132
56
208
52
29
86
94
137
51
49
132
56
208
52
29
86
94
137
51
49
132
56
208
52
29
86
94
137
51
49
132
56
208
52
29
86
94
137
51
49
132
56
208
52
29
86
94
137
51
49
132
56
208
52
29
86
94
137
51
49
132
56
208
52
29
86
94
137
51
49
132
56
208
52
29
86
94
137
51
49
132
56
208
52
29
86
94
137
51
49
132
56
208
52
29
86
94
137
51
49
132
56
208
52
29
86
94
137
51
49
132
56
208
52
29
86
94
137
51
49
132
56
208
52
29
86
94
137
51
49
132
56
208
52
29
86
94
137
51
49
132
56
208
52
29
86
94
137
51
49
132
56
208
52
29
86
94
137
51
49
132
56
208
52
29
86
94
137
51
49
132
56
208
52
29
86
94
137
51
49
132
56
208
52
29
86
94
137
51
49
132
56
208
52
29
86
94
137
51
49
132
56
208
52
29
86
94
137
51
49
132
56
208
52
29
86
94
137
51
49
132
56
208
52
29
86
94
137
51
49
132
56
208
52
29
86
94
137
51
49
132
56
208
52
29
86
94
137
51
49
132
56
208
52
29
86
94
137
51
49
132
56
208
52
29
86
94
137
51
49
132
56
208
52
29
86
94
137
51
49
132
56
208
52
29
86
94
137
51
49
132
56
208
52
29
86
94
137
51
49
132
56
208
52