51
29
56
6
67
139
132
50
208
94
51
29
56
6
67
139
132
50
208
94
51
29
56
6
67
139
132
50
208
94
51
29
56
6
67
139
132
50
208
94
51
29
56
6
67
139
132
50
208
94
51
29
56
6
67
139
132
50
208
94
51
29
56
6
67
139
132
50
208
94
51
29
56
6
67
139
132
50
208
94
51
29
56
6
67
139
132
50
208
94
51
29
56
6
67
139
132
50
208
94
51
29
56
6
67
139
132
50
208
94
51
29
56
6
67
139
132
50
208
94
51
29
56
6
67
139
132
50
208
94
51
29
56
6
67
139
132
50
208
94
51
29
56
6
67
139
132
50
208
94
51
29
56
6
67
139
132
50
208
94
51
29
56
6
67
139
132
50
208
94
51
29
56
6
67
139
132
50
208
94
51
29
56
6
67
139
132
50
208
94
51
29
56
6
67
139
132
50
208
94
51
29
56
6
67
139
132
50
208
94
51
29
56
6
67
139
132
50
208
94
51
29
56
6
67
139
132
50
208
94
51
29
56
6
67
139
132
50
208
94
51
29
56
6
67
139
132
50
208
94
51
29
56
6
67
139
132
50
208
94
51
29
56
6
67
139
132
50
208
94
51
29
56
6
67
139
132
50
208
94
51
29
56
6
67
139
132
50
208
94
51
29
56
6
67
139
132
50
208
94
51
29
56
6
67
139
132
50
208
94
51
29
56
6
67
139
132
50
208
94
51
29
56
6
67
139
132
50
208
94
51
29
56
6
67
139
132
50
208
94
51
29
56
6
67
139
132
50
208
94
51
29
56
6
67
139
132
50
208
94
51
29
56
6
67
139
132
50
208
94
51
29
56
6
67
139
132
50
208
94
51
29
56
6
67
139
132
50
208
94
51
29
56
6
67
139
132
50
208
94
51
29
56
6
67
139
132
50
208
94
51
29
56
6
67
139
132
50
208
94
51
29
56
6
67
139
132
50
208
94
51
29
56
6
67
139
132
50
208
94
51
29
56
6
67
139
132
50
208
94
51
29
56
6
67
139
132
50
208
94
51
29
56
6
67
139
132
50
208
94
51
29
56
6
67
139
132
50
208
94
51
29
56
6
67
139
132
50
208
94
51
29
56
6
67
139
132
50
208
94