50
67
24
139
208
6
56
137
94
51
50
67
24
139
208
6
56
137
94
51
50
67
24
139
208
6
56
137
94
51
50
67
24
139
208
6
56
137
94
51
50
67
24
139
208
6
56
137
94
51
50
67
24
139
208
6
56
137
94
51
50
67
24
139
208
6
56
137
94
51
50
67
24
139
208
6
56
137
94
51
50
67
24
139
208
6
56
137
94
51
50
67
24
139
208
6
56
137
94
51
50
67
24
139
208
6
56
137
94
51
50
67
24
139
208
6
56
137
94
51
50
67
24
139
208
6
56
137
94
51
50
67
24
139
208
6
56
137
94
51
50
67
24
139
208
6
56
137
94
51
50
67
24
139
208
6
56
137
94
51
50
67
24
139
208
6
56
137
94
51
50
67
24
139
208
6
56
137
94
51
50
67
24
139
208
6
56
137
94
51
50
67
24
139
208
6
56
137
94
51
50
67
24
139
208
6
56
137
94
51
50
67
24
139
208
6
56
137
94
51
50
67
24
139
208
6
56
137
94
51
50
67
24
139
208
6
56
137
94
51
50
67
24
139
208
6
56
137
94
51
50
67
24
139
208
6
56
137
94
51
50
67
24
139
208
6
56
137
94
51
50
67
24
139
208
6
56
137
94
51
50
67
24
139
208
6
56
137
94
51
50
67
24
139
208
6
56
137
94
51
50
67
24
139
208
6
56
137
94
51
50
67
24
139
208
6
56
137
94
51
50
67
24
139
208
6
56
137
94
51
50
67
24
139
208
6
56
137
94
51
50
67
24
139
208
6
56
137
94
51
50
67
24
139
208
6
56
137
94
51
50
67
24
139
208
6
56
137
94
51
50
67
24
139
208
6
56
137
94
51
50
67
24
139
208
6
56
137
94
51
50
67
24
139
208
6
56
137
94
51
50
67
24
139
208
6
56
137
94
51
50
67
24
139
208
6
56
137
94
51
50
67
24
139
208
6
56
137
94
51
50
67
24
139
208
6
56
137
94
51
50
67
24
139
208
6
56
137
94
51
50
67
24
139
208
6
56
137
94
51
50
67
24
139
208
6
56
137
94
51
50
67
24
139
208
6
56
137
94
51
50
67
24
139
208
6
56
137
94
51
50
67
24
139
208
6
56
137
94
51