49
86
208
24
137
6
26
94
132
67
49
86
208
24
137
6
26
94
132
67
49
86
208
24
137
6
26
94
132
67
49
86
208
24
137
6
26
94
132
67
49
86
208
24
137
6
26
94
132
67
49
86
208
24
137
6
26
94
132
67
49
86
208
24
137
6
26
94
132
67
49
86
208
24
137
6
26
94
132
67
49
86
208
24
137
6
26
94
132
67
49
86
208
24
137
6
26
94
132
67
49
86
208
24
137
6
26
94
132
67
49
86
208
24
137
6
26
94
132
67
49
86
208
24
137
6
26
94
132
67
49
86
208
24
137
6
26
94
132
67
49
86
208
24
137
6
26
94
132
67
49
86
208
24
137
6
26
94
132
67
49
86
208
24
137
6
26
94
132
67
49
86
208
24
137
6
26
94
132
67
49
86
208
24
137
6
26
94
132
67
49
86
208
24
137
6
26
94
132
67
49
86
208
24
137
6
26
94
132
67
49
86
208
24
137
6
26
94
132
67
49
86
208
24
137
6
26
94
132
67
49
86
208
24
137
6
26
94
132
67
49
86
208
24
137
6
26
94
132
67
49
86
208
24
137
6
26
94
132
67
49
86
208
24
137
6
26
94
132
67
49
86
208
24
137
6
26
94
132
67
49
86
208
24
137
6
26
94
132
67
49
86
208
24
137
6
26
94
132
67
49
86
208
24
137
6
26
94
132
67
49
86
208
24
137
6
26
94
132
67
49
86
208
24
137
6
26
94
132
67
49
86
208
24
137
6
26
94
132
67
49
86
208
24
137
6
26
94
132
67
49
86
208
24
137
6
26
94
132
67
49
86
208
24
137
6
26
94
132
67
49
86
208
24
137
6
26
94
132
67
49
86
208
24
137
6
26
94
132
67
49
86
208
24
137
6
26
94
132
67
49
86
208
24
137
6
26
94
132
67
49
86
208
24
137
6
26
94
132
67
49
86
208
24
137
6
26
94
132
67
49
86
208
24
137
6
26
94
132
67
49
86
208
24
137
6
26
94
132
67
49
86
208
24
137
6
26
94
132
67
49
86
208
24
137
6
26
94
132
67
49
86
208
24
137
6
26
94
132
67
49
86
208
24
137
6
26
94
132
67
49
86
208
24
137
6
26
94
132
67