29
26
51
6
67
137
208
50
139
132
29
26
51
6
67
137
208
50
139
132
29
26
51
6
67
137
208
50
139
132
29
26
51
6
67
137
208
50
139
132
29
26
51
6
67
137
208
50
139
132
29
26
51
6
67
137
208
50
139
132
29
26
51
6
67
137
208
50
139
132
29
26
51
6
67
137
208
50
139
132
29
26
51
6
67
137
208
50
139
132
29
26
51
6
67
137
208
50
139
132
29
26
51
6
67
137
208
50
139
132
29
26
51
6
67
137
208
50
139
132
29
26
51
6
67
137
208
50
139
132
29
26
51
6
67
137
208
50
139
132
29
26
51
6
67
137
208
50
139
132
29
26
51
6
67
137
208
50
139
132
29
26
51
6
67
137
208
50
139
132
29
26
51
6
67
137
208
50
139
132
29
26
51
6
67
137
208
50
139
132
29
26
51
6
67
137
208
50
139
132
29
26
51
6
67
137
208
50
139
132
29
26
51
6
67
137
208
50
139
132
29
26
51
6
67
137
208
50
139
132
29
26
51
6
67
137
208
50
139
132
29
26
51
6
67
137
208
50
139
132
29
26
51
6
67
137
208
50
139
132
29
26
51
6
67
137
208
50
139
132
29
26
51
6
67
137
208
50
139
132
29
26
51
6
67
137
208
50
139
132
29
26
51
6
67
137
208
50
139
132
29
26
51
6
67
137
208
50
139
132
29
26
51
6
67
137
208
50
139
132
29
26
51
6
67
137
208
50
139
132
29
26
51
6
67
137
208
50
139
132
29
26
51
6
67
137
208
50
139
132
29
26
51
6
67
137
208
50
139
132
29
26
51
6
67
137
208
50
139
132
29
26
51
6
67
137
208
50
139
132
29
26
51
6
67
137
208
50
139
132
29
26
51
6
67
137
208
50
139
132
29
26
51
6
67
137
208
50
139
132
29
26
51
6
67
137
208
50
139
132
29
26
51
6
67
137
208
50
139
132
29
26
51
6
67
137
208
50
139
132
29
26
51
6
67
137
208
50
139
132
29
26
51
6
67
137
208
50
139
132
29
26
51
6
67
137
208
50
139
132
29
26
51
6
67
137
208
50
139
132
29
26
51
6
67
137
208
50
139
132
29
26
51
6
67
137
208
50
139
132