50
56
94
52
6
139
132
51
26
208
50
56
94
52
6
139
132
51
26
208
50
56
94
52
6
139
132
51
26
208
50
56
94
52
6
139
132
51
26
208
50
56
94
52
6
139
132
51
26
208
50
56
94
52
6
139
132
51
26
208
50
56
94
52
6
139
132
51
26
208
50
56
94
52
6
139
132
51
26
208
50
56
94
52
6
139
132
51
26
208
50
56
94
52
6
139
132
51
26
208
50
56
94
52
6
139
132
51
26
208
50
56
94
52
6
139
132
51
26
208
50
56
94
52
6
139
132
51
26
208
50
56
94
52
6
139
132
51
26
208
50
56
94
52
6
139
132
51
26
208
50
56
94
52
6
139
132
51
26
208
50
56
94
52
6
139
132
51
26
208
50
56
94
52
6
139
132
51
26
208
50
56
94
52
6
139
132
51
26
208
50
56
94
52
6
139
132
51
26
208
50
56
94
52
6
139
132
51
26
208
50
56
94
52
6
139
132
51
26
208
50
56
94
52
6
139
132
51
26
208
50
56
94
52
6
139
132
51
26
208
50
56
94
52
6
139
132
51
26
208
50
56
94
52
6
139
132
51
26
208
50
56
94
52
6
139
132
51
26
208
50
56
94
52
6
139
132
51
26
208
50
56
94
52
6
139
132
51
26
208
50
56
94
52
6
139
132
51
26
208
50
56
94
52
6
139
132
51
26
208
50
56
94
52
6
139
132
51
26
208
50
56
94
52
6
139
132
51
26
208
50
56
94
52
6
139
132
51
26
208
50
56
94
52
6
139
132
51
26
208
50
56
94
52
6
139
132
51
26
208
50
56
94
52
6
139
132
51
26
208
50
56
94
52
6
139
132
51
26
208
50
56
94
52
6
139
132
51
26
208
50
56
94
52
6
139
132
51
26
208
50
56
94
52
6
139
132
51
26
208
50
56
94
52
6
139
132
51
26
208
50
56
94
52
6
139
132
51
26
208
50
56
94
52
6
139
132
51
26
208
50
56
94
52
6
139
132
51
26
208
50
56
94
52
6
139
132
51
26
208
50
56
94
52
6
139
132
51
26
208
50
56
94
52
6
139
132
51
26
208
50
56
94
52
6
139
132
51
26
208
50
56
94
52
6
139
132
51
26
208