29
67
94
56
49
50
6
137
26
52
29
67
94
56
49
50
6
137
26
52
29
67
94
56
49
50
6
137
26
52
29
67
94
56
49
50
6
137
26
52
29
67
94
56
49
50
6
137
26
52
29
67
94
56
49
50
6
137
26
52
29
67
94
56
49
50
6
137
26
52
29
67
94
56
49
50
6
137
26
52
29
67
94
56
49
50
6
137
26
52
29
67
94
56
49
50
6
137
26
52
29
67
94
56
49
50
6
137
26
52
29
67
94
56
49
50
6
137
26
52
29
67
94
56
49
50
6
137
26
52
29
67
94
56
49
50
6
137
26
52
29
67
94
56
49
50
6
137
26
52
29
67
94
56
49
50
6
137
26
52
29
67
94
56
49
50
6
137
26
52
29
67
94
56
49
50
6
137
26
52
29
67
94
56
49
50
6
137
26
52
29
67
94
56
49
50
6
137
26
52
29
67
94
56
49
50
6
137
26
52
29
67
94
56
49
50
6
137
26
52
29
67
94
56
49
50
6
137
26
52
29
67
94
56
49
50
6
137
26
52
29
67
94
56
49
50
6
137
26
52
29
67
94
56
49
50
6
137
26
52
29
67
94
56
49
50
6
137
26
52
29
67
94
56
49
50
6
137
26
52
29
67
94
56
49
50
6
137
26
52
29
67
94
56
49
50
6
137
26
52
29
67
94
56
49
50
6
137
26
52
29
67
94
56
49
50
6
137
26
52
29
67
94
56
49
50
6
137
26
52
29
67
94
56
49
50
6
137
26
52
29
67
94
56
49
50
6
137
26
52
29
67
94
56
49
50
6
137
26
52
29
67
94
56
49
50
6
137
26
52
29
67
94
56
49
50
6
137
26
52
29
67
94
56
49
50
6
137
26
52
29
67
94
56
49
50
6
137
26
52
29
67
94
56
49
50
6
137
26
52
29
67
94
56
49
50
6
137
26
52
29
67
94
56
49
50
6
137
26
52
29
67
94
56
49
50
6
137
26
52
29
67
94
56
49
50
6
137
26
52
29
67
94
56
49
50
6
137
26
52
29
67
94
56
49
50
6
137
26
52
29
67
94
56
49
50
6
137
26
52
29
67
94
56
49
50
6
137
26
52
29
67
94
56
49
50
6
137
26
52