132
6
137
49
24
139
26
52
86
67
132
6
137
49
24
139
26
52
86
67
132
6
137
49
24
139
26
52
86
67
132
6
137
49
24
139
26
52
86
67
132
6
137
49
24
139
26
52
86
67
132
6
137
49
24
139
26
52
86
67
132
6
137
49
24
139
26
52
86
67
132
6
137
49
24
139
26
52
86
67
132
6
137
49
24
139
26
52
86
67
132
6
137
49
24
139
26
52
86
67
132
6
137
49
24
139
26
52
86
67
132
6
137
49
24
139
26
52
86
67
132
6
137
49
24
139
26
52
86
67
132
6
137
49
24
139
26
52
86
67
132
6
137
49
24
139
26
52
86
67
132
6
137
49
24
139
26
52
86
67
132
6
137
49
24
139
26
52
86
67
132
6
137
49
24
139
26
52
86
67
132
6
137
49
24
139
26
52
86
67
132
6
137
49
24
139
26
52
86
67
132
6
137
49
24
139
26
52
86
67
132
6
137
49
24
139
26
52
86
67
132
6
137
49
24
139
26
52
86
67
132
6
137
49
24
139
26
52
86
67
132
6
137
49
24
139
26
52
86
67
132
6
137
49
24
139
26
52
86
67
132
6
137
49
24
139
26
52
86
67
132
6
137
49
24
139
26
52
86
67
132
6
137
49
24
139
26
52
86
67
132
6
137
49
24
139
26
52
86
67
132
6
137
49
24
139
26
52
86
67
132
6
137
49
24
139
26
52
86
67
132
6
137
49
24
139
26
52
86
67
132
6
137
49
24
139
26
52
86
67
132
6
137
49
24
139
26
52
86
67
132
6
137
49
24
139
26
52
86
67
132
6
137
49
24
139
26
52
86
67
132
6
137
49
24
139
26
52
86
67
132
6
137
49
24
139
26
52
86
67
132
6
137
49
24
139
26
52
86
67
132
6
137
49
24
139
26
52
86
67
132
6
137
49
24
139
26
52
86
67
132
6
137
49
24
139
26
52
86
67
132
6
137
49
24
139
26
52
86
67
132
6
137
49
24
139
26
52
86
67
132
6
137
49
24
139
26
52
86
67
132
6
137
49
24
139
26
52
86
67
132
6
137
49
24
139
26
52
86
67
132
6
137
49
24
139
26
52
86
67
132
6
137
49
24
139
26
52
86
67