29
56
132
24
139
26
51
67
208
50
29
56
132
24
139
26
51
67
208
50
29
56
132
24
139
26
51
67
208
50
29
56
132
24
139
26
51
67
208
50
29
56
132
24
139
26
51
67
208
50
29
56
132
24
139
26
51
67
208
50
29
56
132
24
139
26
51
67
208
50
29
56
132
24
139
26
51
67
208
50
29
56
132
24
139
26
51
67
208
50
29
56
132
24
139
26
51
67
208
50
29
56
132
24
139
26
51
67
208
50
29
56
132
24
139
26
51
67
208
50
29
56
132
24
139
26
51
67
208
50
29
56
132
24
139
26
51
67
208
50
29
56
132
24
139
26
51
67
208
50
29
56
132
24
139
26
51
67
208
50
29
56
132
24
139
26
51
67
208
50
29
56
132
24
139
26
51
67
208
50
29
56
132
24
139
26
51
67
208
50
29
56
132
24
139
26
51
67
208
50
29
56
132
24
139
26
51
67
208
50
29
56
132
24
139
26
51
67
208
50
29
56
132
24
139
26
51
67
208
50
29
56
132
24
139
26
51
67
208
50
29
56
132
24
139
26
51
67
208
50
29
56
132
24
139
26
51
67
208
50
29
56
132
24
139
26
51
67
208
50
29
56
132
24
139
26
51
67
208
50
29
56
132
24
139
26
51
67
208
50
29
56
132
24
139
26
51
67
208
50
29
56
132
24
139
26
51
67
208
50
29
56
132
24
139
26
51
67
208
50
29
56
132
24
139
26
51
67
208
50
29
56
132
24
139
26
51
67
208
50
29
56
132
24
139
26
51
67
208
50
29
56
132
24
139
26
51
67
208
50
29
56
132
24
139
26
51
67
208
50
29
56
132
24
139
26
51
67
208
50
29
56
132
24
139
26
51
67
208
50
29
56
132
24
139
26
51
67
208
50
29
56
132
24
139
26
51
67
208
50
29
56
132
24
139
26
51
67
208
50
29
56
132
24
139
26
51
67
208
50
29
56
132
24
139
26
51
67
208
50
29
56
132
24
139
26
51
67
208
50
29
56
132
24
139
26
51
67
208
50
29
56
132
24
139
26
51
67
208
50
29
56
132
24
139
26
51
67
208
50
29
56
132
24
139
26
51
67
208
50
29
56
132
24
139
26
51
67
208
50