137
26
67
24
50
86
94
51
29
208
137
26
67
24
50
86
94
51
29
208
137
26
67
24
50
86
94
51
29
208
137
26
67
24
50
86
94
51
29
208
137
26
67
24
50
86
94
51
29
208
137
26
67
24
50
86
94
51
29
208
137
26
67
24
50
86
94
51
29
208
137
26
67
24
50
86
94
51
29
208
137
26
67
24
50
86
94
51
29
208
137
26
67
24
50
86
94
51
29
208
137
26
67
24
50
86
94
51
29
208
137
26
67
24
50
86
94
51
29
208
137
26
67
24
50
86
94
51
29
208
137
26
67
24
50
86
94
51
29
208
137
26
67
24
50
86
94
51
29
208
137
26
67
24
50
86
94
51
29
208
137
26
67
24
50
86
94
51
29
208
137
26
67
24
50
86
94
51
29
208
137
26
67
24
50
86
94
51
29
208
137
26
67
24
50
86
94
51
29
208
137
26
67
24
50
86
94
51
29
208
137
26
67
24
50
86
94
51
29
208
137
26
67
24
50
86
94
51
29
208
137
26
67
24
50
86
94
51
29
208
137
26
67
24
50
86
94
51
29
208
137
26
67
24
50
86
94
51
29
208
137
26
67
24
50
86
94
51
29
208
137
26
67
24
50
86
94
51
29
208
137
26
67
24
50
86
94
51
29
208
137
26
67
24
50
86
94
51
29
208
137
26
67
24
50
86
94
51
29
208
137
26
67
24
50
86
94
51
29
208
137
26
67
24
50
86
94
51
29
208
137
26
67
24
50
86
94
51
29
208
137
26
67
24
50
86
94
51
29
208
137
26
67
24
50
86
94
51
29
208
137
26
67
24
50
86
94
51
29
208
137
26
67
24
50
86
94
51
29
208
137
26
67
24
50
86
94
51
29
208
137
26
67
24
50
86
94
51
29
208
137
26
67
24
50
86
94
51
29
208
137
26
67
24
50
86
94
51
29
208
137
26
67
24
50
86
94
51
29
208
137
26
67
24
50
86
94
51
29
208
137
26
67
24
50
86
94
51
29
208
137
26
67
24
50
86
94
51
29
208
137
26
67
24
50
86
94
51
29
208
137
26
67
24
50
86
94
51
29
208
137
26
67
24
50
86
94
51
29
208
137
26
67
24
50
86
94
51
29
208