94
49
132
52
67
50
24
6
86
56
94
49
132
52
67
50
24
6
86
56
94
49
132
52
67
50
24
6
86
56
94
49
132
52
67
50
24
6
86
56
94
49
132
52
67
50
24
6
86
56
94
49
132
52
67
50
24
6
86
56
94
49
132
52
67
50
24
6
86
56
94
49
132
52
67
50
24
6
86
56
94
49
132
52
67
50
24
6
86
56
94
49
132
52
67
50
24
6
86
56
94
49
132
52
67
50
24
6
86
56
94
49
132
52
67
50
24
6
86
56
94
49
132
52
67
50
24
6
86
56
94
49
132
52
67
50
24
6
86
56
94
49
132
52
67
50
24
6
86
56
94
49
132
52
67
50
24
6
86
56
94
49
132
52
67
50
24
6
86
56
94
49
132
52
67
50
24
6
86
56
94
49
132
52
67
50
24
6
86
56
94
49
132
52
67
50
24
6
86
56
94
49
132
52
67
50
24
6
86
56
94
49
132
52
67
50
24
6
86
56
94
49
132
52
67
50
24
6
86
56
94
49
132
52
67
50
24
6
86
56
94
49
132
52
67
50
24
6
86
56
94
49
132
52
67
50
24
6
86
56
94
49
132
52
67
50
24
6
86
56
94
49
132
52
67
50
24
6
86
56
94
49
132
52
67
50
24
6
86
56
94
49
132
52
67
50
24
6
86
56
94
49
132
52
67
50
24
6
86
56
94
49
132
52
67
50
24
6
86
56
94
49
132
52
67
50
24
6
86
56
94
49
132
52
67
50
24
6
86
56
94
49
132
52
67
50
24
6
86
56
94
49
132
52
67
50
24
6
86
56
94
49
132
52
67
50
24
6
86
56
94
49
132
52
67
50
24
6
86
56
94
49
132
52
67
50
24
6
86
56
94
49
132
52
67
50
24
6
86
56
94
49
132
52
67
50
24
6
86
56
94
49
132
52
67
50
24
6
86
56
94
49
132
52
67
50
24
6
86
56
94
49
132
52
67
50
24
6
86
56
94
49
132
52
67
50
24
6
86
56
94
49
132
52
67
50
24
6
86
56
94
49
132
52
67
50
24
6
86
56
94
49
132
52
67
50
24
6
86
56
94
49
132
52
67
50
24
6
86
56
94
49
132
52
67
50
24
6
86
56