6
139
56
49
208
29
51
50
24
94
6
139
56
49
208
29
51
50
24
94
6
139
56
49
208
29
51
50
24
94
6
139
56
49
208
29
51
50
24
94
6
139
56
49
208
29
51
50
24
94
6
139
56
49
208
29
51
50
24
94
6
139
56
49
208
29
51
50
24
94
6
139
56
49
208
29
51
50
24
94
6
139
56
49
208
29
51
50
24
94
6
139
56
49
208
29
51
50
24
94
6
139
56
49
208
29
51
50
24
94
6
139
56
49
208
29
51
50
24
94
6
139
56
49
208
29
51
50
24
94
6
139
56
49
208
29
51
50
24
94
6
139
56
49
208
29
51
50
24
94
6
139
56
49
208
29
51
50
24
94
6
139
56
49
208
29
51
50
24
94
6
139
56
49
208
29
51
50
24
94
6
139
56
49
208
29
51
50
24
94
6
139
56
49
208
29
51
50
24
94
6
139
56
49
208
29
51
50
24
94
6
139
56
49
208
29
51
50
24
94
6
139
56
49
208
29
51
50
24
94
6
139
56
49
208
29
51
50
24
94
6
139
56
49
208
29
51
50
24
94
6
139
56
49
208
29
51
50
24
94
6
139
56
49
208
29
51
50
24
94
6
139
56
49
208
29
51
50
24
94
6
139
56
49
208
29
51
50
24
94
6
139
56
49
208
29
51
50
24
94
6
139
56
49
208
29
51
50
24
94
6
139
56
49
208
29
51
50
24
94
6
139
56
49
208
29
51
50
24
94
6
139
56
49
208
29
51
50
24
94
6
139
56
49
208
29
51
50
24
94
6
139
56
49
208
29
51
50
24
94
6
139
56
49
208
29
51
50
24
94
6
139
56
49
208
29
51
50
24
94
6
139
56
49
208
29
51
50
24
94
6
139
56
49
208
29
51
50
24
94
6
139
56
49
208
29
51
50
24
94
6
139
56
49
208
29
51
50
24
94
6
139
56
49
208
29
51
50
24
94
6
139
56
49
208
29
51
50
24
94
6
139
56
49
208
29
51
50
24
94
6
139
56
49
208
29
51
50
24
94
6
139
56
49
208
29
51
50
24
94
6
139
56
49
208
29
51
50
24
94
6
139
56
49
208
29
51
50
24
94
6
139
56
49
208
29
51
50
24
94