6
26
50
139
137
24
52
86
208
51
6
26
50
139
137
24
52
86
208
51
6
26
50
139
137
24
52
86
208
51
6
26
50
139
137
24
52
86
208
51
6
26
50
139
137
24
52
86
208
51
6
26
50
139
137
24
52
86
208
51
6
26
50
139
137
24
52
86
208
51
6
26
50
139
137
24
52
86
208
51
6
26
50
139
137
24
52
86
208
51
6
26
50
139
137
24
52
86
208
51
6
26
50
139
137
24
52
86
208
51
6
26
50
139
137
24
52
86
208
51
6
26
50
139
137
24
52
86
208
51
6
26
50
139
137
24
52
86
208
51
6
26
50
139
137
24
52
86
208
51
6
26
50
139
137
24
52
86
208
51
6
26
50
139
137
24
52
86
208
51
6
26
50
139
137
24
52
86
208
51
6
26
50
139
137
24
52
86
208
51
6
26
50
139
137
24
52
86
208
51
6
26
50
139
137
24
52
86
208
51
6
26
50
139
137
24
52
86
208
51
6
26
50
139
137
24
52
86
208
51
6
26
50
139
137
24
52
86
208
51
6
26
50
139
137
24
52
86
208
51
6
26
50
139
137
24
52
86
208
51
6
26
50
139
137
24
52
86
208
51
6
26
50
139
137
24
52
86
208
51
6
26
50
139
137
24
52
86
208
51
6
26
50
139
137
24
52
86
208
51
6
26
50
139
137
24
52
86
208
51
6
26
50
139
137
24
52
86
208
51
6
26
50
139
137
24
52
86
208
51
6
26
50
139
137
24
52
86
208
51
6
26
50
139
137
24
52
86
208
51
6
26
50
139
137
24
52
86
208
51
6
26
50
139
137
24
52
86
208
51
6
26
50
139
137
24
52
86
208
51
6
26
50
139
137
24
52
86
208
51
6
26
50
139
137
24
52
86
208
51
6
26
50
139
137
24
52
86
208
51
6
26
50
139
137
24
52
86
208
51
6
26
50
139
137
24
52
86
208
51
6
26
50
139
137
24
52
86
208
51
6
26
50
139
137
24
52
86
208
51
6
26
50
139
137
24
52
86
208
51
6
26
50
139
137
24
52
86
208
51
6
26
50
139
137
24
52
86
208
51
6
26
50
139
137
24
52
86
208
51
6
26
50
139
137
24
52
86
208
51