6
94
132
86
56
139
52
29
50
49
6
94
132
86
56
139
52
29
50
49
6
94
132
86
56
139
52
29
50
49
6
94
132
86
56
139
52
29
50
49
6
94
132
86
56
139
52
29
50
49
6
94
132
86
56
139
52
29
50
49
6
94
132
86
56
139
52
29
50
49
6
94
132
86
56
139
52
29
50
49
6
94
132
86
56
139
52
29
50
49
6
94
132
86
56
139
52
29
50
49
6
94
132
86
56
139
52
29
50
49
6
94
132
86
56
139
52
29
50
49
6
94
132
86
56
139
52
29
50
49
6
94
132
86
56
139
52
29
50
49
6
94
132
86
56
139
52
29
50
49
6
94
132
86
56
139
52
29
50
49
6
94
132
86
56
139
52
29
50
49
6
94
132
86
56
139
52
29
50
49
6
94
132
86
56
139
52
29
50
49
6
94
132
86
56
139
52
29
50
49
6
94
132
86
56
139
52
29
50
49
6
94
132
86
56
139
52
29
50
49
6
94
132
86
56
139
52
29
50
49
6
94
132
86
56
139
52
29
50
49
6
94
132
86
56
139
52
29
50
49
6
94
132
86
56
139
52
29
50
49
6
94
132
86
56
139
52
29
50
49
6
94
132
86
56
139
52
29
50
49
6
94
132
86
56
139
52
29
50
49
6
94
132
86
56
139
52
29
50
49
6
94
132
86
56
139
52
29
50
49
6
94
132
86
56
139
52
29
50
49
6
94
132
86
56
139
52
29
50
49
6
94
132
86
56
139
52
29
50
49
6
94
132
86
56
139
52
29
50
49
6
94
132
86
56
139
52
29
50
49
6
94
132
86
56
139
52
29
50
49
6
94
132
86
56
139
52
29
50
49
6
94
132
86
56
139
52
29
50
49
6
94
132
86
56
139
52
29
50
49
6
94
132
86
56
139
52
29
50
49
6
94
132
86
56
139
52
29
50
49
6
94
132
86
56
139
52
29
50
49
6
94
132
86
56
139
52
29
50
49
6
94
132
86
56
139
52
29
50
49
6
94
132
86
56
139
52
29
50
49
6
94
132
86
56
139
52
29
50
49
6
94
132
86
56
139
52
29
50
49
6
94
132
86
56
139
52
29
50
49
6
94
132
86
56
139
52
29
50
49