52
51
50
86
49
132
26
137
56
94
52
51
50
86
49
132
26
137
56
94
52
51
50
86
49
132
26
137
56
94
52
51
50
86
49
132
26
137
56
94
52
51
50
86
49
132
26
137
56
94
52
51
50
86
49
132
26
137
56
94
52
51
50
86
49
132
26
137
56
94
52
51
50
86
49
132
26
137
56
94
52
51
50
86
49
132
26
137
56
94
52
51
50
86
49
132
26
137
56
94
52
51
50
86
49
132
26
137
56
94
52
51
50
86
49
132
26
137
56
94
52
51
50
86
49
132
26
137
56
94
52
51
50
86
49
132
26
137
56
94
52
51
50
86
49
132
26
137
56
94
52
51
50
86
49
132
26
137
56
94
52
51
50
86
49
132
26
137
56
94
52
51
50
86
49
132
26
137
56
94
52
51
50
86
49
132
26
137
56
94
52
51
50
86
49
132
26
137
56
94
52
51
50
86
49
132
26
137
56
94
52
51
50
86
49
132
26
137
56
94
52
51
50
86
49
132
26
137
56
94
52
51
50
86
49
132
26
137
56
94
52
51
50
86
49
132
26
137
56
94
52
51
50
86
49
132
26
137
56
94
52
51
50
86
49
132
26
137
56
94
52
51
50
86
49
132
26
137
56
94
52
51
50
86
49
132
26
137
56
94
52
51
50
86
49
132
26
137
56
94
52
51
50
86
49
132
26
137
56
94
52
51
50
86
49
132
26
137
56
94
52
51
50
86
49
132
26
137
56
94
52
51
50
86
49
132
26
137
56
94
52
51
50
86
49
132
26
137
56
94
52
51
50
86
49
132
26
137
56
94
52
51
50
86
49
132
26
137
56
94
52
51
50
86
49
132
26
137
56
94
52
51
50
86
49
132
26
137
56
94
52
51
50
86
49
132
26
137
56
94
52
51
50
86
49
132
26
137
56
94
52
51
50
86
49
132
26
137
56
94
52
51
50
86
49
132
26
137
56
94
52
51
50
86
49
132
26
137
56
94
52
51
50
86
49
132
26
137
56
94
52
51
50
86
49
132
26
137
56
94
52
51
50
86
49
132
26
137
56
94
52
51
50
86
49
132
26
137
56
94
52
51
50
86
49
132
26
137
56
94
52
51
50
86
49
132
26
137
56
94