67
208
6
49
29
24
56
86
51
26
67
208
6
49
29
24
56
86
51
26
67
208
6
49
29
24
56
86
51
26
67
208
6
49
29
24
56
86
51
26
67
208
6
49
29
24
56
86
51
26
67
208
6
49
29
24
56
86
51
26
67
208
6
49
29
24
56
86
51
26
67
208
6
49
29
24
56
86
51
26
67
208
6
49
29
24
56
86
51
26
67
208
6
49
29
24
56
86
51
26
67
208
6
49
29
24
56
86
51
26
67
208
6
49
29
24
56
86
51
26
67
208
6
49
29
24
56
86
51
26
67
208
6
49
29
24
56
86
51
26
67
208
6
49
29
24
56
86
51
26
67
208
6
49
29
24
56
86
51
26
67
208
6
49
29
24
56
86
51
26
67
208
6
49
29
24
56
86
51
26
67
208
6
49
29
24
56
86
51
26
67
208
6
49
29
24
56
86
51
26
67
208
6
49
29
24
56
86
51
26
67
208
6
49
29
24
56
86
51
26
67
208
6
49
29
24
56
86
51
26
67
208
6
49
29
24
56
86
51
26
67
208
6
49
29
24
56
86
51
26
67
208
6
49
29
24
56
86
51
26
67
208
6
49
29
24
56
86
51
26
67
208
6
49
29
24
56
86
51
26
67
208
6
49
29
24
56
86
51
26
67
208
6
49
29
24
56
86
51
26
67
208
6
49
29
24
56
86
51
26
67
208
6
49
29
24
56
86
51
26
67
208
6
49
29
24
56
86
51
26
67
208
6
49
29
24
56
86
51
26
67
208
6
49
29
24
56
86
51
26
67
208
6
49
29
24
56
86
51
26
67
208
6
49
29
24
56
86
51
26
67
208
6
49
29
24
56
86
51
26
67
208
6
49
29
24
56
86
51
26
67
208
6
49
29
24
56
86
51
26
67
208
6
49
29
24
56
86
51
26
67
208
6
49
29
24
56
86
51
26
67
208
6
49
29
24
56
86
51
26
67
208
6
49
29
24
56
86
51
26
67
208
6
49
29
24
56
86
51
26
67
208
6
49
29
24
56
86
51
26
67
208
6
49
29
24
56
86
51
26
67
208
6
49
29
24
56
86
51
26
67
208
6
49
29
24
56
86
51
26
67
208
6
49
29
24
56
86
51
26