51
49
132
52
50
86
29
137
56
6
51
49
132
52
50
86
29
137
56
6
51
49
132
52
50
86
29
137
56
6
51
49
132
52
50
86
29
137
56
6
51
49
132
52
50
86
29
137
56
6
51
49
132
52
50
86
29
137
56
6
51
49
132
52
50
86
29
137
56
6
51
49
132
52
50
86
29
137
56
6
51
49
132
52
50
86
29
137
56
6
51
49
132
52
50
86
29
137
56
6
51
49
132
52
50
86
29
137
56
6
51
49
132
52
50
86
29
137
56
6
51
49
132
52
50
86
29
137
56
6
51
49
132
52
50
86
29
137
56
6
51
49
132
52
50
86
29
137
56
6
51
49
132
52
50
86
29
137
56
6
51
49
132
52
50
86
29
137
56
6
51
49
132
52
50
86
29
137
56
6
51
49
132
52
50
86
29
137
56
6
51
49
132
52
50
86
29
137
56
6
51
49
132
52
50
86
29
137
56
6
51
49
132
52
50
86
29
137
56
6
51
49
132
52
50
86
29
137
56
6
51
49
132
52
50
86
29
137
56
6
51
49
132
52
50
86
29
137
56
6
51
49
132
52
50
86
29
137
56
6
51
49
132
52
50
86
29
137
56
6
51
49
132
52
50
86
29
137
56
6
51
49
132
52
50
86
29
137
56
6
51
49
132
52
50
86
29
137
56
6
51
49
132
52
50
86
29
137
56
6
51
49
132
52
50
86
29
137
56
6
51
49
132
52
50
86
29
137
56
6
51
49
132
52
50
86
29
137
56
6
51
49
132
52
50
86
29
137
56
6
51
49
132
52
50
86
29
137
56
6
51
49
132
52
50
86
29
137
56
6
51
49
132
52
50
86
29
137
56
6
51
49
132
52
50
86
29
137
56
6
51
49
132
52
50
86
29
137
56
6
51
49
132
52
50
86
29
137
56
6
51
49
132
52
50
86
29
137
56
6
51
49
132
52
50
86
29
137
56
6
51
49
132
52
50
86
29
137
56
6
51
49
132
52
50
86
29
137
56
6
51
49
132
52
50
86
29
137
56
6
51
49
132
52
50
86
29
137
56
6
51
49
132
52
50
86
29
137
56
6
51
49
132
52
50
86
29
137
56
6
51
49
132
52
50
86
29
137
56
6