24
51
49
132
52
67
29
137
56
6
24
51
49
132
52
67
29
137
56
6
24
51
49
132
52
67
29
137
56
6
24
51
49
132
52
67
29
137
56
6
24
51
49
132
52
67
29
137
56
6
24
51
49
132
52
67
29
137
56
6
24
51
49
132
52
67
29
137
56
6
24
51
49
132
52
67
29
137
56
6
24
51
49
132
52
67
29
137
56
6
24
51
49
132
52
67
29
137
56
6
24
51
49
132
52
67
29
137
56
6
24
51
49
132
52
67
29
137
56
6
24
51
49
132
52
67
29
137
56
6
24
51
49
132
52
67
29
137
56
6
24
51
49
132
52
67
29
137
56
6
24
51
49
132
52
67
29
137
56
6
24
51
49
132
52
67
29
137
56
6
24
51
49
132
52
67
29
137
56
6
24
51
49
132
52
67
29
137
56
6
24
51
49
132
52
67
29
137
56
6
24
51
49
132
52
67
29
137
56
6
24
51
49
132
52
67
29
137
56
6
24
51
49
132
52
67
29
137
56
6
24
51
49
132
52
67
29
137
56
6
24
51
49
132
52
67
29
137
56
6
24
51
49
132
52
67
29
137
56
6
24
51
49
132
52
67
29
137
56
6
24
51
49
132
52
67
29
137
56
6
24
51
49
132
52
67
29
137
56
6
24
51
49
132
52
67
29
137
56
6
24
51
49
132
52
67
29
137
56
6
24
51
49
132
52
67
29
137
56
6
24
51
49
132
52
67
29
137
56
6
24
51
49
132
52
67
29
137
56
6
24
51
49
132
52
67
29
137
56
6
24
51
49
132
52
67
29
137
56
6
24
51
49
132
52
67
29
137
56
6
24
51
49
132
52
67
29
137
56
6
24
51
49
132
52
67
29
137
56
6
24
51
49
132
52
67
29
137
56
6
24
51
49
132
52
67
29
137
56
6
24
51
49
132
52
67
29
137
56
6
24
51
49
132
52
67
29
137
56
6
24
51
49
132
52
67
29
137
56
6
24
51
49
132
52
67
29
137
56
6
24
51
49
132
52
67
29
137
56
6
24
51
49
132
52
67
29
137
56
6
24
51
49
132
52
67
29
137
56
6
24
51
49
132
52
67
29
137
56
6
24
51
49
132
52
67
29
137
56
6