24
51
49
132
52
67
50
29
137
6
24
51
49
132
52
67
50
29
137
6
24
51
49
132
52
67
50
29
137
6
24
51
49
132
52
67
50
29
137
6
24
51
49
132
52
67
50
29
137
6
24
51
49
132
52
67
50
29
137
6
24
51
49
132
52
67
50
29
137
6
24
51
49
132
52
67
50
29
137
6
24
51
49
132
52
67
50
29
137
6
24
51
49
132
52
67
50
29
137
6
24
51
49
132
52
67
50
29
137
6
24
51
49
132
52
67
50
29
137
6
24
51
49
132
52
67
50
29
137
6
24
51
49
132
52
67
50
29
137
6
24
51
49
132
52
67
50
29
137
6
24
51
49
132
52
67
50
29
137
6
24
51
49
132
52
67
50
29
137
6
24
51
49
132
52
67
50
29
137
6
24
51
49
132
52
67
50
29
137
6
24
51
49
132
52
67
50
29
137
6
24
51
49
132
52
67
50
29
137
6
24
51
49
132
52
67
50
29
137
6
24
51
49
132
52
67
50
29
137
6
24
51
49
132
52
67
50
29
137
6
24
51
49
132
52
67
50
29
137
6
24
51
49
132
52
67
50
29
137
6
24
51
49
132
52
67
50
29
137
6
24
51
49
132
52
67
50
29
137
6
24
51
49
132
52
67
50
29
137
6
24
51
49
132
52
67
50
29
137
6
24
51
49
132
52
67
50
29
137
6
24
51
49
132
52
67
50
29
137
6
24
51
49
132
52
67
50
29
137
6
24
51
49
132
52
67
50
29
137
6
24
51
49
132
52
67
50
29
137
6
24
51
49
132
52
67
50
29
137
6
24
51
49
132
52
67
50
29
137
6
24
51
49
132
52
67
50
29
137
6
24
51
49
132
52
67
50
29
137
6
24
51
49
132
52
67
50
29
137
6
24
51
49
132
52
67
50
29
137
6
24
51
49
132
52
67
50
29
137
6
24
51
49
132
52
67
50
29
137
6
24
51
49
132
52
67
50
29
137
6
24
51
49
132
52
67
50
29
137
6
24
51
49
132
52
67
50
29
137
6
24
51
49
132
52
67
50
29
137
6
24
51
49
132
52
67
50
29
137
6
24
51
49
132
52
67
50
29
137
6
24
51
49
132
52
67
50
29
137
6