204
2
28
73
38
15
112
83
74
9
204
2
28
73
38
15
112
83
74
9
204
2
28
73
38
15
112
83
74
9
204
2
28
73
38
15
112
83
74
9
204
2
28
73
38
15
112
83
74
9
204
2
28
73
38
15
112
83
74
9
204
2
28
73
38
15
112
83
74
9
204
2
28
73
38
15
112
83
74
9
204
2
28
73
38
15
112
83
74
9
204
2
28
73
38
15
112
83
74
9
204
2
28
73
38
15
112
83
74
9
204
2
28
73
38
15
112
83
74
9
204
2
28
73
38
15
112
83
74
9
204
2
28
73
38
15
112
83
74
9
204
2
28
73
38
15
112
83
74
9
204
2
28
73
38
15
112
83
74
9
204
2
28
73
38
15
112
83
74
9
204
2
28
73
38
15
112
83
74
9
204
2
28
73
38
15
112
83
74
9
204
2
28
73
38
15
112
83
74
9
204
2
28
73
38
15
112
83
74
9
204
2
28
73
38
15
112
83
74
9
204
2
28
73
38
15
112
83
74
9
204
2
28
73
38
15
112
83
74
9
204
2
28
73
38
15
112
83
74
9
204
2
28
73
38
15
112
83
74
9
204
2
28
73
38
15
112
83
74
9
204
2
28
73
38
15
112
83
74
9
204
2
28
73
38
15
112
83
74
9
204
2
28
73
38
15
112
83
74
9
204
2
28
73
38
15
112
83
74
9
204
2
28
73
38
15
112
83
74
9
204
2
28
73
38
15
112
83
74
9
204
2
28
73
38
15
112
83
74
9
204
2
28
73
38
15
112
83
74
9
204
2
28
73
38
15
112
83
74
9
204
2
28
73
38
15
112
83
74
9
204
2
28
73
38
15
112
83
74
9
204
2
28
73
38
15
112
83
74
9
204
2
28
73
38
15
112
83
74
9
204
2
28
73
38
15
112
83
74
9
204
2
28
73
38
15
112
83
74
9
204
2
28
73
38
15
112
83
74
9
204
2
28
73
38
15
112
83
74
9
204
2
28
73
38
15
112
83
74
9
204
2
28
73
38
15
112
83
74
9
204
2
28
73
38
15
112
83
74
9
204
2
28
73
38
15
112
83
74
9
204
2
28
73
38
15
112
83
74
9
204
2
28
73
38
15
112
83
74
9