73
112
87
74
2
19
28
83
111
204
73
112
87
74
2
19
28
83
111
204
73
112
87
74
2
19
28
83
111
204
73
112
87
74
2
19
28
83
111
204
73
112
87
74
2
19
28
83
111
204
73
112
87
74
2
19
28
83
111
204
73
112
87
74
2
19
28
83
111
204
73
112
87
74
2
19
28
83
111
204
73
112
87
74
2
19
28
83
111
204
73
112
87
74
2
19
28
83
111
204
73
112
87
74
2
19
28
83
111
204
73
112
87
74
2
19
28
83
111
204
73
112
87
74
2
19
28
83
111
204
73
112
87
74
2
19
28
83
111
204
73
112
87
74
2
19
28
83
111
204
73
112
87
74
2
19
28
83
111
204
73
112
87
74
2
19
28
83
111
204
73
112
87
74
2
19
28
83
111
204
73
112
87
74
2
19
28
83
111
204
73
112
87
74
2
19
28
83
111
204
73
112
87
74
2
19
28
83
111
204
73
112
87
74
2
19
28
83
111
204
73
112
87
74
2
19
28
83
111
204
73
112
87
74
2
19
28
83
111
204
73
112
87
74
2
19
28
83
111
204
73
112
87
74
2
19
28
83
111
204
73
112
87
74
2
19
28
83
111
204
73
112
87
74
2
19
28
83
111
204
73
112
87
74
2
19
28
83
111
204
73
112
87
74
2
19
28
83
111
204
73
112
87
74
2
19
28
83
111
204
73
112
87
74
2
19
28
83
111
204
73
112
87
74
2
19
28
83
111
204
73
112
87
74
2
19
28
83
111
204
73
112
87
74
2
19
28
83
111
204
73
112
87
74
2
19
28
83
111
204
73
112
87
74
2
19
28
83
111
204
73
112
87
74
2
19
28
83
111
204
73
112
87
74
2
19
28
83
111
204
73
112
87
74
2
19
28
83
111
204
73
112
87
74
2
19
28
83
111
204
73
112
87
74
2
19
28
83
111
204
73
112
87
74
2
19
28
83
111
204
73
112
87
74
2
19
28
83
111
204
73
112
87
74
2
19
28
83
111
204
73
112
87
74
2
19
28
83
111
204
73
112
87
74
2
19
28
83
111
204
73
112
87
74
2
19
28
83
111
204
73
112
87
74
2
19
28
83
111
204
73
112
87
74
2
19
28
83
111
204