111
19
204
83
112
73
15
87
1
9
111
19
204
83
112
73
15
87
1
9
111
19
204
83
112
73
15
87
1
9
111
19
204
83
112
73
15
87
1
9
111
19
204
83
112
73
15
87
1
9
111
19
204
83
112
73
15
87
1
9
111
19
204
83
112
73
15
87
1
9
111
19
204
83
112
73
15
87
1
9
111
19
204
83
112
73
15
87
1
9
111
19
204
83
112
73
15
87
1
9
111
19
204
83
112
73
15
87
1
9
111
19
204
83
112
73
15
87
1
9
111
19
204
83
112
73
15
87
1
9
111
19
204
83
112
73
15
87
1
9
111
19
204
83
112
73
15
87
1
9
111
19
204
83
112
73
15
87
1
9
111
19
204
83
112
73
15
87
1
9
111
19
204
83
112
73
15
87
1
9
111
19
204
83
112
73
15
87
1
9
111
19
204
83
112
73
15
87
1
9
111
19
204
83
112
73
15
87
1
9
111
19
204
83
112
73
15
87
1
9
111
19
204
83
112
73
15
87
1
9
111
19
204
83
112
73
15
87
1
9
111
19
204
83
112
73
15
87
1
9
111
19
204
83
112
73
15
87
1
9
111
19
204
83
112
73
15
87
1
9
111
19
204
83
112
73
15
87
1
9
111
19
204
83
112
73
15
87
1
9
111
19
204
83
112
73
15
87
1
9
111
19
204
83
112
73
15
87
1
9
111
19
204
83
112
73
15
87
1
9
111
19
204
83
112
73
15
87
1
9
111
19
204
83
112
73
15
87
1
9
111
19
204
83
112
73
15
87
1
9
111
19
204
83
112
73
15
87
1
9
111
19
204
83
112
73
15
87
1
9
111
19
204
83
112
73
15
87
1
9
111
19
204
83
112
73
15
87
1
9
111
19
204
83
112
73
15
87
1
9
111
19
204
83
112
73
15
87
1
9
111
19
204
83
112
73
15
87
1
9
111
19
204
83
112
73
15
87
1
9
111
19
204
83
112
73
15
87
1
9
111
19
204
83
112
73
15
87
1
9
111
19
204
83
112
73
15
87
1
9
111
19
204
83
112
73
15
87
1
9
111
19
204
83
112
73
15
87
1
9
111
19
204
83
112
73
15
87
1
9
111
19
204
83
112
73
15
87
1
9