204
15
74
38
1
111
87
19
28
112
204
15
74
38
1
111
87
19
28
112
204
15
74
38
1
111
87
19
28
112
204
15
74
38
1
111
87
19
28
112
204
15
74
38
1
111
87
19
28
112
204
15
74
38
1
111
87
19
28
112
204
15
74
38
1
111
87
19
28
112
204
15
74
38
1
111
87
19
28
112
204
15
74
38
1
111
87
19
28
112
204
15
74
38
1
111
87
19
28
112
204
15
74
38
1
111
87
19
28
112
204
15
74
38
1
111
87
19
28
112
204
15
74
38
1
111
87
19
28
112
204
15
74
38
1
111
87
19
28
112
204
15
74
38
1
111
87
19
28
112
204
15
74
38
1
111
87
19
28
112
204
15
74
38
1
111
87
19
28
112
204
15
74
38
1
111
87
19
28
112
204
15
74
38
1
111
87
19
28
112
204
15
74
38
1
111
87
19
28
112
204
15
74
38
1
111
87
19
28
112
204
15
74
38
1
111
87
19
28
112
204
15
74
38
1
111
87
19
28
112
204
15
74
38
1
111
87
19
28
112
204
15
74
38
1
111
87
19
28
112
204
15
74
38
1
111
87
19
28
112
204
15
74
38
1
111
87
19
28
112
204
15
74
38
1
111
87
19
28
112
204
15
74
38
1
111
87
19
28
112
204
15
74
38
1
111
87
19
28
112
204
15
74
38
1
111
87
19
28
112
204
15
74
38
1
111
87
19
28
112
204
15
74
38
1
111
87
19
28
112
204
15
74
38
1
111
87
19
28
112
204
15
74
38
1
111
87
19
28
112
204
15
74
38
1
111
87
19
28
112
204
15
74
38
1
111
87
19
28
112
204
15
74
38
1
111
87
19
28
112
204
15
74
38
1
111
87
19
28
112
204
15
74
38
1
111
87
19
28
112
204
15
74
38
1
111
87
19
28
112
204
15
74
38
1
111
87
19
28
112
204
15
74
38
1
111
87
19
28
112
204
15
74
38
1
111
87
19
28
112
204
15
74
38
1
111
87
19
28
112
204
15
74
38
1
111
87
19
28
112
204
15
74
38
1
111
87
19
28
112
204
15
74
38
1
111
87
19
28
112
204
15
74
38
1
111
87
19
28
112
204
15
74
38
1
111
87
19
28
112