87
9
15
38
112
2
28
74
111
1
87
9
15
38
112
2
28
74
111
1
87
9
15
38
112
2
28
74
111
1
87
9
15
38
112
2
28
74
111
1
87
9
15
38
112
2
28
74
111
1
87
9
15
38
112
2
28
74
111
1
87
9
15
38
112
2
28
74
111
1
87
9
15
38
112
2
28
74
111
1
87
9
15
38
112
2
28
74
111
1
87
9
15
38
112
2
28
74
111
1
87
9
15
38
112
2
28
74
111
1
87
9
15
38
112
2
28
74
111
1
87
9
15
38
112
2
28
74
111
1
87
9
15
38
112
2
28
74
111
1
87
9
15
38
112
2
28
74
111
1
87
9
15
38
112
2
28
74
111
1
87
9
15
38
112
2
28
74
111
1
87
9
15
38
112
2
28
74
111
1
87
9
15
38
112
2
28
74
111
1
87
9
15
38
112
2
28
74
111
1
87
9
15
38
112
2
28
74
111
1
87
9
15
38
112
2
28
74
111
1
87
9
15
38
112
2
28
74
111
1
87
9
15
38
112
2
28
74
111
1
87
9
15
38
112
2
28
74
111
1
87
9
15
38
112
2
28
74
111
1
87
9
15
38
112
2
28
74
111
1
87
9
15
38
112
2
28
74
111
1
87
9
15
38
112
2
28
74
111
1
87
9
15
38
112
2
28
74
111
1
87
9
15
38
112
2
28
74
111
1
87
9
15
38
112
2
28
74
111
1
87
9
15
38
112
2
28
74
111
1
87
9
15
38
112
2
28
74
111
1
87
9
15
38
112
2
28
74
111
1
87
9
15
38
112
2
28
74
111
1
87
9
15
38
112
2
28
74
111
1
87
9
15
38
112
2
28
74
111
1
87
9
15
38
112
2
28
74
111
1
87
9
15
38
112
2
28
74
111
1
87
9
15
38
112
2
28
74
111
1
87
9
15
38
112
2
28
74
111
1
87
9
15
38
112
2
28
74
111
1
87
9
15
38
112
2
28
74
111
1
87
9
15
38
112
2
28
74
111
1
87
9
15
38
112
2
28
74
111
1
87
9
15
38
112
2
28
74
111
1
87
9
15
38
112
2
28
74
111
1
87
9
15
38
112
2
28
74
111
1
87
9
15
38
112
2
28
74
111
1