19
83
111
38
15
112
87
204
73
74
19
83
111
38
15
112
87
204
73
74
19
83
111
38
15
112
87
204
73
74
19
83
111
38
15
112
87
204
73
74
19
83
111
38
15
112
87
204
73
74
19
83
111
38
15
112
87
204
73
74
19
83
111
38
15
112
87
204
73
74
19
83
111
38
15
112
87
204
73
74
19
83
111
38
15
112
87
204
73
74
19
83
111
38
15
112
87
204
73
74
19
83
111
38
15
112
87
204
73
74
19
83
111
38
15
112
87
204
73
74
19
83
111
38
15
112
87
204
73
74
19
83
111
38
15
112
87
204
73
74
19
83
111
38
15
112
87
204
73
74
19
83
111
38
15
112
87
204
73
74
19
83
111
38
15
112
87
204
73
74
19
83
111
38
15
112
87
204
73
74
19
83
111
38
15
112
87
204
73
74
19
83
111
38
15
112
87
204
73
74
19
83
111
38
15
112
87
204
73
74
19
83
111
38
15
112
87
204
73
74
19
83
111
38
15
112
87
204
73
74
19
83
111
38
15
112
87
204
73
74
19
83
111
38
15
112
87
204
73
74
19
83
111
38
15
112
87
204
73
74
19
83
111
38
15
112
87
204
73
74
19
83
111
38
15
112
87
204
73
74
19
83
111
38
15
112
87
204
73
74
19
83
111
38
15
112
87
204
73
74
19
83
111
38
15
112
87
204
73
74
19
83
111
38
15
112
87
204
73
74
19
83
111
38
15
112
87
204
73
74
19
83
111
38
15
112
87
204
73
74
19
83
111
38
15
112
87
204
73
74
19
83
111
38
15
112
87
204
73
74
19
83
111
38
15
112
87
204
73
74
19
83
111
38
15
112
87
204
73
74
19
83
111
38
15
112
87
204
73
74
19
83
111
38
15
112
87
204
73
74
19
83
111
38
15
112
87
204
73
74
19
83
111
38
15
112
87
204
73
74
19
83
111
38
15
112
87
204
73
74
19
83
111
38
15
112
87
204
73
74
19
83
111
38
15
112
87
204
73
74
19
83
111
38
15
112
87
204
73
74
19
83
111
38
15
112
87
204
73
74
19
83
111
38
15
112
87
204
73
74
19
83
111
38
15
112
87
204
73
74
19
83
111
38
15
112
87
204
73
74