87
15
9
28
204
111
1
112
74
19
87
15
9
28
204
111
1
112
74
19
87
15
9
28
204
111
1
112
74
19
87
15
9
28
204
111
1
112
74
19
87
15
9
28
204
111
1
112
74
19
87
15
9
28
204
111
1
112
74
19
87
15
9
28
204
111
1
112
74
19
87
15
9
28
204
111
1
112
74
19
87
15
9
28
204
111
1
112
74
19
87
15
9
28
204
111
1
112
74
19
87
15
9
28
204
111
1
112
74
19
87
15
9
28
204
111
1
112
74
19
87
15
9
28
204
111
1
112
74
19
87
15
9
28
204
111
1
112
74
19
87
15
9
28
204
111
1
112
74
19
87
15
9
28
204
111
1
112
74
19
87
15
9
28
204
111
1
112
74
19
87
15
9
28
204
111
1
112
74
19
87
15
9
28
204
111
1
112
74
19
87
15
9
28
204
111
1
112
74
19
87
15
9
28
204
111
1
112
74
19
87
15
9
28
204
111
1
112
74
19
87
15
9
28
204
111
1
112
74
19
87
15
9
28
204
111
1
112
74
19
87
15
9
28
204
111
1
112
74
19
87
15
9
28
204
111
1
112
74
19
87
15
9
28
204
111
1
112
74
19
87
15
9
28
204
111
1
112
74
19
87
15
9
28
204
111
1
112
74
19
87
15
9
28
204
111
1
112
74
19
87
15
9
28
204
111
1
112
74
19
87
15
9
28
204
111
1
112
74
19
87
15
9
28
204
111
1
112
74
19
87
15
9
28
204
111
1
112
74
19
87
15
9
28
204
111
1
112
74
19
87
15
9
28
204
111
1
112
74
19
87
15
9
28
204
111
1
112
74
19
87
15
9
28
204
111
1
112
74
19
87
15
9
28
204
111
1
112
74
19
87
15
9
28
204
111
1
112
74
19
87
15
9
28
204
111
1
112
74
19
87
15
9
28
204
111
1
112
74
19
87
15
9
28
204
111
1
112
74
19
87
15
9
28
204
111
1
112
74
19
87
15
9
28
204
111
1
112
74
19
87
15
9
28
204
111
1
112
74
19
87
15
9
28
204
111
1
112
74
19
87
15
9
28
204
111
1
112
74
19
87
15
9
28
204
111
1
112
74
19
87
15
9
28
204
111
1
112
74
19