111
38
73
19
112
83
15
74
28
2
111
38
73
19
112
83
15
74
28
2
111
38
73
19
112
83
15
74
28
2
111
38
73
19
112
83
15
74
28
2
111
38
73
19
112
83
15
74
28
2
111
38
73
19
112
83
15
74
28
2
111
38
73
19
112
83
15
74
28
2
111
38
73
19
112
83
15
74
28
2
111
38
73
19
112
83
15
74
28
2
111
38
73
19
112
83
15
74
28
2
111
38
73
19
112
83
15
74
28
2
111
38
73
19
112
83
15
74
28
2
111
38
73
19
112
83
15
74
28
2
111
38
73
19
112
83
15
74
28
2
111
38
73
19
112
83
15
74
28
2
111
38
73
19
112
83
15
74
28
2
111
38
73
19
112
83
15
74
28
2
111
38
73
19
112
83
15
74
28
2
111
38
73
19
112
83
15
74
28
2
111
38
73
19
112
83
15
74
28
2
111
38
73
19
112
83
15
74
28
2
111
38
73
19
112
83
15
74
28
2
111
38
73
19
112
83
15
74
28
2
111
38
73
19
112
83
15
74
28
2
111
38
73
19
112
83
15
74
28
2
111
38
73
19
112
83
15
74
28
2
111
38
73
19
112
83
15
74
28
2
111
38
73
19
112
83
15
74
28
2
111
38
73
19
112
83
15
74
28
2
111
38
73
19
112
83
15
74
28
2
111
38
73
19
112
83
15
74
28
2
111
38
73
19
112
83
15
74
28
2
111
38
73
19
112
83
15
74
28
2
111
38
73
19
112
83
15
74
28
2
111
38
73
19
112
83
15
74
28
2
111
38
73
19
112
83
15
74
28
2
111
38
73
19
112
83
15
74
28
2
111
38
73
19
112
83
15
74
28
2
111
38
73
19
112
83
15
74
28
2
111
38
73
19
112
83
15
74
28
2
111
38
73
19
112
83
15
74
28
2
111
38
73
19
112
83
15
74
28
2
111
38
73
19
112
83
15
74
28
2
111
38
73
19
112
83
15
74
28
2
111
38
73
19
112
83
15
74
28
2
111
38
73
19
112
83
15
74
28
2
111
38
73
19
112
83
15
74
28
2
111
38
73
19
112
83
15
74
28
2
111
38
73
19
112
83
15
74
28
2
111
38
73
19
112
83
15
74
28
2