15
83
87
28
2
204
9
73
1
38
15
83
87
28
2
204
9
73
1
38
15
83
87
28
2
204
9
73
1
38
15
83
87
28
2
204
9
73
1
38
15
83
87
28
2
204
9
73
1
38
15
83
87
28
2
204
9
73
1
38
15
83
87
28
2
204
9
73
1
38
15
83
87
28
2
204
9
73
1
38
15
83
87
28
2
204
9
73
1
38
15
83
87
28
2
204
9
73
1
38
15
83
87
28
2
204
9
73
1
38
15
83
87
28
2
204
9
73
1
38
15
83
87
28
2
204
9
73
1
38
15
83
87
28
2
204
9
73
1
38
15
83
87
28
2
204
9
73
1
38
15
83
87
28
2
204
9
73
1
38
15
83
87
28
2
204
9
73
1
38
15
83
87
28
2
204
9
73
1
38
15
83
87
28
2
204
9
73
1
38
15
83
87
28
2
204
9
73
1
38
15
83
87
28
2
204
9
73
1
38
15
83
87
28
2
204
9
73
1
38
15
83
87
28
2
204
9
73
1
38
15
83
87
28
2
204
9
73
1
38
15
83
87
28
2
204
9
73
1
38
15
83
87
28
2
204
9
73
1
38
15
83
87
28
2
204
9
73
1
38
15
83
87
28
2
204
9
73
1
38
15
83
87
28
2
204
9
73
1
38
15
83
87
28
2
204
9
73
1
38
15
83
87
28
2
204
9
73
1
38
15
83
87
28
2
204
9
73
1
38
15
83
87
28
2
204
9
73
1
38
15
83
87
28
2
204
9
73
1
38
15
83
87
28
2
204
9
73
1
38
15
83
87
28
2
204
9
73
1
38
15
83
87
28
2
204
9
73
1
38
15
83
87
28
2
204
9
73
1
38
15
83
87
28
2
204
9
73
1
38
15
83
87
28
2
204
9
73
1
38
15
83
87
28
2
204
9
73
1
38
15
83
87
28
2
204
9
73
1
38
15
83
87
28
2
204
9
73
1
38
15
83
87
28
2
204
9
73
1
38
15
83
87
28
2
204
9
73
1
38
15
83
87
28
2
204
9
73
1
38
15
83
87
28
2
204
9
73
1
38
15
83
87
28
2
204
9
73
1
38
15
83
87
28
2
204
9
73
1
38
15
83
87
28
2
204
9
73
1
38