204
83
74
2
1
9
38
73
111
15
204
83
74
2
1
9
38
73
111
15
204
83
74
2
1
9
38
73
111
15
204
83
74
2
1
9
38
73
111
15
204
83
74
2
1
9
38
73
111
15
204
83
74
2
1
9
38
73
111
15
204
83
74
2
1
9
38
73
111
15
204
83
74
2
1
9
38
73
111
15
204
83
74
2
1
9
38
73
111
15
204
83
74
2
1
9
38
73
111
15
204
83
74
2
1
9
38
73
111
15
204
83
74
2
1
9
38
73
111
15
204
83
74
2
1
9
38
73
111
15
204
83
74
2
1
9
38
73
111
15
204
83
74
2
1
9
38
73
111
15
204
83
74
2
1
9
38
73
111
15
204
83
74
2
1
9
38
73
111
15
204
83
74
2
1
9
38
73
111
15
204
83
74
2
1
9
38
73
111
15
204
83
74
2
1
9
38
73
111
15
204
83
74
2
1
9
38
73
111
15
204
83
74
2
1
9
38
73
111
15
204
83
74
2
1
9
38
73
111
15
204
83
74
2
1
9
38
73
111
15
204
83
74
2
1
9
38
73
111
15
204
83
74
2
1
9
38
73
111
15
204
83
74
2
1
9
38
73
111
15
204
83
74
2
1
9
38
73
111
15
204
83
74
2
1
9
38
73
111
15
204
83
74
2
1
9
38
73
111
15
204
83
74
2
1
9
38
73
111
15
204
83
74
2
1
9
38
73
111
15
204
83
74
2
1
9
38
73
111
15
204
83
74
2
1
9
38
73
111
15
204
83
74
2
1
9
38
73
111
15
204
83
74
2
1
9
38
73
111
15
204
83
74
2
1
9
38
73
111
15
204
83
74
2
1
9
38
73
111
15
204
83
74
2
1
9
38
73
111
15
204
83
74
2
1
9
38
73
111
15
204
83
74
2
1
9
38
73
111
15
204
83
74
2
1
9
38
73
111
15
204
83
74
2
1
9
38
73
111
15
204
83
74
2
1
9
38
73
111
15
204
83
74
2
1
9
38
73
111
15
204
83
74
2
1
9
38
73
111
15
204
83
74
2
1
9
38
73
111
15
204
83
74
2
1
9
38
73
111
15
204
83
74
2
1
9
38
73
111
15
204
83
74
2
1
9
38
73
111
15