2
204
28
15
9
1
83
19
73
111
2
204
28
15
9
1
83
19
73
111
2
204
28
15
9
1
83
19
73
111
2
204
28
15
9
1
83
19
73
111
2
204
28
15
9
1
83
19
73
111
2
204
28
15
9
1
83
19
73
111
2
204
28
15
9
1
83
19
73
111
2
204
28
15
9
1
83
19
73
111
2
204
28
15
9
1
83
19
73
111
2
204
28
15
9
1
83
19
73
111
2
204
28
15
9
1
83
19
73
111
2
204
28
15
9
1
83
19
73
111
2
204
28
15
9
1
83
19
73
111
2
204
28
15
9
1
83
19
73
111
2
204
28
15
9
1
83
19
73
111
2
204
28
15
9
1
83
19
73
111
2
204
28
15
9
1
83
19
73
111
2
204
28
15
9
1
83
19
73
111
2
204
28
15
9
1
83
19
73
111
2
204
28
15
9
1
83
19
73
111
2
204
28
15
9
1
83
19
73
111
2
204
28
15
9
1
83
19
73
111
2
204
28
15
9
1
83
19
73
111
2
204
28
15
9
1
83
19
73
111
2
204
28
15
9
1
83
19
73
111
2
204
28
15
9
1
83
19
73
111
2
204
28
15
9
1
83
19
73
111
2
204
28
15
9
1
83
19
73
111
2
204
28
15
9
1
83
19
73
111
2
204
28
15
9
1
83
19
73
111
2
204
28
15
9
1
83
19
73
111
2
204
28
15
9
1
83
19
73
111
2
204
28
15
9
1
83
19
73
111
2
204
28
15
9
1
83
19
73
111
2
204
28
15
9
1
83
19
73
111
2
204
28
15
9
1
83
19
73
111
2
204
28
15
9
1
83
19
73
111
2
204
28
15
9
1
83
19
73
111
2
204
28
15
9
1
83
19
73
111
2
204
28
15
9
1
83
19
73
111
2
204
28
15
9
1
83
19
73
111
2
204
28
15
9
1
83
19
73
111
2
204
28
15
9
1
83
19
73
111
2
204
28
15
9
1
83
19
73
111
2
204
28
15
9
1
83
19
73
111
2
204
28
15
9
1
83
19
73
111
2
204
28
15
9
1
83
19
73
111
2
204
28
15
9
1
83
19
73
111
2
204
28
15
9
1
83
19
73
111
2
204
28
15
9
1
83
19
73
111