19
15
111
2
9
73
28
112
1
204
19
15
111
2
9
73
28
112
1
204
19
15
111
2
9
73
28
112
1
204
19
15
111
2
9
73
28
112
1
204
19
15
111
2
9
73
28
112
1
204
19
15
111
2
9
73
28
112
1
204
19
15
111
2
9
73
28
112
1
204
19
15
111
2
9
73
28
112
1
204
19
15
111
2
9
73
28
112
1
204
19
15
111
2
9
73
28
112
1
204
19
15
111
2
9
73
28
112
1
204
19
15
111
2
9
73
28
112
1
204
19
15
111
2
9
73
28
112
1
204
19
15
111
2
9
73
28
112
1
204
19
15
111
2
9
73
28
112
1
204
19
15
111
2
9
73
28
112
1
204
19
15
111
2
9
73
28
112
1
204
19
15
111
2
9
73
28
112
1
204
19
15
111
2
9
73
28
112
1
204
19
15
111
2
9
73
28
112
1
204
19
15
111
2
9
73
28
112
1
204
19
15
111
2
9
73
28
112
1
204
19
15
111
2
9
73
28
112
1
204
19
15
111
2
9
73
28
112
1
204
19
15
111
2
9
73
28
112
1
204
19
15
111
2
9
73
28
112
1
204
19
15
111
2
9
73
28
112
1
204
19
15
111
2
9
73
28
112
1
204
19
15
111
2
9
73
28
112
1
204
19
15
111
2
9
73
28
112
1
204
19
15
111
2
9
73
28
112
1
204
19
15
111
2
9
73
28
112
1
204
19
15
111
2
9
73
28
112
1
204
19
15
111
2
9
73
28
112
1
204
19
15
111
2
9
73
28
112
1
204
19
15
111
2
9
73
28
112
1
204
19
15
111
2
9
73
28
112
1
204
19
15
111
2
9
73
28
112
1
204
19
15
111
2
9
73
28
112
1
204
19
15
111
2
9
73
28
112
1
204
19
15
111
2
9
73
28
112
1
204
19
15
111
2
9
73
28
112
1
204
19
15
111
2
9
73
28
112
1
204
19
15
111
2
9
73
28
112
1
204
19
15
111
2
9
73
28
112
1
204
19
15
111
2
9
73
28
112
1
204
19
15
111
2
9
73
28
112
1
204
19
15
111
2
9
73
28
112
1
204
19
15
111
2
9
73
28
112
1
204
19
15
111
2
9
73
28
112
1
204