28
9
73
15
83
111
74
204
38
87
28
9
73
15
83
111
74
204
38
87
28
9
73
15
83
111
74
204
38
87
28
9
73
15
83
111
74
204
38
87
28
9
73
15
83
111
74
204
38
87
28
9
73
15
83
111
74
204
38
87
28
9
73
15
83
111
74
204
38
87
28
9
73
15
83
111
74
204
38
87
28
9
73
15
83
111
74
204
38
87
28
9
73
15
83
111
74
204
38
87
28
9
73
15
83
111
74
204
38
87
28
9
73
15
83
111
74
204
38
87
28
9
73
15
83
111
74
204
38
87
28
9
73
15
83
111
74
204
38
87
28
9
73
15
83
111
74
204
38
87
28
9
73
15
83
111
74
204
38
87
28
9
73
15
83
111
74
204
38
87
28
9
73
15
83
111
74
204
38
87
28
9
73
15
83
111
74
204
38
87
28
9
73
15
83
111
74
204
38
87
28
9
73
15
83
111
74
204
38
87
28
9
73
15
83
111
74
204
38
87
28
9
73
15
83
111
74
204
38
87
28
9
73
15
83
111
74
204
38
87
28
9
73
15
83
111
74
204
38
87
28
9
73
15
83
111
74
204
38
87
28
9
73
15
83
111
74
204
38
87
28
9
73
15
83
111
74
204
38
87
28
9
73
15
83
111
74
204
38
87
28
9
73
15
83
111
74
204
38
87
28
9
73
15
83
111
74
204
38
87
28
9
73
15
83
111
74
204
38
87
28
9
73
15
83
111
74
204
38
87
28
9
73
15
83
111
74
204
38
87
28
9
73
15
83
111
74
204
38
87
28
9
73
15
83
111
74
204
38
87
28
9
73
15
83
111
74
204
38
87
28
9
73
15
83
111
74
204
38
87
28
9
73
15
83
111
74
204
38
87
28
9
73
15
83
111
74
204
38
87
28
9
73
15
83
111
74
204
38
87
28
9
73
15
83
111
74
204
38
87
28
9
73
15
83
111
74
204
38
87
28
9
73
15
83
111
74
204
38
87
28
9
73
15
83
111
74
204
38
87
28
9
73
15
83
111
74
204
38
87
28
9
73
15
83
111
74
204
38
87
28
9
73
15
83
111
74
204
38
87
28
9
73
15
83
111
74
204
38
87
28
9
73
15
83
111
74
204
38
87