28
87
204
9
74
111
73
112
38
1
28
87
204
9
74
111
73
112
38
1
28
87
204
9
74
111
73
112
38
1
28
87
204
9
74
111
73
112
38
1
28
87
204
9
74
111
73
112
38
1
28
87
204
9
74
111
73
112
38
1
28
87
204
9
74
111
73
112
38
1
28
87
204
9
74
111
73
112
38
1
28
87
204
9
74
111
73
112
38
1
28
87
204
9
74
111
73
112
38
1
28
87
204
9
74
111
73
112
38
1
28
87
204
9
74
111
73
112
38
1
28
87
204
9
74
111
73
112
38
1
28
87
204
9
74
111
73
112
38
1
28
87
204
9
74
111
73
112
38
1
28
87
204
9
74
111
73
112
38
1
28
87
204
9
74
111
73
112
38
1
28
87
204
9
74
111
73
112
38
1
28
87
204
9
74
111
73
112
38
1
28
87
204
9
74
111
73
112
38
1
28
87
204
9
74
111
73
112
38
1
28
87
204
9
74
111
73
112
38
1
28
87
204
9
74
111
73
112
38
1
28
87
204
9
74
111
73
112
38
1
28
87
204
9
74
111
73
112
38
1
28
87
204
9
74
111
73
112
38
1
28
87
204
9
74
111
73
112
38
1
28
87
204
9
74
111
73
112
38
1
28
87
204
9
74
111
73
112
38
1
28
87
204
9
74
111
73
112
38
1
28
87
204
9
74
111
73
112
38
1
28
87
204
9
74
111
73
112
38
1
28
87
204
9
74
111
73
112
38
1
28
87
204
9
74
111
73
112
38
1
28
87
204
9
74
111
73
112
38
1
28
87
204
9
74
111
73
112
38
1
28
87
204
9
74
111
73
112
38
1
28
87
204
9
74
111
73
112
38
1
28
87
204
9
74
111
73
112
38
1
28
87
204
9
74
111
73
112
38
1
28
87
204
9
74
111
73
112
38
1
28
87
204
9
74
111
73
112
38
1
28
87
204
9
74
111
73
112
38
1
28
87
204
9
74
111
73
112
38
1
28
87
204
9
74
111
73
112
38
1
28
87
204
9
74
111
73
112
38
1
28
87
204
9
74
111
73
112
38
1
28
87
204
9
74
111
73
112
38
1
28
87
204
9
74
111
73
112
38
1
28
87
204
9
74
111
73
112
38
1