38
2
74
28
112
87
111
73
9
1
38
2
74
28
112
87
111
73
9
1
38
2
74
28
112
87
111
73
9
1
38
2
74
28
112
87
111
73
9
1
38
2
74
28
112
87
111
73
9
1
38
2
74
28
112
87
111
73
9
1
38
2
74
28
112
87
111
73
9
1
38
2
74
28
112
87
111
73
9
1
38
2
74
28
112
87
111
73
9
1
38
2
74
28
112
87
111
73
9
1
38
2
74
28
112
87
111
73
9
1
38
2
74
28
112
87
111
73
9
1
38
2
74
28
112
87
111
73
9
1
38
2
74
28
112
87
111
73
9
1
38
2
74
28
112
87
111
73
9
1
38
2
74
28
112
87
111
73
9
1
38
2
74
28
112
87
111
73
9
1
38
2
74
28
112
87
111
73
9
1
38
2
74
28
112
87
111
73
9
1
38
2
74
28
112
87
111
73
9
1
38
2
74
28
112
87
111
73
9
1
38
2
74
28
112
87
111
73
9
1
38
2
74
28
112
87
111
73
9
1
38
2
74
28
112
87
111
73
9
1
38
2
74
28
112
87
111
73
9
1
38
2
74
28
112
87
111
73
9
1
38
2
74
28
112
87
111
73
9
1
38
2
74
28
112
87
111
73
9
1
38
2
74
28
112
87
111
73
9
1
38
2
74
28
112
87
111
73
9
1
38
2
74
28
112
87
111
73
9
1
38
2
74
28
112
87
111
73
9
1
38
2
74
28
112
87
111
73
9
1
38
2
74
28
112
87
111
73
9
1
38
2
74
28
112
87
111
73
9
1
38
2
74
28
112
87
111
73
9
1
38
2
74
28
112
87
111
73
9
1
38
2
74
28
112
87
111
73
9
1
38
2
74
28
112
87
111
73
9
1
38
2
74
28
112
87
111
73
9
1
38
2
74
28
112
87
111
73
9
1
38
2
74
28
112
87
111
73
9
1
38
2
74
28
112
87
111
73
9
1
38
2
74
28
112
87
111
73
9
1
38
2
74
28
112
87
111
73
9
1
38
2
74
28
112
87
111
73
9
1
38
2
74
28
112
87
111
73
9
1
38
2
74
28
112
87
111
73
9
1
38
2
74
28
112
87
111
73
9
1
38
2
74
28
112
87
111
73
9
1