74
2
73
15
111
28
83
204
87
112
74
2
73
15
111
28
83
204
87
112
74
2
73
15
111
28
83
204
87
112
74
2
73
15
111
28
83
204
87
112
74
2
73
15
111
28
83
204
87
112
74
2
73
15
111
28
83
204
87
112
74
2
73
15
111
28
83
204
87
112
74
2
73
15
111
28
83
204
87
112
74
2
73
15
111
28
83
204
87
112
74
2
73
15
111
28
83
204
87
112
74
2
73
15
111
28
83
204
87
112
74
2
73
15
111
28
83
204
87
112
74
2
73
15
111
28
83
204
87
112
74
2
73
15
111
28
83
204
87
112
74
2
73
15
111
28
83
204
87
112
74
2
73
15
111
28
83
204
87
112
74
2
73
15
111
28
83
204
87
112
74
2
73
15
111
28
83
204
87
112
74
2
73
15
111
28
83
204
87
112
74
2
73
15
111
28
83
204
87
112
74
2
73
15
111
28
83
204
87
112
74
2
73
15
111
28
83
204
87
112
74
2
73
15
111
28
83
204
87
112
74
2
73
15
111
28
83
204
87
112
74
2
73
15
111
28
83
204
87
112
74
2
73
15
111
28
83
204
87
112
74
2
73
15
111
28
83
204
87
112
74
2
73
15
111
28
83
204
87
112
74
2
73
15
111
28
83
204
87
112
74
2
73
15
111
28
83
204
87
112
74
2
73
15
111
28
83
204
87
112
74
2
73
15
111
28
83
204
87
112
74
2
73
15
111
28
83
204
87
112
74
2
73
15
111
28
83
204
87
112
74
2
73
15
111
28
83
204
87
112
74
2
73
15
111
28
83
204
87
112
74
2
73
15
111
28
83
204
87
112
74
2
73
15
111
28
83
204
87
112
74
2
73
15
111
28
83
204
87
112
74
2
73
15
111
28
83
204
87
112
74
2
73
15
111
28
83
204
87
112
74
2
73
15
111
28
83
204
87
112
74
2
73
15
111
28
83
204
87
112
74
2
73
15
111
28
83
204
87
112
74
2
73
15
111
28
83
204
87
112
74
2
73
15
111
28
83
204
87
112
74
2
73
15
111
28
83
204
87
112
74
2
73
15
111
28
83
204
87
112
74
2
73
15
111
28
83
204
87
112
74
2
73
15
111
28
83
204
87
112