38
2
83
9
112
19
73
204
1
111
38
2
83
9
112
19
73
204
1
111
38
2
83
9
112
19
73
204
1
111
38
2
83
9
112
19
73
204
1
111
38
2
83
9
112
19
73
204
1
111
38
2
83
9
112
19
73
204
1
111
38
2
83
9
112
19
73
204
1
111
38
2
83
9
112
19
73
204
1
111
38
2
83
9
112
19
73
204
1
111
38
2
83
9
112
19
73
204
1
111
38
2
83
9
112
19
73
204
1
111
38
2
83
9
112
19
73
204
1
111
38
2
83
9
112
19
73
204
1
111
38
2
83
9
112
19
73
204
1
111
38
2
83
9
112
19
73
204
1
111
38
2
83
9
112
19
73
204
1
111
38
2
83
9
112
19
73
204
1
111
38
2
83
9
112
19
73
204
1
111
38
2
83
9
112
19
73
204
1
111
38
2
83
9
112
19
73
204
1
111
38
2
83
9
112
19
73
204
1
111
38
2
83
9
112
19
73
204
1
111
38
2
83
9
112
19
73
204
1
111
38
2
83
9
112
19
73
204
1
111
38
2
83
9
112
19
73
204
1
111
38
2
83
9
112
19
73
204
1
111
38
2
83
9
112
19
73
204
1
111
38
2
83
9
112
19
73
204
1
111
38
2
83
9
112
19
73
204
1
111
38
2
83
9
112
19
73
204
1
111
38
2
83
9
112
19
73
204
1
111
38
2
83
9
112
19
73
204
1
111
38
2
83
9
112
19
73
204
1
111
38
2
83
9
112
19
73
204
1
111
38
2
83
9
112
19
73
204
1
111
38
2
83
9
112
19
73
204
1
111
38
2
83
9
112
19
73
204
1
111
38
2
83
9
112
19
73
204
1
111
38
2
83
9
112
19
73
204
1
111
38
2
83
9
112
19
73
204
1
111
38
2
83
9
112
19
73
204
1
111
38
2
83
9
112
19
73
204
1
111
38
2
83
9
112
19
73
204
1
111
38
2
83
9
112
19
73
204
1
111
38
2
83
9
112
19
73
204
1
111
38
2
83
9
112
19
73
204
1
111
38
2
83
9
112
19
73
204
1
111
38
2
83
9
112
19
73
204
1
111
38
2
83
9
112
19
73
204
1
111
38
2
83
9
112
19
73
204
1
111