74
111
1
9
28
19
83
112
2
73
74
111
1
9
28
19
83
112
2
73
74
111
1
9
28
19
83
112
2
73
74
111
1
9
28
19
83
112
2
73
74
111
1
9
28
19
83
112
2
73
74
111
1
9
28
19
83
112
2
73
74
111
1
9
28
19
83
112
2
73
74
111
1
9
28
19
83
112
2
73
74
111
1
9
28
19
83
112
2
73
74
111
1
9
28
19
83
112
2
73
74
111
1
9
28
19
83
112
2
73
74
111
1
9
28
19
83
112
2
73
74
111
1
9
28
19
83
112
2
73
74
111
1
9
28
19
83
112
2
73
74
111
1
9
28
19
83
112
2
73
74
111
1
9
28
19
83
112
2
73
74
111
1
9
28
19
83
112
2
73
74
111
1
9
28
19
83
112
2
73
74
111
1
9
28
19
83
112
2
73
74
111
1
9
28
19
83
112
2
73
74
111
1
9
28
19
83
112
2
73
74
111
1
9
28
19
83
112
2
73
74
111
1
9
28
19
83
112
2
73
74
111
1
9
28
19
83
112
2
73
74
111
1
9
28
19
83
112
2
73
74
111
1
9
28
19
83
112
2
73
74
111
1
9
28
19
83
112
2
73
74
111
1
9
28
19
83
112
2
73
74
111
1
9
28
19
83
112
2
73
74
111
1
9
28
19
83
112
2
73
74
111
1
9
28
19
83
112
2
73
74
111
1
9
28
19
83
112
2
73
74
111
1
9
28
19
83
112
2
73
74
111
1
9
28
19
83
112
2
73
74
111
1
9
28
19
83
112
2
73
74
111
1
9
28
19
83
112
2
73
74
111
1
9
28
19
83
112
2
73
74
111
1
9
28
19
83
112
2
73
74
111
1
9
28
19
83
112
2
73
74
111
1
9
28
19
83
112
2
73
74
111
1
9
28
19
83
112
2
73
74
111
1
9
28
19
83
112
2
73
74
111
1
9
28
19
83
112
2
73
74
111
1
9
28
19
83
112
2
73
74
111
1
9
28
19
83
112
2
73
74
111
1
9
28
19
83
112
2
73
74
111
1
9
28
19
83
112
2
73
74
111
1
9
28
19
83
112
2
73
74
111
1
9
28
19
83
112
2
73
74
111
1
9
28
19
83
112
2
73