15
19
2
1
204
9
74
83
38
73
15
19
2
1
204
9
74
83
38
73
15
19
2
1
204
9
74
83
38
73
15
19
2
1
204
9
74
83
38
73
15
19
2
1
204
9
74
83
38
73
15
19
2
1
204
9
74
83
38
73
15
19
2
1
204
9
74
83
38
73
15
19
2
1
204
9
74
83
38
73
15
19
2
1
204
9
74
83
38
73
15
19
2
1
204
9
74
83
38
73
15
19
2
1
204
9
74
83
38
73
15
19
2
1
204
9
74
83
38
73
15
19
2
1
204
9
74
83
38
73
15
19
2
1
204
9
74
83
38
73
15
19
2
1
204
9
74
83
38
73
15
19
2
1
204
9
74
83
38
73
15
19
2
1
204
9
74
83
38
73
15
19
2
1
204
9
74
83
38
73
15
19
2
1
204
9
74
83
38
73
15
19
2
1
204
9
74
83
38
73
15
19
2
1
204
9
74
83
38
73
15
19
2
1
204
9
74
83
38
73
15
19
2
1
204
9
74
83
38
73
15
19
2
1
204
9
74
83
38
73
15
19
2
1
204
9
74
83
38
73
15
19
2
1
204
9
74
83
38
73
15
19
2
1
204
9
74
83
38
73
15
19
2
1
204
9
74
83
38
73
15
19
2
1
204
9
74
83
38
73
15
19
2
1
204
9
74
83
38
73
15
19
2
1
204
9
74
83
38
73
15
19
2
1
204
9
74
83
38
73
15
19
2
1
204
9
74
83
38
73
15
19
2
1
204
9
74
83
38
73
15
19
2
1
204
9
74
83
38
73
15
19
2
1
204
9
74
83
38
73
15
19
2
1
204
9
74
83
38
73
15
19
2
1
204
9
74
83
38
73
15
19
2
1
204
9
74
83
38
73
15
19
2
1
204
9
74
83
38
73
15
19
2
1
204
9
74
83
38
73
15
19
2
1
204
9
74
83
38
73
15
19
2
1
204
9
74
83
38
73
15
19
2
1
204
9
74
83
38
73
15
19
2
1
204
9
74
83
38
73
15
19
2
1
204
9
74
83
38
73
15
19
2
1
204
9
74
83
38
73
15
19
2
1
204
9
74
83
38
73
15
19
2
1
204
9
74
83
38
73
15
19
2
1
204
9
74
83
38
73