74
28
9
87
19
83
112
111
2
204
74
28
9
87
19
83
112
111
2
204
74
28
9
87
19
83
112
111
2
204
74
28
9
87
19
83
112
111
2
204
74
28
9
87
19
83
112
111
2
204
74
28
9
87
19
83
112
111
2
204
74
28
9
87
19
83
112
111
2
204
74
28
9
87
19
83
112
111
2
204
74
28
9
87
19
83
112
111
2
204
74
28
9
87
19
83
112
111
2
204
74
28
9
87
19
83
112
111
2
204
74
28
9
87
19
83
112
111
2
204
74
28
9
87
19
83
112
111
2
204
74
28
9
87
19
83
112
111
2
204
74
28
9
87
19
83
112
111
2
204
74
28
9
87
19
83
112
111
2
204
74
28
9
87
19
83
112
111
2
204
74
28
9
87
19
83
112
111
2
204
74
28
9
87
19
83
112
111
2
204
74
28
9
87
19
83
112
111
2
204
74
28
9
87
19
83
112
111
2
204
74
28
9
87
19
83
112
111
2
204
74
28
9
87
19
83
112
111
2
204
74
28
9
87
19
83
112
111
2
204
74
28
9
87
19
83
112
111
2
204
74
28
9
87
19
83
112
111
2
204
74
28
9
87
19
83
112
111
2
204
74
28
9
87
19
83
112
111
2
204
74
28
9
87
19
83
112
111
2
204
74
28
9
87
19
83
112
111
2
204
74
28
9
87
19
83
112
111
2
204
74
28
9
87
19
83
112
111
2
204
74
28
9
87
19
83
112
111
2
204
74
28
9
87
19
83
112
111
2
204
74
28
9
87
19
83
112
111
2
204
74
28
9
87
19
83
112
111
2
204
74
28
9
87
19
83
112
111
2
204
74
28
9
87
19
83
112
111
2
204
74
28
9
87
19
83
112
111
2
204
74
28
9
87
19
83
112
111
2
204
74
28
9
87
19
83
112
111
2
204
74
28
9
87
19
83
112
111
2
204
74
28
9
87
19
83
112
111
2
204
74
28
9
87
19
83
112
111
2
204
74
28
9
87
19
83
112
111
2
204
74
28
9
87
19
83
112
111
2
204
74
28
9
87
19
83
112
111
2
204
74
28
9
87
19
83
112
111
2
204
74
28
9
87
19
83
112
111
2
204
74
28
9
87
19
83
112
111
2
204