28
111
112
204
2
15
19
74
38
1
28
111
112
204
2
15
19
74
38
1
28
111
112
204
2
15
19
74
38
1
28
111
112
204
2
15
19
74
38
1
28
111
112
204
2
15
19
74
38
1
28
111
112
204
2
15
19
74
38
1
28
111
112
204
2
15
19
74
38
1
28
111
112
204
2
15
19
74
38
1
28
111
112
204
2
15
19
74
38
1
28
111
112
204
2
15
19
74
38
1
28
111
112
204
2
15
19
74
38
1
28
111
112
204
2
15
19
74
38
1
28
111
112
204
2
15
19
74
38
1
28
111
112
204
2
15
19
74
38
1
28
111
112
204
2
15
19
74
38
1
28
111
112
204
2
15
19
74
38
1
28
111
112
204
2
15
19
74
38
1
28
111
112
204
2
15
19
74
38
1
28
111
112
204
2
15
19
74
38
1
28
111
112
204
2
15
19
74
38
1
28
111
112
204
2
15
19
74
38
1
28
111
112
204
2
15
19
74
38
1
28
111
112
204
2
15
19
74
38
1
28
111
112
204
2
15
19
74
38
1
28
111
112
204
2
15
19
74
38
1
28
111
112
204
2
15
19
74
38
1
28
111
112
204
2
15
19
74
38
1
28
111
112
204
2
15
19
74
38
1
28
111
112
204
2
15
19
74
38
1
28
111
112
204
2
15
19
74
38
1
28
111
112
204
2
15
19
74
38
1
28
111
112
204
2
15
19
74
38
1
28
111
112
204
2
15
19
74
38
1
28
111
112
204
2
15
19
74
38
1
28
111
112
204
2
15
19
74
38
1
28
111
112
204
2
15
19
74
38
1
28
111
112
204
2
15
19
74
38
1
28
111
112
204
2
15
19
74
38
1
28
111
112
204
2
15
19
74
38
1
28
111
112
204
2
15
19
74
38
1
28
111
112
204
2
15
19
74
38
1
28
111
112
204
2
15
19
74
38
1
28
111
112
204
2
15
19
74
38
1
28
111
112
204
2
15
19
74
38
1
28
111
112
204
2
15
19
74
38
1
28
111
112
204
2
15
19
74
38
1
28
111
112
204
2
15
19
74
38
1
28
111
112
204
2
15
19
74
38
1
28
111
112
204
2
15
19
74
38
1
28
111
112
204
2
15
19
74
38
1