9
112
87
2
28
74
19
111
204
83
9
112
87
2
28
74
19
111
204
83
9
112
87
2
28
74
19
111
204
83
9
112
87
2
28
74
19
111
204
83
9
112
87
2
28
74
19
111
204
83
9
112
87
2
28
74
19
111
204
83
9
112
87
2
28
74
19
111
204
83
9
112
87
2
28
74
19
111
204
83
9
112
87
2
28
74
19
111
204
83
9
112
87
2
28
74
19
111
204
83
9
112
87
2
28
74
19
111
204
83
9
112
87
2
28
74
19
111
204
83
9
112
87
2
28
74
19
111
204
83
9
112
87
2
28
74
19
111
204
83
9
112
87
2
28
74
19
111
204
83
9
112
87
2
28
74
19
111
204
83
9
112
87
2
28
74
19
111
204
83
9
112
87
2
28
74
19
111
204
83
9
112
87
2
28
74
19
111
204
83
9
112
87
2
28
74
19
111
204
83
9
112
87
2
28
74
19
111
204
83
9
112
87
2
28
74
19
111
204
83
9
112
87
2
28
74
19
111
204
83
9
112
87
2
28
74
19
111
204
83
9
112
87
2
28
74
19
111
204
83
9
112
87
2
28
74
19
111
204
83
9
112
87
2
28
74
19
111
204
83
9
112
87
2
28
74
19
111
204
83
9
112
87
2
28
74
19
111
204
83
9
112
87
2
28
74
19
111
204
83
9
112
87
2
28
74
19
111
204
83
9
112
87
2
28
74
19
111
204
83
9
112
87
2
28
74
19
111
204
83
9
112
87
2
28
74
19
111
204
83
9
112
87
2
28
74
19
111
204
83
9
112
87
2
28
74
19
111
204
83
9
112
87
2
28
74
19
111
204
83
9
112
87
2
28
74
19
111
204
83
9
112
87
2
28
74
19
111
204
83
9
112
87
2
28
74
19
111
204
83
9
112
87
2
28
74
19
111
204
83
9
112
87
2
28
74
19
111
204
83
9
112
87
2
28
74
19
111
204
83
9
112
87
2
28
74
19
111
204
83
9
112
87
2
28
74
19
111
204
83
9
112
87
2
28
74
19
111
204
83
9
112
87
2
28
74
19
111
204
83
9
112
87
2
28
74
19
111
204
83
9
112
87
2
28
74
19
111
204
83
9
112
87
2
28
74
19
111
204
83