111
2
28
9
15
87
204
73
74
1
111
2
28
9
15
87
204
73
74
1
111
2
28
9
15
87
204
73
74
1
111
2
28
9
15
87
204
73
74
1
111
2
28
9
15
87
204
73
74
1
111
2
28
9
15
87
204
73
74
1
111
2
28
9
15
87
204
73
74
1
111
2
28
9
15
87
204
73
74
1
111
2
28
9
15
87
204
73
74
1
111
2
28
9
15
87
204
73
74
1
111
2
28
9
15
87
204
73
74
1
111
2
28
9
15
87
204
73
74
1
111
2
28
9
15
87
204
73
74
1
111
2
28
9
15
87
204
73
74
1
111
2
28
9
15
87
204
73
74
1
111
2
28
9
15
87
204
73
74
1
111
2
28
9
15
87
204
73
74
1
111
2
28
9
15
87
204
73
74
1
111
2
28
9
15
87
204
73
74
1
111
2
28
9
15
87
204
73
74
1
111
2
28
9
15
87
204
73
74
1
111
2
28
9
15
87
204
73
74
1
111
2
28
9
15
87
204
73
74
1
111
2
28
9
15
87
204
73
74
1
111
2
28
9
15
87
204
73
74
1
111
2
28
9
15
87
204
73
74
1
111
2
28
9
15
87
204
73
74
1
111
2
28
9
15
87
204
73
74
1
111
2
28
9
15
87
204
73
74
1
111
2
28
9
15
87
204
73
74
1
111
2
28
9
15
87
204
73
74
1
111
2
28
9
15
87
204
73
74
1
111
2
28
9
15
87
204
73
74
1
111
2
28
9
15
87
204
73
74
1
111
2
28
9
15
87
204
73
74
1
111
2
28
9
15
87
204
73
74
1
111
2
28
9
15
87
204
73
74
1
111
2
28
9
15
87
204
73
74
1
111
2
28
9
15
87
204
73
74
1
111
2
28
9
15
87
204
73
74
1
111
2
28
9
15
87
204
73
74
1
111
2
28
9
15
87
204
73
74
1
111
2
28
9
15
87
204
73
74
1
111
2
28
9
15
87
204
73
74
1
111
2
28
9
15
87
204
73
74
1
111
2
28
9
15
87
204
73
74
1
111
2
28
9
15
87
204
73
74
1
111
2
28
9
15
87
204
73
74
1
111
2
28
9
15
87
204
73
74
1
111
2
28
9
15
87
204
73
74
1