2
87
15
112
38
111
204
83
28
1
2
87
15
112
38
111
204
83
28
1
2
87
15
112
38
111
204
83
28
1
2
87
15
112
38
111
204
83
28
1
2
87
15
112
38
111
204
83
28
1
2
87
15
112
38
111
204
83
28
1
2
87
15
112
38
111
204
83
28
1
2
87
15
112
38
111
204
83
28
1
2
87
15
112
38
111
204
83
28
1
2
87
15
112
38
111
204
83
28
1
2
87
15
112
38
111
204
83
28
1
2
87
15
112
38
111
204
83
28
1
2
87
15
112
38
111
204
83
28
1
2
87
15
112
38
111
204
83
28
1
2
87
15
112
38
111
204
83
28
1
2
87
15
112
38
111
204
83
28
1
2
87
15
112
38
111
204
83
28
1
2
87
15
112
38
111
204
83
28
1
2
87
15
112
38
111
204
83
28
1
2
87
15
112
38
111
204
83
28
1
2
87
15
112
38
111
204
83
28
1
2
87
15
112
38
111
204
83
28
1
2
87
15
112
38
111
204
83
28
1
2
87
15
112
38
111
204
83
28
1
2
87
15
112
38
111
204
83
28
1
2
87
15
112
38
111
204
83
28
1
2
87
15
112
38
111
204
83
28
1
2
87
15
112
38
111
204
83
28
1
2
87
15
112
38
111
204
83
28
1
2
87
15
112
38
111
204
83
28
1
2
87
15
112
38
111
204
83
28
1
2
87
15
112
38
111
204
83
28
1
2
87
15
112
38
111
204
83
28
1
2
87
15
112
38
111
204
83
28
1
2
87
15
112
38
111
204
83
28
1
2
87
15
112
38
111
204
83
28
1
2
87
15
112
38
111
204
83
28
1
2
87
15
112
38
111
204
83
28
1
2
87
15
112
38
111
204
83
28
1
2
87
15
112
38
111
204
83
28
1
2
87
15
112
38
111
204
83
28
1
2
87
15
112
38
111
204
83
28
1
2
87
15
112
38
111
204
83
28
1
2
87
15
112
38
111
204
83
28
1
2
87
15
112
38
111
204
83
28
1
2
87
15
112
38
111
204
83
28
1
2
87
15
112
38
111
204
83
28
1
2
87
15
112
38
111
204
83
28
1
2
87
15
112
38
111
204
83
28
1
2
87
15
112
38
111
204
83
28
1