19
2
28
204
15
87
73
38
9
83
19
2
28
204
15
87
73
38
9
83
19
2
28
204
15
87
73
38
9
83
19
2
28
204
15
87
73
38
9
83
19
2
28
204
15
87
73
38
9
83
19
2
28
204
15
87
73
38
9
83
19
2
28
204
15
87
73
38
9
83
19
2
28
204
15
87
73
38
9
83
19
2
28
204
15
87
73
38
9
83
19
2
28
204
15
87
73
38
9
83
19
2
28
204
15
87
73
38
9
83
19
2
28
204
15
87
73
38
9
83
19
2
28
204
15
87
73
38
9
83
19
2
28
204
15
87
73
38
9
83
19
2
28
204
15
87
73
38
9
83
19
2
28
204
15
87
73
38
9
83
19
2
28
204
15
87
73
38
9
83
19
2
28
204
15
87
73
38
9
83
19
2
28
204
15
87
73
38
9
83
19
2
28
204
15
87
73
38
9
83
19
2
28
204
15
87
73
38
9
83
19
2
28
204
15
87
73
38
9
83
19
2
28
204
15
87
73
38
9
83
19
2
28
204
15
87
73
38
9
83
19
2
28
204
15
87
73
38
9
83
19
2
28
204
15
87
73
38
9
83
19
2
28
204
15
87
73
38
9
83
19
2
28
204
15
87
73
38
9
83
19
2
28
204
15
87
73
38
9
83
19
2
28
204
15
87
73
38
9
83
19
2
28
204
15
87
73
38
9
83
19
2
28
204
15
87
73
38
9
83
19
2
28
204
15
87
73
38
9
83
19
2
28
204
15
87
73
38
9
83
19
2
28
204
15
87
73
38
9
83
19
2
28
204
15
87
73
38
9
83
19
2
28
204
15
87
73
38
9
83
19
2
28
204
15
87
73
38
9
83
19
2
28
204
15
87
73
38
9
83
19
2
28
204
15
87
73
38
9
83
19
2
28
204
15
87
73
38
9
83
19
2
28
204
15
87
73
38
9
83
19
2
28
204
15
87
73
38
9
83
19
2
28
204
15
87
73
38
9
83
19
2
28
204
15
87
73
38
9
83
19
2
28
204
15
87
73
38
9
83
19
2
28
204
15
87
73
38
9
83
19
2
28
204
15
87
73
38
9
83
19
2
28
204
15
87
73
38
9
83
19
2
28
204
15
87
73
38
9
83