112
2
15
9
83
87
74
73
204
19
112
2
15
9
83
87
74
73
204
19
112
2
15
9
83
87
74
73
204
19
112
2
15
9
83
87
74
73
204
19
112
2
15
9
83
87
74
73
204
19
112
2
15
9
83
87
74
73
204
19
112
2
15
9
83
87
74
73
204
19
112
2
15
9
83
87
74
73
204
19
112
2
15
9
83
87
74
73
204
19
112
2
15
9
83
87
74
73
204
19
112
2
15
9
83
87
74
73
204
19
112
2
15
9
83
87
74
73
204
19
112
2
15
9
83
87
74
73
204
19
112
2
15
9
83
87
74
73
204
19
112
2
15
9
83
87
74
73
204
19
112
2
15
9
83
87
74
73
204
19
112
2
15
9
83
87
74
73
204
19
112
2
15
9
83
87
74
73
204
19
112
2
15
9
83
87
74
73
204
19
112
2
15
9
83
87
74
73
204
19
112
2
15
9
83
87
74
73
204
19
112
2
15
9
83
87
74
73
204
19
112
2
15
9
83
87
74
73
204
19
112
2
15
9
83
87
74
73
204
19
112
2
15
9
83
87
74
73
204
19
112
2
15
9
83
87
74
73
204
19
112
2
15
9
83
87
74
73
204
19
112
2
15
9
83
87
74
73
204
19
112
2
15
9
83
87
74
73
204
19
112
2
15
9
83
87
74
73
204
19
112
2
15
9
83
87
74
73
204
19
112
2
15
9
83
87
74
73
204
19
112
2
15
9
83
87
74
73
204
19
112
2
15
9
83
87
74
73
204
19
112
2
15
9
83
87
74
73
204
19
112
2
15
9
83
87
74
73
204
19
112
2
15
9
83
87
74
73
204
19
112
2
15
9
83
87
74
73
204
19
112
2
15
9
83
87
74
73
204
19
112
2
15
9
83
87
74
73
204
19
112
2
15
9
83
87
74
73
204
19
112
2
15
9
83
87
74
73
204
19
112
2
15
9
83
87
74
73
204
19
112
2
15
9
83
87
74
73
204
19
112
2
15
9
83
87
74
73
204
19
112
2
15
9
83
87
74
73
204
19
112
2
15
9
83
87
74
73
204
19
112
2
15
9
83
87
74
73
204
19
112
2
15
9
83
87
74
73
204
19
112
2
15
9
83
87
74
73
204
19