74
1
83
15
38
2
112
9
204
111
74
1
83
15
38
2
112
9
204
111
74
1
83
15
38
2
112
9
204
111
74
1
83
15
38
2
112
9
204
111
74
1
83
15
38
2
112
9
204
111
74
1
83
15
38
2
112
9
204
111
74
1
83
15
38
2
112
9
204
111
74
1
83
15
38
2
112
9
204
111
74
1
83
15
38
2
112
9
204
111
74
1
83
15
38
2
112
9
204
111
74
1
83
15
38
2
112
9
204
111
74
1
83
15
38
2
112
9
204
111
74
1
83
15
38
2
112
9
204
111
74
1
83
15
38
2
112
9
204
111
74
1
83
15
38
2
112
9
204
111
74
1
83
15
38
2
112
9
204
111
74
1
83
15
38
2
112
9
204
111
74
1
83
15
38
2
112
9
204
111
74
1
83
15
38
2
112
9
204
111
74
1
83
15
38
2
112
9
204
111
74
1
83
15
38
2
112
9
204
111
74
1
83
15
38
2
112
9
204
111
74
1
83
15
38
2
112
9
204
111
74
1
83
15
38
2
112
9
204
111
74
1
83
15
38
2
112
9
204
111
74
1
83
15
38
2
112
9
204
111
74
1
83
15
38
2
112
9
204
111
74
1
83
15
38
2
112
9
204
111
74
1
83
15
38
2
112
9
204
111
74
1
83
15
38
2
112
9
204
111
74
1
83
15
38
2
112
9
204
111
74
1
83
15
38
2
112
9
204
111
74
1
83
15
38
2
112
9
204
111
74
1
83
15
38
2
112
9
204
111
74
1
83
15
38
2
112
9
204
111
74
1
83
15
38
2
112
9
204
111
74
1
83
15
38
2
112
9
204
111
74
1
83
15
38
2
112
9
204
111
74
1
83
15
38
2
112
9
204
111
74
1
83
15
38
2
112
9
204
111
74
1
83
15
38
2
112
9
204
111
74
1
83
15
38
2
112
9
204
111
74
1
83
15
38
2
112
9
204
111
74
1
83
15
38
2
112
9
204
111
74
1
83
15
38
2
112
9
204
111
74
1
83
15
38
2
112
9
204
111
74
1
83
15
38
2
112
9
204
111
74
1
83
15
38
2
112
9
204
111
74
1
83
15
38
2
112
9
204
111
74
1
83
15
38
2
112
9
204
111