9
112
111
28
2
204
19
87
83
1
9
112
111
28
2
204
19
87
83
1
9
112
111
28
2
204
19
87
83
1
9
112
111
28
2
204
19
87
83
1
9
112
111
28
2
204
19
87
83
1
9
112
111
28
2
204
19
87
83
1
9
112
111
28
2
204
19
87
83
1
9
112
111
28
2
204
19
87
83
1
9
112
111
28
2
204
19
87
83
1
9
112
111
28
2
204
19
87
83
1
9
112
111
28
2
204
19
87
83
1
9
112
111
28
2
204
19
87
83
1
9
112
111
28
2
204
19
87
83
1
9
112
111
28
2
204
19
87
83
1
9
112
111
28
2
204
19
87
83
1
9
112
111
28
2
204
19
87
83
1
9
112
111
28
2
204
19
87
83
1
9
112
111
28
2
204
19
87
83
1
9
112
111
28
2
204
19
87
83
1
9
112
111
28
2
204
19
87
83
1
9
112
111
28
2
204
19
87
83
1
9
112
111
28
2
204
19
87
83
1
9
112
111
28
2
204
19
87
83
1
9
112
111
28
2
204
19
87
83
1
9
112
111
28
2
204
19
87
83
1
9
112
111
28
2
204
19
87
83
1
9
112
111
28
2
204
19
87
83
1
9
112
111
28
2
204
19
87
83
1
9
112
111
28
2
204
19
87
83
1
9
112
111
28
2
204
19
87
83
1
9
112
111
28
2
204
19
87
83
1
9
112
111
28
2
204
19
87
83
1
9
112
111
28
2
204
19
87
83
1
9
112
111
28
2
204
19
87
83
1
9
112
111
28
2
204
19
87
83
1
9
112
111
28
2
204
19
87
83
1
9
112
111
28
2
204
19
87
83
1
9
112
111
28
2
204
19
87
83
1
9
112
111
28
2
204
19
87
83
1
9
112
111
28
2
204
19
87
83
1
9
112
111
28
2
204
19
87
83
1
9
112
111
28
2
204
19
87
83
1
9
112
111
28
2
204
19
87
83
1
9
112
111
28
2
204
19
87
83
1
9
112
111
28
2
204
19
87
83
1
9
112
111
28
2
204
19
87
83
1
9
112
111
28
2
204
19
87
83
1
9
112
111
28
2
204
19
87
83
1
9
112
111
28
2
204
19
87
83
1
9
112
111
28
2
204
19
87
83
1