204
1
74
15
28
112
9
38
83
73
204
1
74
15
28
112
9
38
83
73
204
1
74
15
28
112
9
38
83
73
204
1
74
15
28
112
9
38
83
73
204
1
74
15
28
112
9
38
83
73
204
1
74
15
28
112
9
38
83
73
204
1
74
15
28
112
9
38
83
73
204
1
74
15
28
112
9
38
83
73
204
1
74
15
28
112
9
38
83
73
204
1
74
15
28
112
9
38
83
73
204
1
74
15
28
112
9
38
83
73
204
1
74
15
28
112
9
38
83
73
204
1
74
15
28
112
9
38
83
73
204
1
74
15
28
112
9
38
83
73
204
1
74
15
28
112
9
38
83
73
204
1
74
15
28
112
9
38
83
73
204
1
74
15
28
112
9
38
83
73
204
1
74
15
28
112
9
38
83
73
204
1
74
15
28
112
9
38
83
73
204
1
74
15
28
112
9
38
83
73
204
1
74
15
28
112
9
38
83
73
204
1
74
15
28
112
9
38
83
73
204
1
74
15
28
112
9
38
83
73
204
1
74
15
28
112
9
38
83
73
204
1
74
15
28
112
9
38
83
73
204
1
74
15
28
112
9
38
83
73
204
1
74
15
28
112
9
38
83
73
204
1
74
15
28
112
9
38
83
73
204
1
74
15
28
112
9
38
83
73
204
1
74
15
28
112
9
38
83
73
204
1
74
15
28
112
9
38
83
73
204
1
74
15
28
112
9
38
83
73
204
1
74
15
28
112
9
38
83
73
204
1
74
15
28
112
9
38
83
73
204
1
74
15
28
112
9
38
83
73
204
1
74
15
28
112
9
38
83
73
204
1
74
15
28
112
9
38
83
73
204
1
74
15
28
112
9
38
83
73
204
1
74
15
28
112
9
38
83
73
204
1
74
15
28
112
9
38
83
73
204
1
74
15
28
112
9
38
83
73
204
1
74
15
28
112
9
38
83
73
204
1
74
15
28
112
9
38
83
73
204
1
74
15
28
112
9
38
83
73
204
1
74
15
28
112
9
38
83
73
204
1
74
15
28
112
9
38
83
73
204
1
74
15
28
112
9
38
83
73
204
1
74
15
28
112
9
38
83
73
204
1
74
15
28
112
9
38
83
73
204
1
74
15
28
112
9
38
83
73