28
83
204
87
15
9
19
111
1
74
28
83
204
87
15
9
19
111
1
74
28
83
204
87
15
9
19
111
1
74
28
83
204
87
15
9
19
111
1
74
28
83
204
87
15
9
19
111
1
74
28
83
204
87
15
9
19
111
1
74
28
83
204
87
15
9
19
111
1
74
28
83
204
87
15
9
19
111
1
74
28
83
204
87
15
9
19
111
1
74
28
83
204
87
15
9
19
111
1
74
28
83
204
87
15
9
19
111
1
74
28
83
204
87
15
9
19
111
1
74
28
83
204
87
15
9
19
111
1
74
28
83
204
87
15
9
19
111
1
74
28
83
204
87
15
9
19
111
1
74
28
83
204
87
15
9
19
111
1
74
28
83
204
87
15
9
19
111
1
74
28
83
204
87
15
9
19
111
1
74
28
83
204
87
15
9
19
111
1
74
28
83
204
87
15
9
19
111
1
74
28
83
204
87
15
9
19
111
1
74
28
83
204
87
15
9
19
111
1
74
28
83
204
87
15
9
19
111
1
74
28
83
204
87
15
9
19
111
1
74
28
83
204
87
15
9
19
111
1
74
28
83
204
87
15
9
19
111
1
74
28
83
204
87
15
9
19
111
1
74
28
83
204
87
15
9
19
111
1
74
28
83
204
87
15
9
19
111
1
74
28
83
204
87
15
9
19
111
1
74
28
83
204
87
15
9
19
111
1
74
28
83
204
87
15
9
19
111
1
74
28
83
204
87
15
9
19
111
1
74
28
83
204
87
15
9
19
111
1
74
28
83
204
87
15
9
19
111
1
74
28
83
204
87
15
9
19
111
1
74
28
83
204
87
15
9
19
111
1
74
28
83
204
87
15
9
19
111
1
74
28
83
204
87
15
9
19
111
1
74
28
83
204
87
15
9
19
111
1
74
28
83
204
87
15
9
19
111
1
74
28
83
204
87
15
9
19
111
1
74
28
83
204
87
15
9
19
111
1
74
28
83
204
87
15
9
19
111
1
74
28
83
204
87
15
9
19
111
1
74
28
83
204
87
15
9
19
111
1
74
28
83
204
87
15
9
19
111
1
74
28
83
204
87
15
9
19
111
1
74
28
83
204
87
15
9
19
111
1
74
28
83
204
87
15
9
19
111
1
74