111
74
1
87
15
204
73
19
28
83
111
74
1
87
15
204
73
19
28
83
111
74
1
87
15
204
73
19
28
83
111
74
1
87
15
204
73
19
28
83
111
74
1
87
15
204
73
19
28
83
111
74
1
87
15
204
73
19
28
83
111
74
1
87
15
204
73
19
28
83
111
74
1
87
15
204
73
19
28
83
111
74
1
87
15
204
73
19
28
83
111
74
1
87
15
204
73
19
28
83
111
74
1
87
15
204
73
19
28
83
111
74
1
87
15
204
73
19
28
83
111
74
1
87
15
204
73
19
28
83
111
74
1
87
15
204
73
19
28
83
111
74
1
87
15
204
73
19
28
83
111
74
1
87
15
204
73
19
28
83
111
74
1
87
15
204
73
19
28
83
111
74
1
87
15
204
73
19
28
83
111
74
1
87
15
204
73
19
28
83
111
74
1
87
15
204
73
19
28
83
111
74
1
87
15
204
73
19
28
83
111
74
1
87
15
204
73
19
28
83
111
74
1
87
15
204
73
19
28
83
111
74
1
87
15
204
73
19
28
83
111
74
1
87
15
204
73
19
28
83
111
74
1
87
15
204
73
19
28
83
111
74
1
87
15
204
73
19
28
83
111
74
1
87
15
204
73
19
28
83
111
74
1
87
15
204
73
19
28
83
111
74
1
87
15
204
73
19
28
83
111
74
1
87
15
204
73
19
28
83
111
74
1
87
15
204
73
19
28
83
111
74
1
87
15
204
73
19
28
83
111
74
1
87
15
204
73
19
28
83
111
74
1
87
15
204
73
19
28
83
111
74
1
87
15
204
73
19
28
83
111
74
1
87
15
204
73
19
28
83
111
74
1
87
15
204
73
19
28
83
111
74
1
87
15
204
73
19
28
83
111
74
1
87
15
204
73
19
28
83
111
74
1
87
15
204
73
19
28
83
111
74
1
87
15
204
73
19
28
83
111
74
1
87
15
204
73
19
28
83
111
74
1
87
15
204
73
19
28
83
111
74
1
87
15
204
73
19
28
83
111
74
1
87
15
204
73
19
28
83
111
74
1
87
15
204
73
19
28
83
111
74
1
87
15
204
73
19
28
83
111
74
1
87
15
204
73
19
28
83
111
74
1
87
15
204
73
19
28
83