111
38
1
87
204
73
19
112
28
83
111
38
1
87
204
73
19
112
28
83
111
38
1
87
204
73
19
112
28
83
111
38
1
87
204
73
19
112
28
83
111
38
1
87
204
73
19
112
28
83
111
38
1
87
204
73
19
112
28
83
111
38
1
87
204
73
19
112
28
83
111
38
1
87
204
73
19
112
28
83
111
38
1
87
204
73
19
112
28
83
111
38
1
87
204
73
19
112
28
83
111
38
1
87
204
73
19
112
28
83
111
38
1
87
204
73
19
112
28
83
111
38
1
87
204
73
19
112
28
83
111
38
1
87
204
73
19
112
28
83
111
38
1
87
204
73
19
112
28
83
111
38
1
87
204
73
19
112
28
83
111
38
1
87
204
73
19
112
28
83
111
38
1
87
204
73
19
112
28
83
111
38
1
87
204
73
19
112
28
83
111
38
1
87
204
73
19
112
28
83
111
38
1
87
204
73
19
112
28
83
111
38
1
87
204
73
19
112
28
83
111
38
1
87
204
73
19
112
28
83
111
38
1
87
204
73
19
112
28
83
111
38
1
87
204
73
19
112
28
83
111
38
1
87
204
73
19
112
28
83
111
38
1
87
204
73
19
112
28
83
111
38
1
87
204
73
19
112
28
83
111
38
1
87
204
73
19
112
28
83
111
38
1
87
204
73
19
112
28
83
111
38
1
87
204
73
19
112
28
83
111
38
1
87
204
73
19
112
28
83
111
38
1
87
204
73
19
112
28
83
111
38
1
87
204
73
19
112
28
83
111
38
1
87
204
73
19
112
28
83
111
38
1
87
204
73
19
112
28
83
111
38
1
87
204
73
19
112
28
83
111
38
1
87
204
73
19
112
28
83
111
38
1
87
204
73
19
112
28
83
111
38
1
87
204
73
19
112
28
83
111
38
1
87
204
73
19
112
28
83
111
38
1
87
204
73
19
112
28
83
111
38
1
87
204
73
19
112
28
83
111
38
1
87
204
73
19
112
28
83
111
38
1
87
204
73
19
112
28
83
111
38
1
87
204
73
19
112
28
83
111
38
1
87
204
73
19
112
28
83
111
38
1
87
204
73
19
112
28
83
111
38
1
87
204
73
19
112
28
83
111
38
1
87
204
73
19
112
28
83