74
38
87
15
204
73
19
112
28
83
74
38
87
15
204
73
19
112
28
83
74
38
87
15
204
73
19
112
28
83
74
38
87
15
204
73
19
112
28
83
74
38
87
15
204
73
19
112
28
83
74
38
87
15
204
73
19
112
28
83
74
38
87
15
204
73
19
112
28
83
74
38
87
15
204
73
19
112
28
83
74
38
87
15
204
73
19
112
28
83
74
38
87
15
204
73
19
112
28
83
74
38
87
15
204
73
19
112
28
83
74
38
87
15
204
73
19
112
28
83
74
38
87
15
204
73
19
112
28
83
74
38
87
15
204
73
19
112
28
83
74
38
87
15
204
73
19
112
28
83
74
38
87
15
204
73
19
112
28
83
74
38
87
15
204
73
19
112
28
83
74
38
87
15
204
73
19
112
28
83
74
38
87
15
204
73
19
112
28
83
74
38
87
15
204
73
19
112
28
83
74
38
87
15
204
73
19
112
28
83
74
38
87
15
204
73
19
112
28
83
74
38
87
15
204
73
19
112
28
83
74
38
87
15
204
73
19
112
28
83
74
38
87
15
204
73
19
112
28
83
74
38
87
15
204
73
19
112
28
83
74
38
87
15
204
73
19
112
28
83
74
38
87
15
204
73
19
112
28
83
74
38
87
15
204
73
19
112
28
83
74
38
87
15
204
73
19
112
28
83
74
38
87
15
204
73
19
112
28
83
74
38
87
15
204
73
19
112
28
83
74
38
87
15
204
73
19
112
28
83
74
38
87
15
204
73
19
112
28
83
74
38
87
15
204
73
19
112
28
83
74
38
87
15
204
73
19
112
28
83
74
38
87
15
204
73
19
112
28
83
74
38
87
15
204
73
19
112
28
83
74
38
87
15
204
73
19
112
28
83
74
38
87
15
204
73
19
112
28
83
74
38
87
15
204
73
19
112
28
83
74
38
87
15
204
73
19
112
28
83
74
38
87
15
204
73
19
112
28
83
74
38
87
15
204
73
19
112
28
83
74
38
87
15
204
73
19
112
28
83
74
38
87
15
204
73
19
112
28
83
74
38
87
15
204
73
19
112
28
83
74
38
87
15
204
73
19
112
28
83
74
38
87
15
204
73
19
112
28
83
74
38
87
15
204
73
19
112
28
83