15
11
9
45
3
15
11
9
45
3
15
11
9
45
3
15
11
9
45
3
15
11
9
45
3
15
11
9
45
3
15
11
9
45
3
15
11
9
45
3
15
11
9
45
3
15
11
9
45
3
15
11
9
45
3
15
11
9
45
3
15
11
9
45
3
15
11
9
45
3
15
11
9
45
3
15
11
9
45
3
15
11
9
45
3
15
11
9
45
3
15
11
9
45
3
15
11
9
45
3
15
11
9
45
3
15
11
9
45
3
15
11
9
45
3
15
11
9
45
3
15
11
9
45
3
15
11
9
45
3
15
11
9
45
3
15
11
9
45
3
15
11
9
45
3
15
11
9
45
3
15
11
9
45
3
15
11
9
45
3
15
11
9
45
3
15
11
9
45
3
15
11
9
45
3
15
11
9
45
3
15
11
9
45
3
15
11
9
45
3
15
11
9
45
3
15
11
9
45
3
15
11
9
45
3
15
11
9
45
3
15
11
9
45
3
15
11
9
45
3
15
11
9
45
3
15
11
9
45
3
15
11
9
45
3
15
11
9
45
3
15
11
9
45
3
15
11
9
45
3