15
23
11
9
45
15
23
11
9
45
15
23
11
9
45
15
23
11
9
45
15
23
11
9
45
15
23
11
9
45
15
23
11
9
45
15
23
11
9
45
15
23
11
9
45
15
23
11
9
45
15
23
11
9
45
15
23
11
9
45
15
23
11
9
45
15
23
11
9
45
15
23
11
9
45
15
23
11
9
45
15
23
11
9
45
15
23
11
9
45
15
23
11
9
45
15
23
11
9
45
15
23
11
9
45
15
23
11
9
45
15
23
11
9
45
15
23
11
9
45
15
23
11
9
45
15
23
11
9
45
15
23
11
9
45
15
23
11
9
45
15
23
11
9
45
15
23
11
9
45
15
23
11
9
45
15
23
11
9
45
15
23
11
9
45
15
23
11
9
45
15
23
11
9
45
15
23
11
9
45
15
23
11
9
45
15
23
11
9
45
15
23
11
9
45
15
23
11
9
45
15
23
11
9
45
15
23
11
9
45
15
23
11
9
45
15
23
11
9
45
15
23
11
9
45
15
23
11
9
45
15
23
11
9
45
15
23
11
9
45
15
23
11
9
45
15
23
11
9
45