23
35
11
45
3
23
35
11
45
3
23
35
11
45
3
23
35
11
45
3
23
35
11
45
3
23
35
11
45
3
23
35
11
45
3
23
35
11
45
3
23
35
11
45
3
23
35
11
45
3
23
35
11
45
3
23
35
11
45
3
23
35
11
45
3
23
35
11
45
3
23
35
11
45
3
23
35
11
45
3
23
35
11
45
3
23
35
11
45
3
23
35
11
45
3
23
35
11
45
3
23
35
11
45
3
23
35
11
45
3
23
35
11
45
3
23
35
11
45
3
23
35
11
45
3
23
35
11
45
3
23
35
11
45
3
23
35
11
45
3
23
35
11
45
3
23
35
11
45
3
23
35
11
45
3
23
35
11
45
3
23
35
11
45
3
23
35
11
45
3
23
35
11
45
3
23
35
11
45
3
23
35
11
45
3
23
35
11
45
3
23
35
11
45
3
23
35
11
45
3
23
35
11
45
3
23
35
11
45
3
23
35
11
45
3
23
35
11
45
3
23
35
11
45
3
23
35
11
45
3
23
35
11
45
3
23
35
11
45
3
23
35
11
45
3
23
35
11
45
3