23
35
11
9
3
23
35
11
9
3
23
35
11
9
3
23
35
11
9
3
23
35
11
9
3
23
35
11
9
3
23
35
11
9
3
23
35
11
9
3
23
35
11
9
3
23
35
11
9
3
23
35
11
9
3
23
35
11
9
3
23
35
11
9
3
23
35
11
9
3
23
35
11
9
3
23
35
11
9
3
23
35
11
9
3
23
35
11
9
3
23
35
11
9
3
23
35
11
9
3
23
35
11
9
3
23
35
11
9
3
23
35
11
9
3
23
35
11
9
3
23
35
11
9
3
23
35
11
9
3
23
35
11
9
3
23
35
11
9
3
23
35
11
9
3
23
35
11
9
3
23
35
11
9
3
23
35
11
9
3
23
35
11
9
3
23
35
11
9
3
23
35
11
9
3
23
35
11
9
3
23
35
11
9
3
23
35
11
9
3
23
35
11
9
3
23
35
11
9
3
23
35
11
9
3
23
35
11
9
3
23
35
11
9
3
23
35
11
9
3
23
35
11
9
3
23
35
11
9
3
23
35
11
9
3
23
35
11
9
3
23
35
11
9
3
23
35
11
9
3