79
46
82
111
128
116
16
57
48
148
79
46
82
111
128
116
16
57
48
148
79
46
82
111
128
116
16
57
48
148
79
46
82
111
128
116
16
57
48
148
79
46
82
111
128
116
16
57
48
148
79
46
82
111
128
116
16
57
48
148
79
46
82
111
128
116
16
57
48
148
79
46
82
111
128
116
16
57
48
148
79
46
82
111
128
116
16
57
48
148
79
46
82
111
128
116
16
57
48
148
79
46
82
111
128
116
16
57
48
148
79
46
82
111
128
116
16
57
48
148
79
46
82
111
128
116
16
57
48
148
79
46
82
111
128
116
16
57
48
148
79
46
82
111
128
116
16
57
48
148
79
46
82
111
128
116
16
57
48
148
79
46
82
111
128
116
16
57
48
148
79
46
82
111
128
116
16
57
48
148
79
46
82
111
128
116
16
57
48
148
79
46
82
111
128
116
16
57
48
148
79
46
82
111
128
116
16
57
48
148
79
46
82
111
128
116
16
57
48
148
79
46
82
111
128
116
16
57
48
148
79
46
82
111
128
116
16
57
48
148
79
46
82
111
128
116
16
57
48
148
79
46
82
111
128
116
16
57
48
148
79
46
82
111
128
116
16
57
48
148
79
46
82
111
128
116
16
57
48
148
79
46
82
111
128
116
16
57
48
148
79
46
82
111
128
116
16
57
48
148
79
46
82
111
128
116
16
57
48
148
79
46
82
111
128
116
16
57
48
148
79
46
82
111
128
116
16
57
48
148
79
46
82
111
128
116
16
57
48
148
79
46
82
111
128
116
16
57
48
148
79
46
82
111
128
116
16
57
48
148
79
46
82
111
128
116
16
57
48
148
79
46
82
111
128
116
16
57
48
148
79
46
82
111
128
116
16
57
48
148
79
46
82
111
128
116
16
57
48
148
79
46
82
111
128
116
16
57
48
148
79
46
82
111
128
116
16
57
48
148
79
46
82
111
128
116
16
57
48
148
79
46
82
111
128
116
16
57
48
148
79
46
82
111
128
116
16
57
48
148
79
46
82
111
128
116
16
57
48
148
79
46
82
111
128
116
16
57
48
148
79
46
82
111
128
116
16
57
48
148
79
46
82
111
128
116
16
57
48
148
79
46
82
111
128
116
16
57
48
148