79
82
111
128
116
16
50
57
48
148
79
82
111
128
116
16
50
57
48
148
79
82
111
128
116
16
50
57
48
148
79
82
111
128
116
16
50
57
48
148
79
82
111
128
116
16
50
57
48
148
79
82
111
128
116
16
50
57
48
148
79
82
111
128
116
16
50
57
48
148
79
82
111
128
116
16
50
57
48
148
79
82
111
128
116
16
50
57
48
148
79
82
111
128
116
16
50
57
48
148
79
82
111
128
116
16
50
57
48
148
79
82
111
128
116
16
50
57
48
148
79
82
111
128
116
16
50
57
48
148
79
82
111
128
116
16
50
57
48
148
79
82
111
128
116
16
50
57
48
148
79
82
111
128
116
16
50
57
48
148
79
82
111
128
116
16
50
57
48
148
79
82
111
128
116
16
50
57
48
148
79
82
111
128
116
16
50
57
48
148
79
82
111
128
116
16
50
57
48
148
79
82
111
128
116
16
50
57
48
148
79
82
111
128
116
16
50
57
48
148
79
82
111
128
116
16
50
57
48
148
79
82
111
128
116
16
50
57
48
148
79
82
111
128
116
16
50
57
48
148
79
82
111
128
116
16
50
57
48
148
79
82
111
128
116
16
50
57
48
148
79
82
111
128
116
16
50
57
48
148
79
82
111
128
116
16
50
57
48
148
79
82
111
128
116
16
50
57
48
148
79
82
111
128
116
16
50
57
48
148
79
82
111
128
116
16
50
57
48
148
79
82
111
128
116
16
50
57
48
148
79
82
111
128
116
16
50
57
48
148
79
82
111
128
116
16
50
57
48
148
79
82
111
128
116
16
50
57
48
148
79
82
111
128
116
16
50
57
48
148
79
82
111
128
116
16
50
57
48
148
79
82
111
128
116
16
50
57
48
148
79
82
111
128
116
16
50
57
48
148
79
82
111
128
116
16
50
57
48
148
79
82
111
128
116
16
50
57
48
148
79
82
111
128
116
16
50
57
48
148
79
82
111
128
116
16
50
57
48
148
79
82
111
128
116
16
50
57
48
148
79
82
111
128
116
16
50
57
48
148
79
82
111
128
116
16
50
57
48
148
79
82
111
128
116
16
50
57
48
148
79
82
111
128
116
16
50
57
48
148
79
82
111
128
116
16
50
57
48
148