79
46
82
128
16
50
57
48
85
148
79
46
82
128
16
50
57
48
85
148
79
46
82
128
16
50
57
48
85
148
79
46
82
128
16
50
57
48
85
148
79
46
82
128
16
50
57
48
85
148
79
46
82
128
16
50
57
48
85
148
79
46
82
128
16
50
57
48
85
148
79
46
82
128
16
50
57
48
85
148
79
46
82
128
16
50
57
48
85
148
79
46
82
128
16
50
57
48
85
148
79
46
82
128
16
50
57
48
85
148
79
46
82
128
16
50
57
48
85
148
79
46
82
128
16
50
57
48
85
148
79
46
82
128
16
50
57
48
85
148
79
46
82
128
16
50
57
48
85
148
79
46
82
128
16
50
57
48
85
148
79
46
82
128
16
50
57
48
85
148
79
46
82
128
16
50
57
48
85
148
79
46
82
128
16
50
57
48
85
148
79
46
82
128
16
50
57
48
85
148
79
46
82
128
16
50
57
48
85
148
79
46
82
128
16
50
57
48
85
148
79
46
82
128
16
50
57
48
85
148
79
46
82
128
16
50
57
48
85
148
79
46
82
128
16
50
57
48
85
148
79
46
82
128
16
50
57
48
85
148
79
46
82
128
16
50
57
48
85
148
79
46
82
128
16
50
57
48
85
148
79
46
82
128
16
50
57
48
85
148
79
46
82
128
16
50
57
48
85
148
79
46
82
128
16
50
57
48
85
148
79
46
82
128
16
50
57
48
85
148
79
46
82
128
16
50
57
48
85
148
79
46
82
128
16
50
57
48
85
148
79
46
82
128
16
50
57
48
85
148
79
46
82
128
16
50
57
48
85
148
79
46
82
128
16
50
57
48
85
148
79
46
82
128
16
50
57
48
85
148
79
46
82
128
16
50
57
48
85
148
79
46
82
128
16
50
57
48
85
148
79
46
82
128
16
50
57
48
85
148
79
46
82
128
16
50
57
48
85
148
79
46
82
128
16
50
57
48
85
148
79
46
82
128
16
50
57
48
85
148
79
46
82
128
16
50
57
48
85
148
79
46
82
128
16
50
57
48
85
148
79
46
82
128
16
50
57
48
85
148
79
46
82
128
16
50
57
48
85
148
79
46
82
128
16
50
57
48
85
148
79
46
82
128
16
50
57
48
85
148