46
82
111
116
16
50
57
48
85
148
46
82
111
116
16
50
57
48
85
148
46
82
111
116
16
50
57
48
85
148
46
82
111
116
16
50
57
48
85
148
46
82
111
116
16
50
57
48
85
148
46
82
111
116
16
50
57
48
85
148
46
82
111
116
16
50
57
48
85
148
46
82
111
116
16
50
57
48
85
148
46
82
111
116
16
50
57
48
85
148
46
82
111
116
16
50
57
48
85
148
46
82
111
116
16
50
57
48
85
148
46
82
111
116
16
50
57
48
85
148
46
82
111
116
16
50
57
48
85
148
46
82
111
116
16
50
57
48
85
148
46
82
111
116
16
50
57
48
85
148
46
82
111
116
16
50
57
48
85
148
46
82
111
116
16
50
57
48
85
148
46
82
111
116
16
50
57
48
85
148
46
82
111
116
16
50
57
48
85
148
46
82
111
116
16
50
57
48
85
148
46
82
111
116
16
50
57
48
85
148
46
82
111
116
16
50
57
48
85
148
46
82
111
116
16
50
57
48
85
148
46
82
111
116
16
50
57
48
85
148
46
82
111
116
16
50
57
48
85
148
46
82
111
116
16
50
57
48
85
148
46
82
111
116
16
50
57
48
85
148
46
82
111
116
16
50
57
48
85
148
46
82
111
116
16
50
57
48
85
148
46
82
111
116
16
50
57
48
85
148
46
82
111
116
16
50
57
48
85
148
46
82
111
116
16
50
57
48
85
148
46
82
111
116
16
50
57
48
85
148
46
82
111
116
16
50
57
48
85
148
46
82
111
116
16
50
57
48
85
148
46
82
111
116
16
50
57
48
85
148
46
82
111
116
16
50
57
48
85
148
46
82
111
116
16
50
57
48
85
148
46
82
111
116
16
50
57
48
85
148
46
82
111
116
16
50
57
48
85
148
46
82
111
116
16
50
57
48
85
148
46
82
111
116
16
50
57
48
85
148
46
82
111
116
16
50
57
48
85
148
46
82
111
116
16
50
57
48
85
148
46
82
111
116
16
50
57
48
85
148
46
82
111
116
16
50
57
48
85
148
46
82
111
116
16
50
57
48
85
148
46
82
111
116
16
50
57
48
85
148
46
82
111
116
16
50
57
48
85
148
46
82
111
116
16
50
57
48
85
148