46
79
82
50
111
48
85
83
57
90
46
79
82
50
111
48
85
83
57
90
46
79
82
50
111
48
85
83
57
90
46
79
82
50
111
48
85
83
57
90
46
79
82
50
111
48
85
83
57
90
46
79
82
50
111
48
85
83
57
90
46
79
82
50
111
48
85
83
57
90
46
79
82
50
111
48
85
83
57
90
46
79
82
50
111
48
85
83
57
90
46
79
82
50
111
48
85
83
57
90
46
79
82
50
111
48
85
83
57
90
46
79
82
50
111
48
85
83
57
90
46
79
82
50
111
48
85
83
57
90
46
79
82
50
111
48
85
83
57
90
46
79
82
50
111
48
85
83
57
90
46
79
82
50
111
48
85
83
57
90
46
79
82
50
111
48
85
83
57
90
46
79
82
50
111
48
85
83
57
90
46
79
82
50
111
48
85
83
57
90
46
79
82
50
111
48
85
83
57
90
46
79
82
50
111
48
85
83
57
90
46
79
82
50
111
48
85
83
57
90
46
79
82
50
111
48
85
83
57
90
46
79
82
50
111
48
85
83
57
90
46
79
82
50
111
48
85
83
57
90
46
79
82
50
111
48
85
83
57
90
46
79
82
50
111
48
85
83
57
90
46
79
82
50
111
48
85
83
57
90
46
79
82
50
111
48
85
83
57
90
46
79
82
50
111
48
85
83
57
90
46
79
82
50
111
48
85
83
57
90
46
79
82
50
111
48
85
83
57
90
46
79
82
50
111
48
85
83
57
90
46
79
82
50
111
48
85
83
57
90
46
79
82
50
111
48
85
83
57
90
46
79
82
50
111
48
85
83
57
90
46
79
82
50
111
48
85
83
57
90
46
79
82
50
111
48
85
83
57
90
46
79
82
50
111
48
85
83
57
90
46
79
82
50
111
48
85
83
57
90
46
79
82
50
111
48
85
83
57
90
46
79
82
50
111
48
85
83
57
90
46
79
82
50
111
48
85
83
57
90
46
79
82
50
111
48
85
83
57
90
46
79
82
50
111
48
85
83
57
90
46
79
82
50
111
48
85
83
57
90
46
79
82
50
111
48
85
83
57
90
46
79
82
50
111
48
85
83
57
90
46
79
82
50
111
48
85
83
57
90
46
79
82
50
111
48
85
83
57
90