3
165
6
164
176
189
87
11
130
147
3
165
6
164
176
189
87
11
130
147
3
165
6
164
176
189
87
11
130
147
3
165
6
164
176
189
87
11
130
147
3
165
6
164
176
189
87
11
130
147
3
165
6
164
176
189
87
11
130
147
3
165
6
164
176
189
87
11
130
147
3
165
6
164
176
189
87
11
130
147
3
165
6
164
176
189
87
11
130
147
3
165
6
164
176
189
87
11
130
147
3
165
6
164
176
189
87
11
130
147
3
165
6
164
176
189
87
11
130
147
3
165
6
164
176
189
87
11
130
147
3
165
6
164
176
189
87
11
130
147
3
165
6
164
176
189
87
11
130
147
3
165
6
164
176
189
87
11
130
147
3
165
6
164
176
189
87
11
130
147
3
165
6
164
176
189
87
11
130
147
3
165
6
164
176
189
87
11
130
147
3
165
6
164
176
189
87
11
130
147
3
165
6
164
176
189
87
11
130
147
3
165
6
164
176
189
87
11
130
147
3
165
6
164
176
189
87
11
130
147
3
165
6
164
176
189
87
11
130
147
3
165
6
164
176
189
87
11
130
147
3
165
6
164
176
189
87
11
130
147
3
165
6
164
176
189
87
11
130
147
3
165
6
164
176
189
87
11
130
147
3
165
6
164
176
189
87
11
130
147
3
165
6
164
176
189
87
11
130
147
3
165
6
164
176
189
87
11
130
147
3
165
6
164
176
189
87
11
130
147
3
165
6
164
176
189
87
11
130
147
3
165
6
164
176
189
87
11
130
147
3
165
6
164
176
189
87
11
130
147
3
165
6
164
176
189
87
11
130
147
3
165
6
164
176
189
87
11
130
147
3
165
6
164
176
189
87
11
130
147
3
165
6
164
176
189
87
11
130
147
3
165
6
164
176
189
87
11
130
147
3
165
6
164
176
189
87
11
130
147
3
165
6
164
176
189
87
11
130
147
3
165
6
164
176
189
87
11
130
147
3
165
6
164
176
189
87
11
130
147
3
165
6
164
176
189
87
11
130
147
3
165
6
164
176
189
87
11
130
147
3
165
6
164
176
189
87
11
130
147
3
165
6
164
176
189
87
11
130
147
3
165
6
164
176
189
87
11
130
147
3
165
6
164
176
189
87
11
130
147