3
9
6
164
176
87
11
130
183
147
3
9
6
164
176
87
11
130
183
147
3
9
6
164
176
87
11
130
183
147
3
9
6
164
176
87
11
130
183
147
3
9
6
164
176
87
11
130
183
147
3
9
6
164
176
87
11
130
183
147
3
9
6
164
176
87
11
130
183
147
3
9
6
164
176
87
11
130
183
147
3
9
6
164
176
87
11
130
183
147
3
9
6
164
176
87
11
130
183
147
3
9
6
164
176
87
11
130
183
147
3
9
6
164
176
87
11
130
183
147
3
9
6
164
176
87
11
130
183
147
3
9
6
164
176
87
11
130
183
147
3
9
6
164
176
87
11
130
183
147
3
9
6
164
176
87
11
130
183
147
3
9
6
164
176
87
11
130
183
147
3
9
6
164
176
87
11
130
183
147
3
9
6
164
176
87
11
130
183
147
3
9
6
164
176
87
11
130
183
147
3
9
6
164
176
87
11
130
183
147
3
9
6
164
176
87
11
130
183
147
3
9
6
164
176
87
11
130
183
147
3
9
6
164
176
87
11
130
183
147
3
9
6
164
176
87
11
130
183
147
3
9
6
164
176
87
11
130
183
147
3
9
6
164
176
87
11
130
183
147
3
9
6
164
176
87
11
130
183
147
3
9
6
164
176
87
11
130
183
147
3
9
6
164
176
87
11
130
183
147
3
9
6
164
176
87
11
130
183
147
3
9
6
164
176
87
11
130
183
147
3
9
6
164
176
87
11
130
183
147
3
9
6
164
176
87
11
130
183
147
3
9
6
164
176
87
11
130
183
147
3
9
6
164
176
87
11
130
183
147
3
9
6
164
176
87
11
130
183
147
3
9
6
164
176
87
11
130
183
147
3
9
6
164
176
87
11
130
183
147
3
9
6
164
176
87
11
130
183
147
3
9
6
164
176
87
11
130
183
147
3
9
6
164
176
87
11
130
183
147
3
9
6
164
176
87
11
130
183
147
3
9
6
164
176
87
11
130
183
147
3
9
6
164
176
87
11
130
183
147
3
9
6
164
176
87
11
130
183
147
3
9
6
164
176
87
11
130
183
147
3
9
6
164
176
87
11
130
183
147
3
9
6
164
176
87
11
130
183
147
3
9
6
164
176
87
11
130
183
147