9
165
6
164
176
11
189
147
130
183
9
165
6
164
176
11
189
147
130
183
9
165
6
164
176
11
189
147
130
183
9
165
6
164
176
11
189
147
130
183
9
165
6
164
176
11
189
147
130
183
9
165
6
164
176
11
189
147
130
183
9
165
6
164
176
11
189
147
130
183
9
165
6
164
176
11
189
147
130
183
9
165
6
164
176
11
189
147
130
183
9
165
6
164
176
11
189
147
130
183
9
165
6
164
176
11
189
147
130
183
9
165
6
164
176
11
189
147
130
183
9
165
6
164
176
11
189
147
130
183
9
165
6
164
176
11
189
147
130
183
9
165
6
164
176
11
189
147
130
183
9
165
6
164
176
11
189
147
130
183
9
165
6
164
176
11
189
147
130
183
9
165
6
164
176
11
189
147
130
183
9
165
6
164
176
11
189
147
130
183
9
165
6
164
176
11
189
147
130
183
9
165
6
164
176
11
189
147
130
183
9
165
6
164
176
11
189
147
130
183
9
165
6
164
176
11
189
147
130
183
9
165
6
164
176
11
189
147
130
183
9
165
6
164
176
11
189
147
130
183
9
165
6
164
176
11
189
147
130
183
9
165
6
164
176
11
189
147
130
183
9
165
6
164
176
11
189
147
130
183
9
165
6
164
176
11
189
147
130
183
9
165
6
164
176
11
189
147
130
183
9
165
6
164
176
11
189
147
130
183
9
165
6
164
176
11
189
147
130
183
9
165
6
164
176
11
189
147
130
183
9
165
6
164
176
11
189
147
130
183
9
165
6
164
176
11
189
147
130
183
9
165
6
164
176
11
189
147
130
183
9
165
6
164
176
11
189
147
130
183
9
165
6
164
176
11
189
147
130
183
9
165
6
164
176
11
189
147
130
183
9
165
6
164
176
11
189
147
130
183
9
165
6
164
176
11
189
147
130
183
9
165
6
164
176
11
189
147
130
183
9
165
6
164
176
11
189
147
130
183
9
165
6
164
176
11
189
147
130
183
9
165
6
164
176
11
189
147
130
183
9
165
6
164
176
11
189
147
130
183
9
165
6
164
176
11
189
147
130
183
9
165
6
164
176
11
189
147
130
183
9
165
6
164
176
11
189
147
130
183
9
165
6
164
176
11
189
147
130
183