3
165
6
164
189
87
11
130
183
147
3
165
6
164
189
87
11
130
183
147
3
165
6
164
189
87
11
130
183
147
3
165
6
164
189
87
11
130
183
147
3
165
6
164
189
87
11
130
183
147
3
165
6
164
189
87
11
130
183
147
3
165
6
164
189
87
11
130
183
147
3
165
6
164
189
87
11
130
183
147
3
165
6
164
189
87
11
130
183
147
3
165
6
164
189
87
11
130
183
147
3
165
6
164
189
87
11
130
183
147
3
165
6
164
189
87
11
130
183
147
3
165
6
164
189
87
11
130
183
147
3
165
6
164
189
87
11
130
183
147
3
165
6
164
189
87
11
130
183
147
3
165
6
164
189
87
11
130
183
147
3
165
6
164
189
87
11
130
183
147
3
165
6
164
189
87
11
130
183
147
3
165
6
164
189
87
11
130
183
147
3
165
6
164
189
87
11
130
183
147
3
165
6
164
189
87
11
130
183
147
3
165
6
164
189
87
11
130
183
147
3
165
6
164
189
87
11
130
183
147
3
165
6
164
189
87
11
130
183
147
3
165
6
164
189
87
11
130
183
147
3
165
6
164
189
87
11
130
183
147
3
165
6
164
189
87
11
130
183
147
3
165
6
164
189
87
11
130
183
147
3
165
6
164
189
87
11
130
183
147
3
165
6
164
189
87
11
130
183
147
3
165
6
164
189
87
11
130
183
147
3
165
6
164
189
87
11
130
183
147
3
165
6
164
189
87
11
130
183
147
3
165
6
164
189
87
11
130
183
147
3
165
6
164
189
87
11
130
183
147
3
165
6
164
189
87
11
130
183
147
3
165
6
164
189
87
11
130
183
147
3
165
6
164
189
87
11
130
183
147
3
165
6
164
189
87
11
130
183
147
3
165
6
164
189
87
11
130
183
147
3
165
6
164
189
87
11
130
183
147
3
165
6
164
189
87
11
130
183
147
3
165
6
164
189
87
11
130
183
147
3
165
6
164
189
87
11
130
183
147
3
165
6
164
189
87
11
130
183
147
3
165
6
164
189
87
11
130
183
147
3
165
6
164
189
87
11
130
183
147
3
165
6
164
189
87
11
130
183
147
3
165
6
164
189
87
11
130
183
147
3
165
6
164
189
87
11
130
183
147