3
165
9
6
176
87
11
130
183
147
3
165
9
6
176
87
11
130
183
147
3
165
9
6
176
87
11
130
183
147
3
165
9
6
176
87
11
130
183
147
3
165
9
6
176
87
11
130
183
147
3
165
9
6
176
87
11
130
183
147
3
165
9
6
176
87
11
130
183
147
3
165
9
6
176
87
11
130
183
147
3
165
9
6
176
87
11
130
183
147
3
165
9
6
176
87
11
130
183
147
3
165
9
6
176
87
11
130
183
147
3
165
9
6
176
87
11
130
183
147
3
165
9
6
176
87
11
130
183
147
3
165
9
6
176
87
11
130
183
147
3
165
9
6
176
87
11
130
183
147
3
165
9
6
176
87
11
130
183
147
3
165
9
6
176
87
11
130
183
147
3
165
9
6
176
87
11
130
183
147
3
165
9
6
176
87
11
130
183
147
3
165
9
6
176
87
11
130
183
147
3
165
9
6
176
87
11
130
183
147
3
165
9
6
176
87
11
130
183
147
3
165
9
6
176
87
11
130
183
147
3
165
9
6
176
87
11
130
183
147
3
165
9
6
176
87
11
130
183
147
3
165
9
6
176
87
11
130
183
147
3
165
9
6
176
87
11
130
183
147
3
165
9
6
176
87
11
130
183
147
3
165
9
6
176
87
11
130
183
147
3
165
9
6
176
87
11
130
183
147
3
165
9
6
176
87
11
130
183
147
3
165
9
6
176
87
11
130
183
147
3
165
9
6
176
87
11
130
183
147
3
165
9
6
176
87
11
130
183
147
3
165
9
6
176
87
11
130
183
147
3
165
9
6
176
87
11
130
183
147
3
165
9
6
176
87
11
130
183
147
3
165
9
6
176
87
11
130
183
147
3
165
9
6
176
87
11
130
183
147
3
165
9
6
176
87
11
130
183
147
3
165
9
6
176
87
11
130
183
147
3
165
9
6
176
87
11
130
183
147
3
165
9
6
176
87
11
130
183
147
3
165
9
6
176
87
11
130
183
147
3
165
9
6
176
87
11
130
183
147
3
165
9
6
176
87
11
130
183
147
3
165
9
6
176
87
11
130
183
147
3
165
9
6
176
87
11
130
183
147
3
165
9
6
176
87
11
130
183
147
3
165
9
6
176
87
11
130
183
147