3
165
9
6
164
176
189
87
130
147
3
165
9
6
164
176
189
87
130
147
3
165
9
6
164
176
189
87
130
147
3
165
9
6
164
176
189
87
130
147
3
165
9
6
164
176
189
87
130
147
3
165
9
6
164
176
189
87
130
147
3
165
9
6
164
176
189
87
130
147
3
165
9
6
164
176
189
87
130
147
3
165
9
6
164
176
189
87
130
147
3
165
9
6
164
176
189
87
130
147
3
165
9
6
164
176
189
87
130
147
3
165
9
6
164
176
189
87
130
147
3
165
9
6
164
176
189
87
130
147
3
165
9
6
164
176
189
87
130
147
3
165
9
6
164
176
189
87
130
147
3
165
9
6
164
176
189
87
130
147
3
165
9
6
164
176
189
87
130
147
3
165
9
6
164
176
189
87
130
147
3
165
9
6
164
176
189
87
130
147
3
165
9
6
164
176
189
87
130
147
3
165
9
6
164
176
189
87
130
147
3
165
9
6
164
176
189
87
130
147
3
165
9
6
164
176
189
87
130
147
3
165
9
6
164
176
189
87
130
147
3
165
9
6
164
176
189
87
130
147
3
165
9
6
164
176
189
87
130
147
3
165
9
6
164
176
189
87
130
147
3
165
9
6
164
176
189
87
130
147
3
165
9
6
164
176
189
87
130
147
3
165
9
6
164
176
189
87
130
147
3
165
9
6
164
176
189
87
130
147
3
165
9
6
164
176
189
87
130
147
3
165
9
6
164
176
189
87
130
147
3
165
9
6
164
176
189
87
130
147
3
165
9
6
164
176
189
87
130
147
3
165
9
6
164
176
189
87
130
147
3
165
9
6
164
176
189
87
130
147
3
165
9
6
164
176
189
87
130
147
3
165
9
6
164
176
189
87
130
147
3
165
9
6
164
176
189
87
130
147
3
165
9
6
164
176
189
87
130
147
3
165
9
6
164
176
189
87
130
147
3
165
9
6
164
176
189
87
130
147
3
165
9
6
164
176
189
87
130
147
3
165
9
6
164
176
189
87
130
147
3
165
9
6
164
176
189
87
130
147
3
165
9
6
164
176
189
87
130
147
3
165
9
6
164
176
189
87
130
147
3
165
9
6
164
176
189
87
130
147
3
165
9
6
164
176
189
87
130
147