3
165
9
6
164
176
87
130
183
147
3
165
9
6
164
176
87
130
183
147
3
165
9
6
164
176
87
130
183
147
3
165
9
6
164
176
87
130
183
147
3
165
9
6
164
176
87
130
183
147
3
165
9
6
164
176
87
130
183
147
3
165
9
6
164
176
87
130
183
147
3
165
9
6
164
176
87
130
183
147
3
165
9
6
164
176
87
130
183
147
3
165
9
6
164
176
87
130
183
147
3
165
9
6
164
176
87
130
183
147
3
165
9
6
164
176
87
130
183
147
3
165
9
6
164
176
87
130
183
147
3
165
9
6
164
176
87
130
183
147
3
165
9
6
164
176
87
130
183
147
3
165
9
6
164
176
87
130
183
147
3
165
9
6
164
176
87
130
183
147
3
165
9
6
164
176
87
130
183
147
3
165
9
6
164
176
87
130
183
147
3
165
9
6
164
176
87
130
183
147
3
165
9
6
164
176
87
130
183
147
3
165
9
6
164
176
87
130
183
147
3
165
9
6
164
176
87
130
183
147
3
165
9
6
164
176
87
130
183
147
3
165
9
6
164
176
87
130
183
147
3
165
9
6
164
176
87
130
183
147
3
165
9
6
164
176
87
130
183
147
3
165
9
6
164
176
87
130
183
147
3
165
9
6
164
176
87
130
183
147
3
165
9
6
164
176
87
130
183
147
3
165
9
6
164
176
87
130
183
147
3
165
9
6
164
176
87
130
183
147
3
165
9
6
164
176
87
130
183
147
3
165
9
6
164
176
87
130
183
147
3
165
9
6
164
176
87
130
183
147
3
165
9
6
164
176
87
130
183
147
3
165
9
6
164
176
87
130
183
147
3
165
9
6
164
176
87
130
183
147
3
165
9
6
164
176
87
130
183
147
3
165
9
6
164
176
87
130
183
147
3
165
9
6
164
176
87
130
183
147
3
165
9
6
164
176
87
130
183
147
3
165
9
6
164
176
87
130
183
147
3
165
9
6
164
176
87
130
183
147
3
165
9
6
164
176
87
130
183
147
3
165
9
6
164
176
87
130
183
147
3
165
9
6
164
176
87
130
183
147
3
165
9
6
164
176
87
130
183
147
3
165
9
6
164
176
87
130
183
147
3
165
9
6
164
176
87
130
183
147