3
9
6
176
11
87
189
147
130
183
3
9
6
176
11
87
189
147
130
183
3
9
6
176
11
87
189
147
130
183
3
9
6
176
11
87
189
147
130
183
3
9
6
176
11
87
189
147
130
183
3
9
6
176
11
87
189
147
130
183
3
9
6
176
11
87
189
147
130
183
3
9
6
176
11
87
189
147
130
183
3
9
6
176
11
87
189
147
130
183
3
9
6
176
11
87
189
147
130
183
3
9
6
176
11
87
189
147
130
183
3
9
6
176
11
87
189
147
130
183
3
9
6
176
11
87
189
147
130
183
3
9
6
176
11
87
189
147
130
183
3
9
6
176
11
87
189
147
130
183
3
9
6
176
11
87
189
147
130
183
3
9
6
176
11
87
189
147
130
183
3
9
6
176
11
87
189
147
130
183
3
9
6
176
11
87
189
147
130
183
3
9
6
176
11
87
189
147
130
183
3
9
6
176
11
87
189
147
130
183
3
9
6
176
11
87
189
147
130
183
3
9
6
176
11
87
189
147
130
183
3
9
6
176
11
87
189
147
130
183
3
9
6
176
11
87
189
147
130
183
3
9
6
176
11
87
189
147
130
183
3
9
6
176
11
87
189
147
130
183
3
9
6
176
11
87
189
147
130
183
3
9
6
176
11
87
189
147
130
183
3
9
6
176
11
87
189
147
130
183
3
9
6
176
11
87
189
147
130
183
3
9
6
176
11
87
189
147
130
183
3
9
6
176
11
87
189
147
130
183
3
9
6
176
11
87
189
147
130
183
3
9
6
176
11
87
189
147
130
183
3
9
6
176
11
87
189
147
130
183
3
9
6
176
11
87
189
147
130
183
3
9
6
176
11
87
189
147
130
183
3
9
6
176
11
87
189
147
130
183
3
9
6
176
11
87
189
147
130
183
3
9
6
176
11
87
189
147
130
183
3
9
6
176
11
87
189
147
130
183
3
9
6
176
11
87
189
147
130
183
3
9
6
176
11
87
189
147
130
183
3
9
6
176
11
87
189
147
130
183
3
9
6
176
11
87
189
147
130
183
3
9
6
176
11
87
189
147
130
183
3
9
6
176
11
87
189
147
130
183
3
9
6
176
11
87
189
147
130
183
3
9
6
176
11
87
189
147
130
183