165
9
164
176
189
87
11
130
183
147
165
9
164
176
189
87
11
130
183
147
165
9
164
176
189
87
11
130
183
147
165
9
164
176
189
87
11
130
183
147
165
9
164
176
189
87
11
130
183
147
165
9
164
176
189
87
11
130
183
147
165
9
164
176
189
87
11
130
183
147
165
9
164
176
189
87
11
130
183
147
165
9
164
176
189
87
11
130
183
147
165
9
164
176
189
87
11
130
183
147
165
9
164
176
189
87
11
130
183
147
165
9
164
176
189
87
11
130
183
147
165
9
164
176
189
87
11
130
183
147
165
9
164
176
189
87
11
130
183
147
165
9
164
176
189
87
11
130
183
147
165
9
164
176
189
87
11
130
183
147
165
9
164
176
189
87
11
130
183
147
165
9
164
176
189
87
11
130
183
147
165
9
164
176
189
87
11
130
183
147
165
9
164
176
189
87
11
130
183
147
165
9
164
176
189
87
11
130
183
147
165
9
164
176
189
87
11
130
183
147
165
9
164
176
189
87
11
130
183
147
165
9
164
176
189
87
11
130
183
147
165
9
164
176
189
87
11
130
183
147
165
9
164
176
189
87
11
130
183
147
165
9
164
176
189
87
11
130
183
147
165
9
164
176
189
87
11
130
183
147
165
9
164
176
189
87
11
130
183
147
165
9
164
176
189
87
11
130
183
147
165
9
164
176
189
87
11
130
183
147
165
9
164
176
189
87
11
130
183
147
165
9
164
176
189
87
11
130
183
147
165
9
164
176
189
87
11
130
183
147
165
9
164
176
189
87
11
130
183
147
165
9
164
176
189
87
11
130
183
147
165
9
164
176
189
87
11
130
183
147
165
9
164
176
189
87
11
130
183
147
165
9
164
176
189
87
11
130
183
147
165
9
164
176
189
87
11
130
183
147
165
9
164
176
189
87
11
130
183
147
165
9
164
176
189
87
11
130
183
147
165
9
164
176
189
87
11
130
183
147
165
9
164
176
189
87
11
130
183
147
165
9
164
176
189
87
11
130
183
147
165
9
164
176
189
87
11
130
183
147
165
9
164
176
189
87
11
130
183
147
165
9
164
176
189
87
11
130
183
147
165
9
164
176
189
87
11
130
183
147
165
9
164
176
189
87
11
130
183
147