3
165
9
6
164
176
87
11
130
183
3
165
9
6
164
176
87
11
130
183
3
165
9
6
164
176
87
11
130
183
3
165
9
6
164
176
87
11
130
183
3
165
9
6
164
176
87
11
130
183
3
165
9
6
164
176
87
11
130
183
3
165
9
6
164
176
87
11
130
183
3
165
9
6
164
176
87
11
130
183
3
165
9
6
164
176
87
11
130
183
3
165
9
6
164
176
87
11
130
183
3
165
9
6
164
176
87
11
130
183
3
165
9
6
164
176
87
11
130
183
3
165
9
6
164
176
87
11
130
183
3
165
9
6
164
176
87
11
130
183
3
165
9
6
164
176
87
11
130
183
3
165
9
6
164
176
87
11
130
183
3
165
9
6
164
176
87
11
130
183
3
165
9
6
164
176
87
11
130
183
3
165
9
6
164
176
87
11
130
183
3
165
9
6
164
176
87
11
130
183
3
165
9
6
164
176
87
11
130
183
3
165
9
6
164
176
87
11
130
183
3
165
9
6
164
176
87
11
130
183
3
165
9
6
164
176
87
11
130
183
3
165
9
6
164
176
87
11
130
183
3
165
9
6
164
176
87
11
130
183
3
165
9
6
164
176
87
11
130
183
3
165
9
6
164
176
87
11
130
183
3
165
9
6
164
176
87
11
130
183
3
165
9
6
164
176
87
11
130
183
3
165
9
6
164
176
87
11
130
183
3
165
9
6
164
176
87
11
130
183
3
165
9
6
164
176
87
11
130
183
3
165
9
6
164
176
87
11
130
183
3
165
9
6
164
176
87
11
130
183
3
165
9
6
164
176
87
11
130
183
3
165
9
6
164
176
87
11
130
183
3
165
9
6
164
176
87
11
130
183
3
165
9
6
164
176
87
11
130
183
3
165
9
6
164
176
87
11
130
183
3
165
9
6
164
176
87
11
130
183
3
165
9
6
164
176
87
11
130
183
3
165
9
6
164
176
87
11
130
183
3
165
9
6
164
176
87
11
130
183
3
165
9
6
164
176
87
11
130
183
3
165
9
6
164
176
87
11
130
183
3
165
9
6
164
176
87
11
130
183
3
165
9
6
164
176
87
11
130
183
3
165
9
6
164
176
87
11
130
183
3
165
9
6
164
176
87
11
130
183