37
39
142
192
67
135
98
146
323
271
37
39
142
192
67
135
98
146
323
271
37
39
142
192
67
135
98
146
323
271
37
39
142
192
67
135
98
146
323
271
37
39
142
192
67
135
98
146
323
271
37
39
142
192
67
135
98
146
323
271
37
39
142
192
67
135
98
146
323
271
37
39
142
192
67
135
98
146
323
271
37
39
142
192
67
135
98
146
323
271
37
39
142
192
67
135
98
146
323
271
37
39
142
192
67
135
98
146
323
271
37
39
142
192
67
135
98
146
323
271
37
39
142
192
67
135
98
146
323
271
37
39
142
192
67
135
98
146
323
271
37
39
142
192
67
135
98
146
323
271
37
39
142
192
67
135
98
146
323
271
37
39
142
192
67
135
98
146
323
271
37
39
142
192
67
135
98
146
323
271
37
39
142
192
67
135
98
146
323
271
37
39
142
192
67
135
98
146
323
271
37
39
142
192
67
135
98
146
323
271
37
39
142
192
67
135
98
146
323
271
37
39
142
192
67
135
98
146
323
271
37
39
142
192
67
135
98
146
323
271
37
39
142
192
67
135
98
146
323
271
37
39
142
192
67
135
98
146
323
271
37
39
142
192
67
135
98
146
323
271
37
39
142
192
67
135
98
146
323
271
37
39
142
192
67
135
98
146
323
271
37
39
142
192
67
135
98
146
323
271
37
39
142
192
67
135
98
146
323
271
37
39
142
192
67
135
98
146
323
271
37
39
142
192
67
135
98
146
323
271
37
39
142
192
67
135
98
146
323
271
37
39
142
192
67
135
98
146
323
271
37
39
142
192
67
135
98
146
323
271
37
39
142
192
67
135
98
146
323
271
37
39
142
192
67
135
98
146
323
271
37
39
142
192
67
135
98
146
323
271
37
39
142
192
67
135
98
146
323
271
37
39
142
192
67
135
98
146
323
271
37
39
142
192
67
135
98
146
323
271
37
39
142
192
67
135
98
146
323
271
37
39
142
192
67
135
98
146
323
271
37
39
142
192
67
135
98
146
323
271
37
39
142
192
67
135
98
146
323
271
37
39
142
192
67
135
98
146
323
271
37
39
142
192
67
135
98
146
323
271
37
39
142
192
67
135
98
146
323
271
37
39
142
192
67
135
98
146
323
271