37
39
142
192
98
247
146
323
271
189
37
39
142
192
98
247
146
323
271
189
37
39
142
192
98
247
146
323
271
189
37
39
142
192
98
247
146
323
271
189
37
39
142
192
98
247
146
323
271
189
37
39
142
192
98
247
146
323
271
189
37
39
142
192
98
247
146
323
271
189
37
39
142
192
98
247
146
323
271
189
37
39
142
192
98
247
146
323
271
189
37
39
142
192
98
247
146
323
271
189
37
39
142
192
98
247
146
323
271
189
37
39
142
192
98
247
146
323
271
189
37
39
142
192
98
247
146
323
271
189
37
39
142
192
98
247
146
323
271
189
37
39
142
192
98
247
146
323
271
189
37
39
142
192
98
247
146
323
271
189
37
39
142
192
98
247
146
323
271
189
37
39
142
192
98
247
146
323
271
189
37
39
142
192
98
247
146
323
271
189
37
39
142
192
98
247
146
323
271
189
37
39
142
192
98
247
146
323
271
189
37
39
142
192
98
247
146
323
271
189
37
39
142
192
98
247
146
323
271
189
37
39
142
192
98
247
146
323
271
189
37
39
142
192
98
247
146
323
271
189
37
39
142
192
98
247
146
323
271
189
37
39
142
192
98
247
146
323
271
189
37
39
142
192
98
247
146
323
271
189
37
39
142
192
98
247
146
323
271
189
37
39
142
192
98
247
146
323
271
189
37
39
142
192
98
247
146
323
271
189
37
39
142
192
98
247
146
323
271
189
37
39
142
192
98
247
146
323
271
189
37
39
142
192
98
247
146
323
271
189
37
39
142
192
98
247
146
323
271
189
37
39
142
192
98
247
146
323
271
189
37
39
142
192
98
247
146
323
271
189
37
39
142
192
98
247
146
323
271
189
37
39
142
192
98
247
146
323
271
189
37
39
142
192
98
247
146
323
271
189
37
39
142
192
98
247
146
323
271
189
37
39
142
192
98
247
146
323
271
189
37
39
142
192
98
247
146
323
271
189
37
39
142
192
98
247
146
323
271
189
37
39
142
192
98
247
146
323
271
189
37
39
142
192
98
247
146
323
271
189
37
39
142
192
98
247
146
323
271
189
37
39
142
192
98
247
146
323
271
189
37
39
142
192
98
247
146
323
271
189
37
39
142
192
98
247
146
323
271
189