37
39
142
67
135
247
146
323
271
189
37
39
142
67
135
247
146
323
271
189
37
39
142
67
135
247
146
323
271
189
37
39
142
67
135
247
146
323
271
189
37
39
142
67
135
247
146
323
271
189
37
39
142
67
135
247
146
323
271
189
37
39
142
67
135
247
146
323
271
189
37
39
142
67
135
247
146
323
271
189
37
39
142
67
135
247
146
323
271
189
37
39
142
67
135
247
146
323
271
189
37
39
142
67
135
247
146
323
271
189
37
39
142
67
135
247
146
323
271
189
37
39
142
67
135
247
146
323
271
189
37
39
142
67
135
247
146
323
271
189
37
39
142
67
135
247
146
323
271
189
37
39
142
67
135
247
146
323
271
189
37
39
142
67
135
247
146
323
271
189
37
39
142
67
135
247
146
323
271
189
37
39
142
67
135
247
146
323
271
189
37
39
142
67
135
247
146
323
271
189
37
39
142
67
135
247
146
323
271
189
37
39
142
67
135
247
146
323
271
189
37
39
142
67
135
247
146
323
271
189
37
39
142
67
135
247
146
323
271
189
37
39
142
67
135
247
146
323
271
189
37
39
142
67
135
247
146
323
271
189
37
39
142
67
135
247
146
323
271
189
37
39
142
67
135
247
146
323
271
189
37
39
142
67
135
247
146
323
271
189
37
39
142
67
135
247
146
323
271
189
37
39
142
67
135
247
146
323
271
189
37
39
142
67
135
247
146
323
271
189
37
39
142
67
135
247
146
323
271
189
37
39
142
67
135
247
146
323
271
189
37
39
142
67
135
247
146
323
271
189
37
39
142
67
135
247
146
323
271
189
37
39
142
67
135
247
146
323
271
189
37
39
142
67
135
247
146
323
271
189
37
39
142
67
135
247
146
323
271
189
37
39
142
67
135
247
146
323
271
189
37
39
142
67
135
247
146
323
271
189
37
39
142
67
135
247
146
323
271
189
37
39
142
67
135
247
146
323
271
189
37
39
142
67
135
247
146
323
271
189
37
39
142
67
135
247
146
323
271
189
37
39
142
67
135
247
146
323
271
189
37
39
142
67
135
247
146
323
271
189
37
39
142
67
135
247
146
323
271
189
37
39
142
67
135
247
146
323
271
189
37
39
142
67
135
247
146
323
271
189