37
142
192
67
135
98
247
146
271
189
37
142
192
67
135
98
247
146
271
189
37
142
192
67
135
98
247
146
271
189
37
142
192
67
135
98
247
146
271
189
37
142
192
67
135
98
247
146
271
189
37
142
192
67
135
98
247
146
271
189
37
142
192
67
135
98
247
146
271
189
37
142
192
67
135
98
247
146
271
189
37
142
192
67
135
98
247
146
271
189
37
142
192
67
135
98
247
146
271
189
37
142
192
67
135
98
247
146
271
189
37
142
192
67
135
98
247
146
271
189
37
142
192
67
135
98
247
146
271
189
37
142
192
67
135
98
247
146
271
189
37
142
192
67
135
98
247
146
271
189
37
142
192
67
135
98
247
146
271
189
37
142
192
67
135
98
247
146
271
189
37
142
192
67
135
98
247
146
271
189
37
142
192
67
135
98
247
146
271
189
37
142
192
67
135
98
247
146
271
189
37
142
192
67
135
98
247
146
271
189
37
142
192
67
135
98
247
146
271
189
37
142
192
67
135
98
247
146
271
189
37
142
192
67
135
98
247
146
271
189
37
142
192
67
135
98
247
146
271
189
37
142
192
67
135
98
247
146
271
189
37
142
192
67
135
98
247
146
271
189
37
142
192
67
135
98
247
146
271
189
37
142
192
67
135
98
247
146
271
189
37
142
192
67
135
98
247
146
271
189
37
142
192
67
135
98
247
146
271
189
37
142
192
67
135
98
247
146
271
189
37
142
192
67
135
98
247
146
271
189
37
142
192
67
135
98
247
146
271
189
37
142
192
67
135
98
247
146
271
189
37
142
192
67
135
98
247
146
271
189
37
142
192
67
135
98
247
146
271
189
37
142
192
67
135
98
247
146
271
189
37
142
192
67
135
98
247
146
271
189
37
142
192
67
135
98
247
146
271
189
37
142
192
67
135
98
247
146
271
189
37
142
192
67
135
98
247
146
271
189
37
142
192
67
135
98
247
146
271
189
37
142
192
67
135
98
247
146
271
189
37
142
192
67
135
98
247
146
271
189
37
142
192
67
135
98
247
146
271
189
37
142
192
67
135
98
247
146
271
189
37
142
192
67
135
98
247
146
271
189
37
142
192
67
135
98
247
146
271
189
37
142
192
67
135
98
247
146
271
189