21
33
40
30
23
21
33
40
30
23
21
33
40
30
23
21
33
40
30
23
21
33
40
30
23
21
33
40
30
23
21
33
40
30
23
21
33
40
30
23
21
33
40
30
23
21
33
40
30
23
21
33
40
30
23
21
33
40
30
23
21
33
40
30
23
21
33
40
30
23
21
33
40
30
23
21
33
40
30
23
21
33
40
30
23
21
33
40
30
23
21
33
40
30
23
21
33
40
30
23
21
33
40
30
23
21
33
40
30
23
21
33
40
30
23
21
33
40
30
23
21
33
40
30
23
21
33
40
30
23
21
33
40
30
23
21
33
40
30
23
21
33
40
30
23
21
33
40
30
23
21
33
40
30
23
21
33
40
30
23
21
33
40
30
23
21
33
40
30
23
21
33
40
30
23
21
33
40
30
23
21
33
40
30
23
21
33
40
30
23
21
33
40
30
23
21
33
40
30
23
21
33
40
30
23
21
33
40
30
23
21
33
40
30
23
21
33
40
30
23
21
33
40
30
23
21
33
40
30
23
21
33
40
30
23
21
33
40
30
23
21
33
40
30
23
21
33
40
30
23