24
23
1
21
30
24
23
1
21
30
24
23
1
21
30
24
23
1
21
30
24
23
1
21
30
24
23
1
21
30
24
23
1
21
30
24
23
1
21
30
24
23
1
21
30
24
23
1
21
30
24
23
1
21
30
24
23
1
21
30
24
23
1
21
30
24
23
1
21
30
24
23
1
21
30
24
23
1
21
30
24
23
1
21
30
24
23
1
21
30
24
23
1
21
30
24
23
1
21
30
24
23
1
21
30
24
23
1
21
30
24
23
1
21
30
24
23
1
21
30
24
23
1
21
30
24
23
1
21
30
24
23
1
21
30
24
23
1
21
30
24
23
1
21
30
24
23
1
21
30
24
23
1
21
30
24
23
1
21
30
24
23
1
21
30
24
23
1
21
30
24
23
1
21
30
24
23
1
21
30
24
23
1
21
30
24
23
1
21
30
24
23
1
21
30
24
23
1
21
30
24
23
1
21
30
24
23
1
21
30
24
23
1
21
30
24
23
1
21
30
24
23
1
21
30
24
23
1
21
30
24
23
1
21
30
24
23
1
21
30
24
23
1
21
30
24
23
1
21
30