11
40
30
23
43
11
40
30
23
43
11
40
30
23
43
11
40
30
23
43
11
40
30
23
43
11
40
30
23
43
11
40
30
23
43
11
40
30
23
43
11
40
30
23
43
11
40
30
23
43
11
40
30
23
43
11
40
30
23
43
11
40
30
23
43
11
40
30
23
43
11
40
30
23
43
11
40
30
23
43
11
40
30
23
43
11
40
30
23
43
11
40
30
23
43
11
40
30
23
43
11
40
30
23
43
11
40
30
23
43
11
40
30
23
43
11
40
30
23
43
11
40
30
23
43
11
40
30
23
43
11
40
30
23
43
11
40
30
23
43
11
40
30
23
43
11
40
30
23
43
11
40
30
23
43
11
40
30
23
43
11
40
30
23
43
11
40
30
23
43
11
40
30
23
43
11
40
30
23
43
11
40
30
23
43
11
40
30
23
43
11
40
30
23
43
11
40
30
23
43
11
40
30
23
43
11
40
30
23
43
11
40
30
23
43
11
40
30
23
43
11
40
30
23
43
11
40
30
23
43
11
40
30
23
43
11
40
30
23
43
11
40
30
23
43
11
40
30
23
43