33
1
43
23
13
33
1
43
23
13
33
1
43
23
13
33
1
43
23
13
33
1
43
23
13
33
1
43
23
13
33
1
43
23
13
33
1
43
23
13
33
1
43
23
13
33
1
43
23
13
33
1
43
23
13
33
1
43
23
13
33
1
43
23
13
33
1
43
23
13
33
1
43
23
13
33
1
43
23
13
33
1
43
23
13
33
1
43
23
13
33
1
43
23
13
33
1
43
23
13
33
1
43
23
13
33
1
43
23
13
33
1
43
23
13
33
1
43
23
13
33
1
43
23
13
33
1
43
23
13
33
1
43
23
13
33
1
43
23
13
33
1
43
23
13
33
1
43
23
13
33
1
43
23
13
33
1
43
23
13
33
1
43
23
13
33
1
43
23
13
33
1
43
23
13
33
1
43
23
13
33
1
43
23
13
33
1
43
23
13
33
1
43
23
13
33
1
43
23
13
33
1
43
23
13
33
1
43
23
13
33
1
43
23
13
33
1
43
23
13
33
1
43
23
13
33
1
43
23
13
33
1
43
23
13
33
1
43
23
13
33
1
43
23
13
33
1
43
23
13