11
13
24
1
30
11
13
24
1
30
11
13
24
1
30
11
13
24
1
30
11
13
24
1
30
11
13
24
1
30
11
13
24
1
30
11
13
24
1
30
11
13
24
1
30
11
13
24
1
30
11
13
24
1
30
11
13
24
1
30
11
13
24
1
30
11
13
24
1
30
11
13
24
1
30
11
13
24
1
30
11
13
24
1
30
11
13
24
1
30
11
13
24
1
30
11
13
24
1
30
11
13
24
1
30
11
13
24
1
30
11
13
24
1
30
11
13
24
1
30
11
13
24
1
30
11
13
24
1
30
11
13
24
1
30
11
13
24
1
30
11
13
24
1
30
11
13
24
1
30
11
13
24
1
30
11
13
24
1
30
11
13
24
1
30
11
13
24
1
30
11
13
24
1
30
11
13
24
1
30
11
13
24
1
30
11
13
24
1
30
11
13
24
1
30
11
13
24
1
30
11
13
24
1
30
11
13
24
1
30
11
13
24
1
30
11
13
24
1
30
11
13
24
1
30
11
13
24
1
30
11
13
24
1
30
11
13
24
1
30
11
13
24
1
30
11
13
24
1
30