43
11
33
24
23
43
11
33
24
23
43
11
33
24
23
43
11
33
24
23
43
11
33
24
23
43
11
33
24
23
43
11
33
24
23
43
11
33
24
23
43
11
33
24
23
43
11
33
24
23
43
11
33
24
23
43
11
33
24
23
43
11
33
24
23
43
11
33
24
23
43
11
33
24
23
43
11
33
24
23
43
11
33
24
23
43
11
33
24
23
43
11
33
24
23
43
11
33
24
23
43
11
33
24
23
43
11
33
24
23
43
11
33
24
23
43
11
33
24
23
43
11
33
24
23
43
11
33
24
23
43
11
33
24
23
43
11
33
24
23
43
11
33
24
23
43
11
33
24
23
43
11
33
24
23
43
11
33
24
23
43
11
33
24
23
43
11
33
24
23
43
11
33
24
23
43
11
33
24
23
43
11
33
24
23
43
11
33
24
23
43
11
33
24
23
43
11
33
24
23
43
11
33
24
23
43
11
33
24
23
43
11
33
24
23
43
11
33
24
23
43
11
33
24
23
43
11
33
24
23
43
11
33
24
23
43
11
33
24
23
43
11
33
24
23
43
11
33
24
23