21
24
33
40
13
21
24
33
40
13
21
24
33
40
13
21
24
33
40
13
21
24
33
40
13
21
24
33
40
13
21
24
33
40
13
21
24
33
40
13
21
24
33
40
13
21
24
33
40
13
21
24
33
40
13
21
24
33
40
13
21
24
33
40
13
21
24
33
40
13
21
24
33
40
13
21
24
33
40
13
21
24
33
40
13
21
24
33
40
13
21
24
33
40
13
21
24
33
40
13
21
24
33
40
13
21
24
33
40
13
21
24
33
40
13
21
24
33
40
13
21
24
33
40
13
21
24
33
40
13
21
24
33
40
13
21
24
33
40
13
21
24
33
40
13
21
24
33
40
13
21
24
33
40
13
21
24
33
40
13
21
24
33
40
13
21
24
33
40
13
21
24
33
40
13
21
24
33
40
13
21
24
33
40
13
21
24
33
40
13
21
24
33
40
13
21
24
33
40
13
21
24
33
40
13
21
24
33
40
13
21
24
33
40
13
21
24
33
40
13
21
24
33
40
13
21
24
33
40
13
21
24
33
40
13
21
24
33
40
13
21
24
33
40
13
21
24
33
40
13