13
21
1
24
11
13
21
1
24
11
13
21
1
24
11
13
21
1
24
11
13
21
1
24
11
13
21
1
24
11
13
21
1
24
11
13
21
1
24
11
13
21
1
24
11
13
21
1
24
11
13
21
1
24
11
13
21
1
24
11
13
21
1
24
11
13
21
1
24
11
13
21
1
24
11
13
21
1
24
11
13
21
1
24
11
13
21
1
24
11
13
21
1
24
11
13
21
1
24
11
13
21
1
24
11
13
21
1
24
11
13
21
1
24
11
13
21
1
24
11
13
21
1
24
11
13
21
1
24
11
13
21
1
24
11
13
21
1
24
11
13
21
1
24
11
13
21
1
24
11
13
21
1
24
11
13
21
1
24
11
13
21
1
24
11
13
21
1
24
11
13
21
1
24
11
13
21
1
24
11
13
21
1
24
11
13
21
1
24
11
13
21
1
24
11
13
21
1
24
11
13
21
1
24
11
13
21
1
24
11
13
21
1
24
11
13
21
1
24
11
13
21
1
24
11
13
21
1
24
11
13
21
1
24
11
13
21
1
24
11
13
21
1
24
11
13
21
1
24
11