40
33
11
23
24
40
33
11
23
24
40
33
11
23
24
40
33
11
23
24
40
33
11
23
24
40
33
11
23
24
40
33
11
23
24
40
33
11
23
24
40
33
11
23
24
40
33
11
23
24
40
33
11
23
24
40
33
11
23
24
40
33
11
23
24
40
33
11
23
24
40
33
11
23
24
40
33
11
23
24
40
33
11
23
24
40
33
11
23
24
40
33
11
23
24
40
33
11
23
24
40
33
11
23
24
40
33
11
23
24
40
33
11
23
24
40
33
11
23
24
40
33
11
23
24
40
33
11
23
24
40
33
11
23
24
40
33
11
23
24
40
33
11
23
24
40
33
11
23
24
40
33
11
23
24
40
33
11
23
24
40
33
11
23
24
40
33
11
23
24
40
33
11
23
24
40
33
11
23
24
40
33
11
23
24
40
33
11
23
24
40
33
11
23
24
40
33
11
23
24
40
33
11
23
24
40
33
11
23
24
40
33
11
23
24
40
33
11
23
24
40
33
11
23
24
40
33
11
23
24
40
33
11
23
24
40
33
11
23
24
40
33
11
23
24
40
33
11
23
24