24
11
13
40
1
24
11
13
40
1
24
11
13
40
1
24
11
13
40
1
24
11
13
40
1
24
11
13
40
1
24
11
13
40
1
24
11
13
40
1
24
11
13
40
1
24
11
13
40
1
24
11
13
40
1
24
11
13
40
1
24
11
13
40
1
24
11
13
40
1
24
11
13
40
1
24
11
13
40
1
24
11
13
40
1
24
11
13
40
1
24
11
13
40
1
24
11
13
40
1
24
11
13
40
1
24
11
13
40
1
24
11
13
40
1
24
11
13
40
1
24
11
13
40
1
24
11
13
40
1
24
11
13
40
1
24
11
13
40
1
24
11
13
40
1
24
11
13
40
1
24
11
13
40
1
24
11
13
40
1
24
11
13
40
1
24
11
13
40
1
24
11
13
40
1
24
11
13
40
1
24
11
13
40
1
24
11
13
40
1
24
11
13
40
1
24
11
13
40
1
24
11
13
40
1
24
11
13
40
1
24
11
13
40
1
24
11
13
40
1
24
11
13
40
1
24
11
13
40
1
24
11
13
40
1
24
11
13
40
1
24
11
13
40
1
24
11
13
40
1