1
33
11
13
40
1
33
11
13
40
1
33
11
13
40
1
33
11
13
40
1
33
11
13
40
1
33
11
13
40
1
33
11
13
40
1
33
11
13
40
1
33
11
13
40
1
33
11
13
40
1
33
11
13
40
1
33
11
13
40
1
33
11
13
40
1
33
11
13
40
1
33
11
13
40
1
33
11
13
40
1
33
11
13
40
1
33
11
13
40
1
33
11
13
40
1
33
11
13
40
1
33
11
13
40
1
33
11
13
40
1
33
11
13
40
1
33
11
13
40
1
33
11
13
40
1
33
11
13
40
1
33
11
13
40
1
33
11
13
40
1
33
11
13
40
1
33
11
13
40
1
33
11
13
40
1
33
11
13
40
1
33
11
13
40
1
33
11
13
40
1
33
11
13
40
1
33
11
13
40
1
33
11
13
40
1
33
11
13
40
1
33
11
13
40
1
33
11
13
40
1
33
11
13
40
1
33
11
13
40
1
33
11
13
40
1
33
11
13
40
1
33
11
13
40
1
33
11
13
40
1
33
11
13
40
1
33
11
13
40
1
33
11
13
40
1
33
11
13
40