43
1
23
11
24
43
1
23
11
24
43
1
23
11
24
43
1
23
11
24
43
1
23
11
24
43
1
23
11
24
43
1
23
11
24
43
1
23
11
24
43
1
23
11
24
43
1
23
11
24
43
1
23
11
24
43
1
23
11
24
43
1
23
11
24
43
1
23
11
24
43
1
23
11
24
43
1
23
11
24
43
1
23
11
24
43
1
23
11
24
43
1
23
11
24
43
1
23
11
24
43
1
23
11
24
43
1
23
11
24
43
1
23
11
24
43
1
23
11
24
43
1
23
11
24
43
1
23
11
24
43
1
23
11
24
43
1
23
11
24
43
1
23
11
24
43
1
23
11
24
43
1
23
11
24
43
1
23
11
24
43
1
23
11
24
43
1
23
11
24
43
1
23
11
24
43
1
23
11
24
43
1
23
11
24
43
1
23
11
24
43
1
23
11
24
43
1
23
11
24
43
1
23
11
24
43
1
23
11
24
43
1
23
11
24
43
1
23
11
24
43
1
23
11
24
43
1
23
11
24
43
1
23
11
24
43
1
23
11
24
43
1
23
11
24
43
1
23
11
24