30
23
21
40
24
30
23
21
40
24
30
23
21
40
24
30
23
21
40
24
30
23
21
40
24
30
23
21
40
24
30
23
21
40
24
30
23
21
40
24
30
23
21
40
24
30
23
21
40
24
30
23
21
40
24
30
23
21
40
24
30
23
21
40
24
30
23
21
40
24
30
23
21
40
24
30
23
21
40
24
30
23
21
40
24
30
23
21
40
24
30
23
21
40
24
30
23
21
40
24
30
23
21
40
24
30
23
21
40
24
30
23
21
40
24
30
23
21
40
24
30
23
21
40
24
30
23
21
40
24
30
23
21
40
24
30
23
21
40
24
30
23
21
40
24
30
23
21
40
24
30
23
21
40
24
30
23
21
40
24
30
23
21
40
24
30
23
21
40
24
30
23
21
40
24
30
23
21
40
24
30
23
21
40
24
30
23
21
40
24
30
23
21
40
24
30
23
21
40
24
30
23
21
40
24
30
23
21
40
24
30
23
21
40
24
30
23
21
40
24
30
23
21
40
24
30
23
21
40
24
30
23
21
40
24
30
23
21
40
24
30
23
21
40
24
30
23
21
40
24