33
43
11
1
30
33
43
11
1
30
33
43
11
1
30
33
43
11
1
30
33
43
11
1
30
33
43
11
1
30
33
43
11
1
30
33
43
11
1
30
33
43
11
1
30
33
43
11
1
30
33
43
11
1
30
33
43
11
1
30
33
43
11
1
30
33
43
11
1
30
33
43
11
1
30
33
43
11
1
30
33
43
11
1
30
33
43
11
1
30
33
43
11
1
30
33
43
11
1
30
33
43
11
1
30
33
43
11
1
30
33
43
11
1
30
33
43
11
1
30
33
43
11
1
30
33
43
11
1
30
33
43
11
1
30
33
43
11
1
30
33
43
11
1
30
33
43
11
1
30
33
43
11
1
30
33
43
11
1
30
33
43
11
1
30
33
43
11
1
30
33
43
11
1
30
33
43
11
1
30
33
43
11
1
30
33
43
11
1
30
33
43
11
1
30
33
43
11
1
30
33
43
11
1
30
33
43
11
1
30
33
43
11
1
30
33
43
11
1
30
33
43
11
1
30
33
43
11
1
30
33
43
11
1
30
33
43
11
1
30
33
43
11
1
30
33
43
11
1
30