30
40
1
33
24
30
40
1
33
24
30
40
1
33
24
30
40
1
33
24
30
40
1
33
24
30
40
1
33
24
30
40
1
33
24
30
40
1
33
24
30
40
1
33
24
30
40
1
33
24
30
40
1
33
24
30
40
1
33
24
30
40
1
33
24
30
40
1
33
24
30
40
1
33
24
30
40
1
33
24
30
40
1
33
24
30
40
1
33
24
30
40
1
33
24
30
40
1
33
24
30
40
1
33
24
30
40
1
33
24
30
40
1
33
24
30
40
1
33
24
30
40
1
33
24
30
40
1
33
24
30
40
1
33
24
30
40
1
33
24
30
40
1
33
24
30
40
1
33
24
30
40
1
33
24
30
40
1
33
24
30
40
1
33
24
30
40
1
33
24
30
40
1
33
24
30
40
1
33
24
30
40
1
33
24
30
40
1
33
24
30
40
1
33
24
30
40
1
33
24
30
40
1
33
24
30
40
1
33
24
30
40
1
33
24
30
40
1
33
24
30
40
1
33
24
30
40
1
33
24
30
40
1
33
24
30
40
1
33
24
30
40
1
33
24
30
40
1
33
24