33
13
40
23
24
33
13
40
23
24
33
13
40
23
24
33
13
40
23
24
33
13
40
23
24
33
13
40
23
24
33
13
40
23
24
33
13
40
23
24
33
13
40
23
24
33
13
40
23
24
33
13
40
23
24
33
13
40
23
24
33
13
40
23
24
33
13
40
23
24
33
13
40
23
24
33
13
40
23
24
33
13
40
23
24
33
13
40
23
24
33
13
40
23
24
33
13
40
23
24
33
13
40
23
24
33
13
40
23
24
33
13
40
23
24
33
13
40
23
24
33
13
40
23
24
33
13
40
23
24
33
13
40
23
24
33
13
40
23
24
33
13
40
23
24
33
13
40
23
24
33
13
40
23
24
33
13
40
23
24
33
13
40
23
24
33
13
40
23
24
33
13
40
23
24
33
13
40
23
24
33
13
40
23
24
33
13
40
23
24
33
13
40
23
24
33
13
40
23
24
33
13
40
23
24
33
13
40
23
24
33
13
40
23
24
33
13
40
23
24
33
13
40
23
24
33
13
40
23
24
33
13
40
23
24
33
13
40
23
24
33
13
40
23
24
33
13
40
23
24