11
13
1
43
40
11
13
1
43
40
11
13
1
43
40
11
13
1
43
40
11
13
1
43
40
11
13
1
43
40
11
13
1
43
40
11
13
1
43
40
11
13
1
43
40
11
13
1
43
40
11
13
1
43
40
11
13
1
43
40
11
13
1
43
40
11
13
1
43
40
11
13
1
43
40
11
13
1
43
40
11
13
1
43
40
11
13
1
43
40
11
13
1
43
40
11
13
1
43
40
11
13
1
43
40
11
13
1
43
40
11
13
1
43
40
11
13
1
43
40
11
13
1
43
40
11
13
1
43
40
11
13
1
43
40
11
13
1
43
40
11
13
1
43
40
11
13
1
43
40
11
13
1
43
40
11
13
1
43
40
11
13
1
43
40
11
13
1
43
40
11
13
1
43
40
11
13
1
43
40
11
13
1
43
40
11
13
1
43
40
11
13
1
43
40
11
13
1
43
40
11
13
1
43
40
11
13
1
43
40
11
13
1
43
40
11
13
1
43
40
11
13
1
43
40
11
13
1
43
40
11
13
1
43
40
11
13
1
43
40
11
13
1
43
40
11
13
1
43
40