30
43
40
21
33
30
43
40
21
33
30
43
40
21
33
30
43
40
21
33
30
43
40
21
33
30
43
40
21
33
30
43
40
21
33
30
43
40
21
33
30
43
40
21
33
30
43
40
21
33
30
43
40
21
33
30
43
40
21
33
30
43
40
21
33
30
43
40
21
33
30
43
40
21
33
30
43
40
21
33
30
43
40
21
33
30
43
40
21
33
30
43
40
21
33
30
43
40
21
33
30
43
40
21
33
30
43
40
21
33
30
43
40
21
33
30
43
40
21
33
30
43
40
21
33
30
43
40
21
33
30
43
40
21
33
30
43
40
21
33
30
43
40
21
33
30
43
40
21
33
30
43
40
21
33
30
43
40
21
33
30
43
40
21
33
30
43
40
21
33
30
43
40
21
33
30
43
40
21
33
30
43
40
21
33
30
43
40
21
33
30
43
40
21
33
30
43
40
21
33
30
43
40
21
33
30
43
40
21
33
30
43
40
21
33
30
43
40
21
33
30
43
40
21
33
30
43
40
21
33
30
43
40
21
33
30
43
40
21
33
30
43
40
21
33
30
43
40
21
33