1
11
23
21
13
1
11
23
21
13
1
11
23
21
13
1
11
23
21
13
1
11
23
21
13
1
11
23
21
13
1
11
23
21
13
1
11
23
21
13
1
11
23
21
13
1
11
23
21
13
1
11
23
21
13
1
11
23
21
13
1
11
23
21
13
1
11
23
21
13
1
11
23
21
13
1
11
23
21
13
1
11
23
21
13
1
11
23
21
13
1
11
23
21
13
1
11
23
21
13
1
11
23
21
13
1
11
23
21
13
1
11
23
21
13
1
11
23
21
13
1
11
23
21
13
1
11
23
21
13
1
11
23
21
13
1
11
23
21
13
1
11
23
21
13
1
11
23
21
13
1
11
23
21
13
1
11
23
21
13
1
11
23
21
13
1
11
23
21
13
1
11
23
21
13
1
11
23
21
13
1
11
23
21
13
1
11
23
21
13
1
11
23
21
13
1
11
23
21
13
1
11
23
21
13
1
11
23
21
13
1
11
23
21
13
1
11
23
21
13
1
11
23
21
13
1
11
23
21
13
1
11
23
21
13
1
11
23
21
13
1
11
23
21
13
1
11
23
21
13