40
24
21
11
30
40
24
21
11
30
40
24
21
11
30
40
24
21
11
30
40
24
21
11
30
40
24
21
11
30
40
24
21
11
30
40
24
21
11
30
40
24
21
11
30
40
24
21
11
30
40
24
21
11
30
40
24
21
11
30
40
24
21
11
30
40
24
21
11
30
40
24
21
11
30
40
24
21
11
30
40
24
21
11
30
40
24
21
11
30
40
24
21
11
30
40
24
21
11
30
40
24
21
11
30
40
24
21
11
30
40
24
21
11
30
40
24
21
11
30
40
24
21
11
30
40
24
21
11
30
40
24
21
11
30
40
24
21
11
30
40
24
21
11
30
40
24
21
11
30
40
24
21
11
30
40
24
21
11
30
40
24
21
11
30
40
24
21
11
30
40
24
21
11
30
40
24
21
11
30
40
24
21
11
30
40
24
21
11
30
40
24
21
11
30
40
24
21
11
30
40
24
21
11
30
40
24
21
11
30
40
24
21
11
30
40
24
21
11
30
40
24
21
11
30
40
24
21
11
30
40
24
21
11
30
40
24
21
11
30
40
24
21
11
30
40
24
21
11
30