40
24
1
43
11
40
24
1
43
11
40
24
1
43
11
40
24
1
43
11
40
24
1
43
11
40
24
1
43
11
40
24
1
43
11
40
24
1
43
11
40
24
1
43
11
40
24
1
43
11
40
24
1
43
11
40
24
1
43
11
40
24
1
43
11
40
24
1
43
11
40
24
1
43
11
40
24
1
43
11
40
24
1
43
11
40
24
1
43
11
40
24
1
43
11
40
24
1
43
11
40
24
1
43
11
40
24
1
43
11
40
24
1
43
11
40
24
1
43
11
40
24
1
43
11
40
24
1
43
11
40
24
1
43
11
40
24
1
43
11
40
24
1
43
11
40
24
1
43
11
40
24
1
43
11
40
24
1
43
11
40
24
1
43
11
40
24
1
43
11
40
24
1
43
11
40
24
1
43
11
40
24
1
43
11
40
24
1
43
11
40
24
1
43
11
40
24
1
43
11
40
24
1
43
11
40
24
1
43
11
40
24
1
43
11
40
24
1
43
11
40
24
1
43
11
40
24
1
43
11
40
24
1
43
11
40
24
1
43
11
40
24
1
43
11
40
24
1
43
11