40
24
1
13
21
40
24
1
13
21
40
24
1
13
21
40
24
1
13
21
40
24
1
13
21
40
24
1
13
21
40
24
1
13
21
40
24
1
13
21
40
24
1
13
21
40
24
1
13
21
40
24
1
13
21
40
24
1
13
21
40
24
1
13
21
40
24
1
13
21
40
24
1
13
21
40
24
1
13
21
40
24
1
13
21
40
24
1
13
21
40
24
1
13
21
40
24
1
13
21
40
24
1
13
21
40
24
1
13
21
40
24
1
13
21
40
24
1
13
21
40
24
1
13
21
40
24
1
13
21
40
24
1
13
21
40
24
1
13
21
40
24
1
13
21
40
24
1
13
21
40
24
1
13
21
40
24
1
13
21
40
24
1
13
21
40
24
1
13
21
40
24
1
13
21
40
24
1
13
21
40
24
1
13
21
40
24
1
13
21
40
24
1
13
21
40
24
1
13
21
40
24
1
13
21
40
24
1
13
21
40
24
1
13
21
40
24
1
13
21
40
24
1
13
21
40
24
1
13
21
40
24
1
13
21
40
24
1
13
21
40
24
1
13
21
40
24
1
13
21