33
1
11
40
13
33
1
11
40
13
33
1
11
40
13
33
1
11
40
13
33
1
11
40
13
33
1
11
40
13
33
1
11
40
13
33
1
11
40
13
33
1
11
40
13
33
1
11
40
13
33
1
11
40
13
33
1
11
40
13
33
1
11
40
13
33
1
11
40
13
33
1
11
40
13
33
1
11
40
13
33
1
11
40
13
33
1
11
40
13
33
1
11
40
13
33
1
11
40
13
33
1
11
40
13
33
1
11
40
13
33
1
11
40
13
33
1
11
40
13
33
1
11
40
13
33
1
11
40
13
33
1
11
40
13
33
1
11
40
13
33
1
11
40
13
33
1
11
40
13
33
1
11
40
13
33
1
11
40
13
33
1
11
40
13
33
1
11
40
13
33
1
11
40
13
33
1
11
40
13
33
1
11
40
13
33
1
11
40
13
33
1
11
40
13
33
1
11
40
13
33
1
11
40
13
33
1
11
40
13
33
1
11
40
13
33
1
11
40
13
33
1
11
40
13
33
1
11
40
13
33
1
11
40
13
33
1
11
40
13
33
1
11
40
13
33
1
11
40
13