30
43
11
33
13
30
43
11
33
13
30
43
11
33
13
30
43
11
33
13
30
43
11
33
13
30
43
11
33
13
30
43
11
33
13
30
43
11
33
13
30
43
11
33
13
30
43
11
33
13
30
43
11
33
13
30
43
11
33
13
30
43
11
33
13
30
43
11
33
13
30
43
11
33
13
30
43
11
33
13
30
43
11
33
13
30
43
11
33
13
30
43
11
33
13
30
43
11
33
13
30
43
11
33
13
30
43
11
33
13
30
43
11
33
13
30
43
11
33
13
30
43
11
33
13
30
43
11
33
13
30
43
11
33
13
30
43
11
33
13
30
43
11
33
13
30
43
11
33
13
30
43
11
33
13
30
43
11
33
13
30
43
11
33
13
30
43
11
33
13
30
43
11
33
13
30
43
11
33
13
30
43
11
33
13
30
43
11
33
13
30
43
11
33
13
30
43
11
33
13
30
43
11
33
13
30
43
11
33
13
30
43
11
33
13
30
43
11
33
13
30
43
11
33
13
30
43
11
33
13
30
43
11
33
13
30
43
11
33
13
30
43
11
33
13
30
43
11
33
13