11
30
43
33
40
11
30
43
33
40
11
30
43
33
40
11
30
43
33
40
11
30
43
33
40
11
30
43
33
40
11
30
43
33
40
11
30
43
33
40
11
30
43
33
40
11
30
43
33
40
11
30
43
33
40
11
30
43
33
40
11
30
43
33
40
11
30
43
33
40
11
30
43
33
40
11
30
43
33
40
11
30
43
33
40
11
30
43
33
40
11
30
43
33
40
11
30
43
33
40
11
30
43
33
40
11
30
43
33
40
11
30
43
33
40
11
30
43
33
40
11
30
43
33
40
11
30
43
33
40
11
30
43
33
40
11
30
43
33
40
11
30
43
33
40
11
30
43
33
40
11
30
43
33
40
11
30
43
33
40
11
30
43
33
40
11
30
43
33
40
11
30
43
33
40
11
30
43
33
40
11
30
43
33
40
11
30
43
33
40
11
30
43
33
40
11
30
43
33
40
11
30
43
33
40
11
30
43
33
40
11
30
43
33
40
11
30
43
33
40
11
30
43
33
40
11
30
43
33
40
11
30
43
33
40
11
30
43
33
40
11
30
43
33
40
11
30
43
33
40