40
1
24
13
11
40
1
24
13
11
40
1
24
13
11
40
1
24
13
11
40
1
24
13
11
40
1
24
13
11
40
1
24
13
11
40
1
24
13
11
40
1
24
13
11
40
1
24
13
11
40
1
24
13
11
40
1
24
13
11
40
1
24
13
11
40
1
24
13
11
40
1
24
13
11
40
1
24
13
11
40
1
24
13
11
40
1
24
13
11
40
1
24
13
11
40
1
24
13
11
40
1
24
13
11
40
1
24
13
11
40
1
24
13
11
40
1
24
13
11
40
1
24
13
11
40
1
24
13
11
40
1
24
13
11
40
1
24
13
11
40
1
24
13
11
40
1
24
13
11
40
1
24
13
11
40
1
24
13
11
40
1
24
13
11
40
1
24
13
11
40
1
24
13
11
40
1
24
13
11
40
1
24
13
11
40
1
24
13
11
40
1
24
13
11
40
1
24
13
11
40
1
24
13
11
40
1
24
13
11
40
1
24
13
11
40
1
24
13
11
40
1
24
13
11
40
1
24
13
11
40
1
24
13
11
40
1
24
13
11
40
1
24
13
11
40
1
24
13
11