1
30
33
11
40
1
30
33
11
40
1
30
33
11
40
1
30
33
11
40
1
30
33
11
40
1
30
33
11
40
1
30
33
11
40
1
30
33
11
40
1
30
33
11
40
1
30
33
11
40
1
30
33
11
40
1
30
33
11
40
1
30
33
11
40
1
30
33
11
40
1
30
33
11
40
1
30
33
11
40
1
30
33
11
40
1
30
33
11
40
1
30
33
11
40
1
30
33
11
40
1
30
33
11
40
1
30
33
11
40
1
30
33
11
40
1
30
33
11
40
1
30
33
11
40
1
30
33
11
40
1
30
33
11
40
1
30
33
11
40
1
30
33
11
40
1
30
33
11
40
1
30
33
11
40
1
30
33
11
40
1
30
33
11
40
1
30
33
11
40
1
30
33
11
40
1
30
33
11
40
1
30
33
11
40
1
30
33
11
40
1
30
33
11
40
1
30
33
11
40
1
30
33
11
40
1
30
33
11
40
1
30
33
11
40
1
30
33
11
40
1
30
33
11
40
1
30
33
11
40
1
30
33
11
40
1
30
33
11
40
1
30
33
11
40
1
30
33
11
40