33
43
23
21
40
33
43
23
21
40
33
43
23
21
40
33
43
23
21
40
33
43
23
21
40
33
43
23
21
40
33
43
23
21
40
33
43
23
21
40
33
43
23
21
40
33
43
23
21
40
33
43
23
21
40
33
43
23
21
40
33
43
23
21
40
33
43
23
21
40
33
43
23
21
40
33
43
23
21
40
33
43
23
21
40
33
43
23
21
40
33
43
23
21
40
33
43
23
21
40
33
43
23
21
40
33
43
23
21
40
33
43
23
21
40
33
43
23
21
40
33
43
23
21
40
33
43
23
21
40
33
43
23
21
40
33
43
23
21
40
33
43
23
21
40
33
43
23
21
40
33
43
23
21
40
33
43
23
21
40
33
43
23
21
40
33
43
23
21
40
33
43
23
21
40
33
43
23
21
40
33
43
23
21
40
33
43
23
21
40
33
43
23
21
40
33
43
23
21
40
33
43
23
21
40
33
43
23
21
40
33
43
23
21
40
33
43
23
21
40
33
43
23
21
40
33
43
23
21
40
33
43
23
21
40
33
43
23
21
40
33
43
23
21
40
33
43
23
21
40