23
30
21
11
43
23
30
21
11
43
23
30
21
11
43
23
30
21
11
43
23
30
21
11
43
23
30
21
11
43
23
30
21
11
43
23
30
21
11
43
23
30
21
11
43
23
30
21
11
43
23
30
21
11
43
23
30
21
11
43
23
30
21
11
43
23
30
21
11
43
23
30
21
11
43
23
30
21
11
43
23
30
21
11
43
23
30
21
11
43
23
30
21
11
43
23
30
21
11
43
23
30
21
11
43
23
30
21
11
43
23
30
21
11
43
23
30
21
11
43
23
30
21
11
43
23
30
21
11
43
23
30
21
11
43
23
30
21
11
43
23
30
21
11
43
23
30
21
11
43
23
30
21
11
43
23
30
21
11
43
23
30
21
11
43
23
30
21
11
43
23
30
21
11
43
23
30
21
11
43
23
30
21
11
43
23
30
21
11
43
23
30
21
11
43
23
30
21
11
43
23
30
21
11
43
23
30
21
11
43
23
30
21
11
43
23
30
21
11
43
23
30
21
11
43
23
30
21
11
43
23
30
21
11
43
23
30
21
11
43
23
30
21
11
43
23
30
21
11
43