11
21
40
43
13
11
21
40
43
13
11
21
40
43
13
11
21
40
43
13
11
21
40
43
13
11
21
40
43
13
11
21
40
43
13
11
21
40
43
13
11
21
40
43
13
11
21
40
43
13
11
21
40
43
13
11
21
40
43
13
11
21
40
43
13
11
21
40
43
13
11
21
40
43
13
11
21
40
43
13
11
21
40
43
13
11
21
40
43
13
11
21
40
43
13
11
21
40
43
13
11
21
40
43
13
11
21
40
43
13
11
21
40
43
13
11
21
40
43
13
11
21
40
43
13
11
21
40
43
13
11
21
40
43
13
11
21
40
43
13
11
21
40
43
13
11
21
40
43
13
11
21
40
43
13
11
21
40
43
13
11
21
40
43
13
11
21
40
43
13
11
21
40
43
13
11
21
40
43
13
11
21
40
43
13
11
21
40
43
13
11
21
40
43
13
11
21
40
43
13
11
21
40
43
13
11
21
40
43
13
11
21
40
43
13
11
21
40
43
13
11
21
40
43
13
11
21
40
43
13
11
21
40
43
13
11
21
40
43
13
11
21
40
43
13
11
21
40
43
13