11
13
1
40
23
11
13
1
40
23
11
13
1
40
23
11
13
1
40
23
11
13
1
40
23
11
13
1
40
23
11
13
1
40
23
11
13
1
40
23
11
13
1
40
23
11
13
1
40
23
11
13
1
40
23
11
13
1
40
23
11
13
1
40
23
11
13
1
40
23
11
13
1
40
23
11
13
1
40
23
11
13
1
40
23
11
13
1
40
23
11
13
1
40
23
11
13
1
40
23
11
13
1
40
23
11
13
1
40
23
11
13
1
40
23
11
13
1
40
23
11
13
1
40
23
11
13
1
40
23
11
13
1
40
23
11
13
1
40
23
11
13
1
40
23
11
13
1
40
23
11
13
1
40
23
11
13
1
40
23
11
13
1
40
23
11
13
1
40
23
11
13
1
40
23
11
13
1
40
23
11
13
1
40
23
11
13
1
40
23
11
13
1
40
23
11
13
1
40
23
11
13
1
40
23
11
13
1
40
23
11
13
1
40
23
11
13
1
40
23
11
13
1
40
23
11
13
1
40
23
11
13
1
40
23
11
13
1
40
23
11
13
1
40
23
11
13
1
40
23