33
11
40
30
23
33
11
40
30
23
33
11
40
30
23
33
11
40
30
23
33
11
40
30
23
33
11
40
30
23
33
11
40
30
23
33
11
40
30
23
33
11
40
30
23
33
11
40
30
23
33
11
40
30
23
33
11
40
30
23
33
11
40
30
23
33
11
40
30
23
33
11
40
30
23
33
11
40
30
23
33
11
40
30
23
33
11
40
30
23
33
11
40
30
23
33
11
40
30
23
33
11
40
30
23
33
11
40
30
23
33
11
40
30
23
33
11
40
30
23
33
11
40
30
23
33
11
40
30
23
33
11
40
30
23
33
11
40
30
23
33
11
40
30
23
33
11
40
30
23
33
11
40
30
23
33
11
40
30
23
33
11
40
30
23
33
11
40
30
23
33
11
40
30
23
33
11
40
30
23
33
11
40
30
23
33
11
40
30
23
33
11
40
30
23
33
11
40
30
23
33
11
40
30
23
33
11
40
30
23
33
11
40
30
23
33
11
40
30
23
33
11
40
30
23
33
11
40
30
23
33
11
40
30
23
33
11
40
30
23
33
11
40
30
23
33
11
40
30
23