33
40
24
43
11
33
40
24
43
11
33
40
24
43
11
33
40
24
43
11
33
40
24
43
11
33
40
24
43
11
33
40
24
43
11
33
40
24
43
11
33
40
24
43
11
33
40
24
43
11
33
40
24
43
11
33
40
24
43
11
33
40
24
43
11
33
40
24
43
11
33
40
24
43
11
33
40
24
43
11
33
40
24
43
11
33
40
24
43
11
33
40
24
43
11
33
40
24
43
11
33
40
24
43
11
33
40
24
43
11
33
40
24
43
11
33
40
24
43
11
33
40
24
43
11
33
40
24
43
11
33
40
24
43
11
33
40
24
43
11
33
40
24
43
11
33
40
24
43
11
33
40
24
43
11
33
40
24
43
11
33
40
24
43
11
33
40
24
43
11
33
40
24
43
11
33
40
24
43
11
33
40
24
43
11
33
40
24
43
11
33
40
24
43
11
33
40
24
43
11
33
40
24
43
11
33
40
24
43
11
33
40
24
43
11
33
40
24
43
11
33
40
24
43
11
33
40
24
43
11
33
40
24
43
11
33
40
24
43
11
33
40
24
43
11
33
40
24
43
11