30
23
13
1
11
30
23
13
1
11
30
23
13
1
11
30
23
13
1
11
30
23
13
1
11
30
23
13
1
11
30
23
13
1
11
30
23
13
1
11
30
23
13
1
11
30
23
13
1
11
30
23
13
1
11
30
23
13
1
11
30
23
13
1
11
30
23
13
1
11
30
23
13
1
11
30
23
13
1
11
30
23
13
1
11
30
23
13
1
11
30
23
13
1
11
30
23
13
1
11
30
23
13
1
11
30
23
13
1
11
30
23
13
1
11
30
23
13
1
11
30
23
13
1
11
30
23
13
1
11
30
23
13
1
11
30
23
13
1
11
30
23
13
1
11
30
23
13
1
11
30
23
13
1
11
30
23
13
1
11
30
23
13
1
11
30
23
13
1
11
30
23
13
1
11
30
23
13
1
11
30
23
13
1
11
30
23
13
1
11
30
23
13
1
11
30
23
13
1
11
30
23
13
1
11
30
23
13
1
11
30
23
13
1
11
30
23
13
1
11
30
23
13
1
11
30
23
13
1
11
30
23
13
1
11
30
23
13
1
11
30
23
13
1
11
30
23
13
1
11