40
24
1
13
30
40
24
1
13
30
40
24
1
13
30
40
24
1
13
30
40
24
1
13
30
40
24
1
13
30
40
24
1
13
30
40
24
1
13
30
40
24
1
13
30
40
24
1
13
30
40
24
1
13
30
40
24
1
13
30
40
24
1
13
30
40
24
1
13
30
40
24
1
13
30
40
24
1
13
30
40
24
1
13
30
40
24
1
13
30
40
24
1
13
30
40
24
1
13
30
40
24
1
13
30
40
24
1
13
30
40
24
1
13
30
40
24
1
13
30
40
24
1
13
30
40
24
1
13
30
40
24
1
13
30
40
24
1
13
30
40
24
1
13
30
40
24
1
13
30
40
24
1
13
30
40
24
1
13
30
40
24
1
13
30
40
24
1
13
30
40
24
1
13
30
40
24
1
13
30
40
24
1
13
30
40
24
1
13
30
40
24
1
13
30
40
24
1
13
30
40
24
1
13
30
40
24
1
13
30
40
24
1
13
30
40
24
1
13
30
40
24
1
13
30
40
24
1
13
30
40
24
1
13
30
40
24
1
13
30
40
24
1
13
30
40
24
1
13
30