21
40
23
30
11
21
40
23
30
11
21
40
23
30
11
21
40
23
30
11
21
40
23
30
11
21
40
23
30
11
21
40
23
30
11
21
40
23
30
11
21
40
23
30
11
21
40
23
30
11
21
40
23
30
11
21
40
23
30
11
21
40
23
30
11
21
40
23
30
11
21
40
23
30
11
21
40
23
30
11
21
40
23
30
11
21
40
23
30
11
21
40
23
30
11
21
40
23
30
11
21
40
23
30
11
21
40
23
30
11
21
40
23
30
11
21
40
23
30
11
21
40
23
30
11
21
40
23
30
11
21
40
23
30
11
21
40
23
30
11
21
40
23
30
11
21
40
23
30
11
21
40
23
30
11
21
40
23
30
11
21
40
23
30
11
21
40
23
30
11
21
40
23
30
11
21
40
23
30
11
21
40
23
30
11
21
40
23
30
11
21
40
23
30
11
21
40
23
30
11
21
40
23
30
11
21
40
23
30
11
21
40
23
30
11
21
40
23
30
11
21
40
23
30
11
21
40
23
30
11
21
40
23
30
11
21
40
23
30
11
21
40
23
30
11
21
40
23
30
11