13
30
23
43
1
13
30
23
43
1
13
30
23
43
1
13
30
23
43
1
13
30
23
43
1
13
30
23
43
1
13
30
23
43
1
13
30
23
43
1
13
30
23
43
1
13
30
23
43
1
13
30
23
43
1
13
30
23
43
1
13
30
23
43
1
13
30
23
43
1
13
30
23
43
1
13
30
23
43
1
13
30
23
43
1
13
30
23
43
1
13
30
23
43
1
13
30
23
43
1
13
30
23
43
1
13
30
23
43
1
13
30
23
43
1
13
30
23
43
1
13
30
23
43
1
13
30
23
43
1
13
30
23
43
1
13
30
23
43
1
13
30
23
43
1
13
30
23
43
1
13
30
23
43
1
13
30
23
43
1
13
30
23
43
1
13
30
23
43
1
13
30
23
43
1
13
30
23
43
1
13
30
23
43
1
13
30
23
43
1
13
30
23
43
1
13
30
23
43
1
13
30
23
43
1
13
30
23
43
1
13
30
23
43
1
13
30
23
43
1
13
30
23
43
1
13
30
23
43
1
13
30
23
43
1
13
30
23
43
1
13
30
23
43
1
13
30
23
43
1