24
21
11
33
30
24
21
11
33
30
24
21
11
33
30
24
21
11
33
30
24
21
11
33
30
24
21
11
33
30
24
21
11
33
30
24
21
11
33
30
24
21
11
33
30
24
21
11
33
30
24
21
11
33
30
24
21
11
33
30
24
21
11
33
30
24
21
11
33
30
24
21
11
33
30
24
21
11
33
30
24
21
11
33
30
24
21
11
33
30
24
21
11
33
30
24
21
11
33
30
24
21
11
33
30
24
21
11
33
30
24
21
11
33
30
24
21
11
33
30
24
21
11
33
30
24
21
11
33
30
24
21
11
33
30
24
21
11
33
30
24
21
11
33
30
24
21
11
33
30
24
21
11
33
30
24
21
11
33
30
24
21
11
33
30
24
21
11
33
30
24
21
11
33
30
24
21
11
33
30
24
21
11
33
30
24
21
11
33
30
24
21
11
33
30
24
21
11
33
30
24
21
11
33
30
24
21
11
33
30
24
21
11
33
30
24
21
11
33
30
24
21
11
33
30
24
21
11
33
30
24
21
11
33
30
24
21
11
33
30
24
21
11
33
30
24
21
11
33
30