11
40
33
21
13
11
40
33
21
13
11
40
33
21
13
11
40
33
21
13
11
40
33
21
13
11
40
33
21
13
11
40
33
21
13
11
40
33
21
13
11
40
33
21
13
11
40
33
21
13
11
40
33
21
13
11
40
33
21
13
11
40
33
21
13
11
40
33
21
13
11
40
33
21
13
11
40
33
21
13
11
40
33
21
13
11
40
33
21
13
11
40
33
21
13
11
40
33
21
13
11
40
33
21
13
11
40
33
21
13
11
40
33
21
13
11
40
33
21
13
11
40
33
21
13
11
40
33
21
13
11
40
33
21
13
11
40
33
21
13
11
40
33
21
13
11
40
33
21
13
11
40
33
21
13
11
40
33
21
13
11
40
33
21
13
11
40
33
21
13
11
40
33
21
13
11
40
33
21
13
11
40
33
21
13
11
40
33
21
13
11
40
33
21
13
11
40
33
21
13
11
40
33
21
13
11
40
33
21
13
11
40
33
21
13
11
40
33
21
13
11
40
33
21
13
11
40
33
21
13
11
40
33
21
13
11
40
33
21
13
11
40
33
21
13
11
40
33
21
13