24
30
33
1
43
24
30
33
1
43
24
30
33
1
43
24
30
33
1
43
24
30
33
1
43
24
30
33
1
43
24
30
33
1
43
24
30
33
1
43
24
30
33
1
43
24
30
33
1
43
24
30
33
1
43
24
30
33
1
43
24
30
33
1
43
24
30
33
1
43
24
30
33
1
43
24
30
33
1
43
24
30
33
1
43
24
30
33
1
43
24
30
33
1
43
24
30
33
1
43
24
30
33
1
43
24
30
33
1
43
24
30
33
1
43
24
30
33
1
43
24
30
33
1
43
24
30
33
1
43
24
30
33
1
43
24
30
33
1
43
24
30
33
1
43
24
30
33
1
43
24
30
33
1
43
24
30
33
1
43
24
30
33
1
43
24
30
33
1
43
24
30
33
1
43
24
30
33
1
43
24
30
33
1
43
24
30
33
1
43
24
30
33
1
43
24
30
33
1
43
24
30
33
1
43
24
30
33
1
43
24
30
33
1
43
24
30
33
1
43
24
30
33
1
43
24
30
33
1
43
24
30
33
1
43
24
30
33
1
43
24
30
33
1
43
24
30
33
1
43