23
1
30
43
21
23
1
30
43
21
23
1
30
43
21
23
1
30
43
21
23
1
30
43
21
23
1
30
43
21
23
1
30
43
21
23
1
30
43
21
23
1
30
43
21
23
1
30
43
21
23
1
30
43
21
23
1
30
43
21
23
1
30
43
21
23
1
30
43
21
23
1
30
43
21
23
1
30
43
21
23
1
30
43
21
23
1
30
43
21
23
1
30
43
21
23
1
30
43
21
23
1
30
43
21
23
1
30
43
21
23
1
30
43
21
23
1
30
43
21
23
1
30
43
21
23
1
30
43
21
23
1
30
43
21
23
1
30
43
21
23
1
30
43
21
23
1
30
43
21
23
1
30
43
21
23
1
30
43
21
23
1
30
43
21
23
1
30
43
21
23
1
30
43
21
23
1
30
43
21
23
1
30
43
21
23
1
30
43
21
23
1
30
43
21
23
1
30
43
21
23
1
30
43
21
23
1
30
43
21
23
1
30
43
21
23
1
30
43
21
23
1
30
43
21
23
1
30
43
21
23
1
30
43
21
23
1
30
43
21
23
1
30
43
21
23
1
30
43
21