40
24
21
23
13
40
24
21
23
13
40
24
21
23
13
40
24
21
23
13
40
24
21
23
13
40
24
21
23
13
40
24
21
23
13
40
24
21
23
13
40
24
21
23
13
40
24
21
23
13
40
24
21
23
13
40
24
21
23
13
40
24
21
23
13
40
24
21
23
13
40
24
21
23
13
40
24
21
23
13
40
24
21
23
13
40
24
21
23
13
40
24
21
23
13
40
24
21
23
13
40
24
21
23
13
40
24
21
23
13
40
24
21
23
13
40
24
21
23
13
40
24
21
23
13
40
24
21
23
13
40
24
21
23
13
40
24
21
23
13
40
24
21
23
13
40
24
21
23
13
40
24
21
23
13
40
24
21
23
13
40
24
21
23
13
40
24
21
23
13
40
24
21
23
13
40
24
21
23
13
40
24
21
23
13
40
24
21
23
13
40
24
21
23
13
40
24
21
23
13
40
24
21
23
13
40
24
21
23
13
40
24
21
23
13
40
24
21
23
13
40
24
21
23
13
40
24
21
23
13
40
24
21
23
13
40
24
21
23
13
40
24
21
23
13
40
24
21
23
13