23
11
24
30
13
23
11
24
30
13
23
11
24
30
13
23
11
24
30
13
23
11
24
30
13
23
11
24
30
13
23
11
24
30
13
23
11
24
30
13
23
11
24
30
13
23
11
24
30
13
23
11
24
30
13
23
11
24
30
13
23
11
24
30
13
23
11
24
30
13
23
11
24
30
13
23
11
24
30
13
23
11
24
30
13
23
11
24
30
13
23
11
24
30
13
23
11
24
30
13
23
11
24
30
13
23
11
24
30
13
23
11
24
30
13
23
11
24
30
13
23
11
24
30
13
23
11
24
30
13
23
11
24
30
13
23
11
24
30
13
23
11
24
30
13
23
11
24
30
13
23
11
24
30
13
23
11
24
30
13
23
11
24
30
13
23
11
24
30
13
23
11
24
30
13
23
11
24
30
13
23
11
24
30
13
23
11
24
30
13
23
11
24
30
13
23
11
24
30
13
23
11
24
30
13
23
11
24
30
13
23
11
24
30
13
23
11
24
30
13
23
11
24
30
13
23
11
24
30
13
23
11
24
30
13
23
11
24
30
13
23
11
24
30
13
23
11
24
30
13