33
43
30
40
11
33
43
30
40
11
33
43
30
40
11
33
43
30
40
11
33
43
30
40
11
33
43
30
40
11
33
43
30
40
11
33
43
30
40
11
33
43
30
40
11
33
43
30
40
11
33
43
30
40
11
33
43
30
40
11
33
43
30
40
11
33
43
30
40
11
33
43
30
40
11
33
43
30
40
11
33
43
30
40
11
33
43
30
40
11
33
43
30
40
11
33
43
30
40
11
33
43
30
40
11
33
43
30
40
11
33
43
30
40
11
33
43
30
40
11
33
43
30
40
11
33
43
30
40
11
33
43
30
40
11
33
43
30
40
11
33
43
30
40
11
33
43
30
40
11
33
43
30
40
11
33
43
30
40
11
33
43
30
40
11
33
43
30
40
11
33
43
30
40
11
33
43
30
40
11
33
43
30
40
11
33
43
30
40
11
33
43
30
40
11
33
43
30
40
11
33
43
30
40
11
33
43
30
40
11
33
43
30
40
11
33
43
30
40
11
33
43
30
40
11
33
43
30
40
11
33
43
30
40
11
33
43
30
40
11
33
43
30
40
11
33
43
30
40
11