11
21
24
33
40
11
21
24
33
40
11
21
24
33
40
11
21
24
33
40
11
21
24
33
40
11
21
24
33
40
11
21
24
33
40
11
21
24
33
40
11
21
24
33
40
11
21
24
33
40
11
21
24
33
40
11
21
24
33
40
11
21
24
33
40
11
21
24
33
40
11
21
24
33
40
11
21
24
33
40
11
21
24
33
40
11
21
24
33
40
11
21
24
33
40
11
21
24
33
40
11
21
24
33
40
11
21
24
33
40
11
21
24
33
40
11
21
24
33
40
11
21
24
33
40
11
21
24
33
40
11
21
24
33
40
11
21
24
33
40
11
21
24
33
40
11
21
24
33
40
11
21
24
33
40
11
21
24
33
40
11
21
24
33
40
11
21
24
33
40
11
21
24
33
40
11
21
24
33
40
11
21
24
33
40
11
21
24
33
40
11
21
24
33
40
11
21
24
33
40
11
21
24
33
40
11
21
24
33
40
11
21
24
33
40
11
21
24
33
40
11
21
24
33
40
11
21
24
33
40
11
21
24
33
40
11
21
24
33
40
11
21
24
33
40
11
21
24
33
40