11
13
43
30
1
11
13
43
30
1
11
13
43
30
1
11
13
43
30
1
11
13
43
30
1
11
13
43
30
1
11
13
43
30
1
11
13
43
30
1
11
13
43
30
1
11
13
43
30
1
11
13
43
30
1
11
13
43
30
1
11
13
43
30
1
11
13
43
30
1
11
13
43
30
1
11
13
43
30
1
11
13
43
30
1
11
13
43
30
1
11
13
43
30
1
11
13
43
30
1
11
13
43
30
1
11
13
43
30
1
11
13
43
30
1
11
13
43
30
1
11
13
43
30
1
11
13
43
30
1
11
13
43
30
1
11
13
43
30
1
11
13
43
30
1
11
13
43
30
1
11
13
43
30
1
11
13
43
30
1
11
13
43
30
1
11
13
43
30
1
11
13
43
30
1
11
13
43
30
1
11
13
43
30
1
11
13
43
30
1
11
13
43
30
1
11
13
43
30
1
11
13
43
30
1
11
13
43
30
1
11
13
43
30
1
11
13
43
30
1
11
13
43
30
1
11
13
43
30
1
11
13
43
30
1
11
13
43
30
1
11
13
43
30
1
11
13
43
30
1