23
40
21
24
13
23
40
21
24
13
23
40
21
24
13
23
40
21
24
13
23
40
21
24
13
23
40
21
24
13
23
40
21
24
13
23
40
21
24
13
23
40
21
24
13
23
40
21
24
13
23
40
21
24
13
23
40
21
24
13
23
40
21
24
13
23
40
21
24
13
23
40
21
24
13
23
40
21
24
13
23
40
21
24
13
23
40
21
24
13
23
40
21
24
13
23
40
21
24
13
23
40
21
24
13
23
40
21
24
13
23
40
21
24
13
23
40
21
24
13
23
40
21
24
13
23
40
21
24
13
23
40
21
24
13
23
40
21
24
13
23
40
21
24
13
23
40
21
24
13
23
40
21
24
13
23
40
21
24
13
23
40
21
24
13
23
40
21
24
13
23
40
21
24
13
23
40
21
24
13
23
40
21
24
13
23
40
21
24
13
23
40
21
24
13
23
40
21
24
13
23
40
21
24
13
23
40
21
24
13
23
40
21
24
13
23
40
21
24
13
23
40
21
24
13
23
40
21
24
13
23
40
21
24
13
23
40
21
24
13
23
40
21
24
13
23
40
21
24
13