23
40
30
24
43
23
40
30
24
43
23
40
30
24
43
23
40
30
24
43
23
40
30
24
43
23
40
30
24
43
23
40
30
24
43
23
40
30
24
43
23
40
30
24
43
23
40
30
24
43
23
40
30
24
43
23
40
30
24
43
23
40
30
24
43
23
40
30
24
43
23
40
30
24
43
23
40
30
24
43
23
40
30
24
43
23
40
30
24
43
23
40
30
24
43
23
40
30
24
43
23
40
30
24
43
23
40
30
24
43
23
40
30
24
43
23
40
30
24
43
23
40
30
24
43
23
40
30
24
43
23
40
30
24
43
23
40
30
24
43
23
40
30
24
43
23
40
30
24
43
23
40
30
24
43
23
40
30
24
43
23
40
30
24
43
23
40
30
24
43
23
40
30
24
43
23
40
30
24
43
23
40
30
24
43
23
40
30
24
43
23
40
30
24
43
23
40
30
24
43
23
40
30
24
43
23
40
30
24
43
23
40
30
24
43
23
40
30
24
43
23
40
30
24
43
23
40
30
24
43
23
40
30
24
43
23
40
30
24
43
23
40
30
24
43
23
40
30
24
43