23
11
40
43
1
23
11
40
43
1
23
11
40
43
1
23
11
40
43
1
23
11
40
43
1
23
11
40
43
1
23
11
40
43
1
23
11
40
43
1
23
11
40
43
1
23
11
40
43
1
23
11
40
43
1
23
11
40
43
1
23
11
40
43
1
23
11
40
43
1
23
11
40
43
1
23
11
40
43
1
23
11
40
43
1
23
11
40
43
1
23
11
40
43
1
23
11
40
43
1
23
11
40
43
1
23
11
40
43
1
23
11
40
43
1
23
11
40
43
1
23
11
40
43
1
23
11
40
43
1
23
11
40
43
1
23
11
40
43
1
23
11
40
43
1
23
11
40
43
1
23
11
40
43
1
23
11
40
43
1
23
11
40
43
1
23
11
40
43
1
23
11
40
43
1
23
11
40
43
1
23
11
40
43
1
23
11
40
43
1
23
11
40
43
1
23
11
40
43
1
23
11
40
43
1
23
11
40
43
1
23
11
40
43
1
23
11
40
43
1
23
11
40
43
1
23
11
40
43
1
23
11
40
43
1
23
11
40
43
1
23
11
40
43
1
23
11
40
43
1