1
30
33
13
43
1
30
33
13
43
1
30
33
13
43
1
30
33
13
43
1
30
33
13
43
1
30
33
13
43
1
30
33
13
43
1
30
33
13
43
1
30
33
13
43
1
30
33
13
43
1
30
33
13
43
1
30
33
13
43
1
30
33
13
43
1
30
33
13
43
1
30
33
13
43
1
30
33
13
43
1
30
33
13
43
1
30
33
13
43
1
30
33
13
43
1
30
33
13
43
1
30
33
13
43
1
30
33
13
43
1
30
33
13
43
1
30
33
13
43
1
30
33
13
43
1
30
33
13
43
1
30
33
13
43
1
30
33
13
43
1
30
33
13
43
1
30
33
13
43
1
30
33
13
43
1
30
33
13
43
1
30
33
13
43
1
30
33
13
43
1
30
33
13
43
1
30
33
13
43
1
30
33
13
43
1
30
33
13
43
1
30
33
13
43
1
30
33
13
43
1
30
33
13
43
1
30
33
13
43
1
30
33
13
43
1
30
33
13
43
1
30
33
13
43
1
30
33
13
43
1
30
33
13
43
1
30
33
13
43
1
30
33
13
43
1
30
33
13
43