11
21
13
30
24
11
21
13
30
24
11
21
13
30
24
11
21
13
30
24
11
21
13
30
24
11
21
13
30
24
11
21
13
30
24
11
21
13
30
24
11
21
13
30
24
11
21
13
30
24
11
21
13
30
24
11
21
13
30
24
11
21
13
30
24
11
21
13
30
24
11
21
13
30
24
11
21
13
30
24
11
21
13
30
24
11
21
13
30
24
11
21
13
30
24
11
21
13
30
24
11
21
13
30
24
11
21
13
30
24
11
21
13
30
24
11
21
13
30
24
11
21
13
30
24
11
21
13
30
24
11
21
13
30
24
11
21
13
30
24
11
21
13
30
24
11
21
13
30
24
11
21
13
30
24
11
21
13
30
24
11
21
13
30
24
11
21
13
30
24
11
21
13
30
24
11
21
13
30
24
11
21
13
30
24
11
21
13
30
24
11
21
13
30
24
11
21
13
30
24
11
21
13
30
24
11
21
13
30
24
11
21
13
30
24
11
21
13
30
24
11
21
13
30
24
11
21
13
30
24
11
21
13
30
24
11
21
13
30
24
11
21
13
30
24
11
21
13
30
24