11
24
1
23
33
11
24
1
23
33
11
24
1
23
33
11
24
1
23
33
11
24
1
23
33
11
24
1
23
33
11
24
1
23
33
11
24
1
23
33
11
24
1
23
33
11
24
1
23
33
11
24
1
23
33
11
24
1
23
33
11
24
1
23
33
11
24
1
23
33
11
24
1
23
33
11
24
1
23
33
11
24
1
23
33
11
24
1
23
33
11
24
1
23
33
11
24
1
23
33
11
24
1
23
33
11
24
1
23
33
11
24
1
23
33
11
24
1
23
33
11
24
1
23
33
11
24
1
23
33
11
24
1
23
33
11
24
1
23
33
11
24
1
23
33
11
24
1
23
33
11
24
1
23
33
11
24
1
23
33
11
24
1
23
33
11
24
1
23
33
11
24
1
23
33
11
24
1
23
33
11
24
1
23
33
11
24
1
23
33
11
24
1
23
33
11
24
1
23
33
11
24
1
23
33
11
24
1
23
33
11
24
1
23
33
11
24
1
23
33
11
24
1
23
33
11
24
1
23
33
11
24
1
23
33
11
24
1
23
33
11
24
1
23
33
11
24
1
23
33