21
43
11
30
33
21
43
11
30
33
21
43
11
30
33
21
43
11
30
33
21
43
11
30
33
21
43
11
30
33
21
43
11
30
33
21
43
11
30
33
21
43
11
30
33
21
43
11
30
33
21
43
11
30
33
21
43
11
30
33
21
43
11
30
33
21
43
11
30
33
21
43
11
30
33
21
43
11
30
33
21
43
11
30
33
21
43
11
30
33
21
43
11
30
33
21
43
11
30
33
21
43
11
30
33
21
43
11
30
33
21
43
11
30
33
21
43
11
30
33
21
43
11
30
33
21
43
11
30
33
21
43
11
30
33
21
43
11
30
33
21
43
11
30
33
21
43
11
30
33
21
43
11
30
33
21
43
11
30
33
21
43
11
30
33
21
43
11
30
33
21
43
11
30
33
21
43
11
30
33
21
43
11
30
33
21
43
11
30
33
21
43
11
30
33
21
43
11
30
33
21
43
11
30
33
21
43
11
30
33
21
43
11
30
33
21
43
11
30
33
21
43
11
30
33
21
43
11
30
33
21
43
11
30
33
21
43
11
30
33
21
43
11
30
33
21
43
11
30
33