43
24
1
11
33
43
24
1
11
33
43
24
1
11
33
43
24
1
11
33
43
24
1
11
33
43
24
1
11
33
43
24
1
11
33
43
24
1
11
33
43
24
1
11
33
43
24
1
11
33
43
24
1
11
33
43
24
1
11
33
43
24
1
11
33
43
24
1
11
33
43
24
1
11
33
43
24
1
11
33
43
24
1
11
33
43
24
1
11
33
43
24
1
11
33
43
24
1
11
33
43
24
1
11
33
43
24
1
11
33
43
24
1
11
33
43
24
1
11
33
43
24
1
11
33
43
24
1
11
33
43
24
1
11
33
43
24
1
11
33
43
24
1
11
33
43
24
1
11
33
43
24
1
11
33
43
24
1
11
33
43
24
1
11
33
43
24
1
11
33
43
24
1
11
33
43
24
1
11
33
43
24
1
11
33
43
24
1
11
33
43
24
1
11
33
43
24
1
11
33
43
24
1
11
33
43
24
1
11
33
43
24
1
11
33
43
24
1
11
33
43
24
1
11
33
43
24
1
11
33
43
24
1
11
33
43
24
1
11
33
43
24
1
11
33
43
24
1
11
33