1
21
13
11
43
1
21
13
11
43
1
21
13
11
43
1
21
13
11
43
1
21
13
11
43
1
21
13
11
43
1
21
13
11
43
1
21
13
11
43
1
21
13
11
43
1
21
13
11
43
1
21
13
11
43
1
21
13
11
43
1
21
13
11
43
1
21
13
11
43
1
21
13
11
43
1
21
13
11
43
1
21
13
11
43
1
21
13
11
43
1
21
13
11
43
1
21
13
11
43
1
21
13
11
43
1
21
13
11
43
1
21
13
11
43
1
21
13
11
43
1
21
13
11
43
1
21
13
11
43
1
21
13
11
43
1
21
13
11
43
1
21
13
11
43
1
21
13
11
43
1
21
13
11
43
1
21
13
11
43
1
21
13
11
43
1
21
13
11
43
1
21
13
11
43
1
21
13
11
43
1
21
13
11
43
1
21
13
11
43
1
21
13
11
43
1
21
13
11
43
1
21
13
11
43
1
21
13
11
43
1
21
13
11
43
1
21
13
11
43
1
21
13
11
43
1
21
13
11
43
1
21
13
11
43
1
21
13
11
43
1
21
13
11
43
1
21
13
11
43