30
23
13
43
24
30
23
13
43
24
30
23
13
43
24
30
23
13
43
24
30
23
13
43
24
30
23
13
43
24
30
23
13
43
24
30
23
13
43
24
30
23
13
43
24
30
23
13
43
24
30
23
13
43
24
30
23
13
43
24
30
23
13
43
24
30
23
13
43
24
30
23
13
43
24
30
23
13
43
24
30
23
13
43
24
30
23
13
43
24
30
23
13
43
24
30
23
13
43
24
30
23
13
43
24
30
23
13
43
24
30
23
13
43
24
30
23
13
43
24
30
23
13
43
24
30
23
13
43
24
30
23
13
43
24
30
23
13
43
24
30
23
13
43
24
30
23
13
43
24
30
23
13
43
24
30
23
13
43
24
30
23
13
43
24
30
23
13
43
24
30
23
13
43
24
30
23
13
43
24
30
23
13
43
24
30
23
13
43
24
30
23
13
43
24
30
23
13
43
24
30
23
13
43
24
30
23
13
43
24
30
23
13
43
24
30
23
13
43
24
30
23
13
43
24
30
23
13
43
24
30
23
13
43
24
30
23
13
43
24
30
23
13
43
24
30
23
13
43
24