40
21
23
43
24
40
21
23
43
24
40
21
23
43
24
40
21
23
43
24
40
21
23
43
24
40
21
23
43
24
40
21
23
43
24
40
21
23
43
24
40
21
23
43
24
40
21
23
43
24
40
21
23
43
24
40
21
23
43
24
40
21
23
43
24
40
21
23
43
24
40
21
23
43
24
40
21
23
43
24
40
21
23
43
24
40
21
23
43
24
40
21
23
43
24
40
21
23
43
24
40
21
23
43
24
40
21
23
43
24
40
21
23
43
24
40
21
23
43
24
40
21
23
43
24
40
21
23
43
24
40
21
23
43
24
40
21
23
43
24
40
21
23
43
24
40
21
23
43
24
40
21
23
43
24
40
21
23
43
24
40
21
23
43
24
40
21
23
43
24
40
21
23
43
24
40
21
23
43
24
40
21
23
43
24
40
21
23
43
24
40
21
23
43
24
40
21
23
43
24
40
21
23
43
24
40
21
23
43
24
40
21
23
43
24
40
21
23
43
24
40
21
23
43
24
40
21
23
43
24
40
21
23
43
24
40
21
23
43
24
40
21
23
43
24
40
21
23
43
24