33
23
21
43
30
33
23
21
43
30
33
23
21
43
30
33
23
21
43
30
33
23
21
43
30
33
23
21
43
30
33
23
21
43
30
33
23
21
43
30
33
23
21
43
30
33
23
21
43
30
33
23
21
43
30
33
23
21
43
30
33
23
21
43
30
33
23
21
43
30
33
23
21
43
30
33
23
21
43
30
33
23
21
43
30
33
23
21
43
30
33
23
21
43
30
33
23
21
43
30
33
23
21
43
30
33
23
21
43
30
33
23
21
43
30
33
23
21
43
30
33
23
21
43
30
33
23
21
43
30
33
23
21
43
30
33
23
21
43
30
33
23
21
43
30
33
23
21
43
30
33
23
21
43
30
33
23
21
43
30
33
23
21
43
30
33
23
21
43
30
33
23
21
43
30
33
23
21
43
30
33
23
21
43
30
33
23
21
43
30
33
23
21
43
30
33
23
21
43
30
33
23
21
43
30
33
23
21
43
30
33
23
21
43
30
33
23
21
43
30
33
23
21
43
30
33
23
21
43
30
33
23
21
43
30
33
23
21
43
30
33
23
21
43
30
33
23
21
43
30