30
33
23
13
11
30
33
23
13
11
30
33
23
13
11
30
33
23
13
11
30
33
23
13
11
30
33
23
13
11
30
33
23
13
11
30
33
23
13
11
30
33
23
13
11
30
33
23
13
11
30
33
23
13
11
30
33
23
13
11
30
33
23
13
11
30
33
23
13
11
30
33
23
13
11
30
33
23
13
11
30
33
23
13
11
30
33
23
13
11
30
33
23
13
11
30
33
23
13
11
30
33
23
13
11
30
33
23
13
11
30
33
23
13
11
30
33
23
13
11
30
33
23
13
11
30
33
23
13
11
30
33
23
13
11
30
33
23
13
11
30
33
23
13
11
30
33
23
13
11
30
33
23
13
11
30
33
23
13
11
30
33
23
13
11
30
33
23
13
11
30
33
23
13
11
30
33
23
13
11
30
33
23
13
11
30
33
23
13
11
30
33
23
13
11
30
33
23
13
11
30
33
23
13
11
30
33
23
13
11
30
33
23
13
11
30
33
23
13
11
30
33
23
13
11
30
33
23
13
11
30
33
23
13
11
30
33
23
13
11
30
33
23
13
11
30
33
23
13
11