1
24
11
30
33
1
24
11
30
33
1
24
11
30
33
1
24
11
30
33
1
24
11
30
33
1
24
11
30
33
1
24
11
30
33
1
24
11
30
33
1
24
11
30
33
1
24
11
30
33
1
24
11
30
33
1
24
11
30
33
1
24
11
30
33
1
24
11
30
33
1
24
11
30
33
1
24
11
30
33
1
24
11
30
33
1
24
11
30
33
1
24
11
30
33
1
24
11
30
33
1
24
11
30
33
1
24
11
30
33
1
24
11
30
33
1
24
11
30
33
1
24
11
30
33
1
24
11
30
33
1
24
11
30
33
1
24
11
30
33
1
24
11
30
33
1
24
11
30
33
1
24
11
30
33
1
24
11
30
33
1
24
11
30
33
1
24
11
30
33
1
24
11
30
33
1
24
11
30
33
1
24
11
30
33
1
24
11
30
33
1
24
11
30
33
1
24
11
30
33
1
24
11
30
33
1
24
11
30
33
1
24
11
30
33
1
24
11
30
33
1
24
11
30
33
1
24
11
30
33
1
24
11
30
33
1
24
11
30
33
1
24
11
30
33
1
24
11
30
33