43
40
1
11
21
43
40
1
11
21
43
40
1
11
21
43
40
1
11
21
43
40
1
11
21
43
40
1
11
21
43
40
1
11
21
43
40
1
11
21
43
40
1
11
21
43
40
1
11
21
43
40
1
11
21
43
40
1
11
21
43
40
1
11
21
43
40
1
11
21
43
40
1
11
21
43
40
1
11
21
43
40
1
11
21
43
40
1
11
21
43
40
1
11
21
43
40
1
11
21
43
40
1
11
21
43
40
1
11
21
43
40
1
11
21
43
40
1
11
21
43
40
1
11
21
43
40
1
11
21
43
40
1
11
21
43
40
1
11
21
43
40
1
11
21
43
40
1
11
21
43
40
1
11
21
43
40
1
11
21
43
40
1
11
21
43
40
1
11
21
43
40
1
11
21
43
40
1
11
21
43
40
1
11
21
43
40
1
11
21
43
40
1
11
21
43
40
1
11
21
43
40
1
11
21
43
40
1
11
21
43
40
1
11
21
43
40
1
11
21
43
40
1
11
21
43
40
1
11
21
43
40
1
11
21
43
40
1
11
21
43
40
1
11
21
43
40
1
11
21