23
33
13
24
30
23
33
13
24
30
23
33
13
24
30
23
33
13
24
30
23
33
13
24
30
23
33
13
24
30
23
33
13
24
30
23
33
13
24
30
23
33
13
24
30
23
33
13
24
30
23
33
13
24
30
23
33
13
24
30
23
33
13
24
30
23
33
13
24
30
23
33
13
24
30
23
33
13
24
30
23
33
13
24
30
23
33
13
24
30
23
33
13
24
30
23
33
13
24
30
23
33
13
24
30
23
33
13
24
30
23
33
13
24
30
23
33
13
24
30
23
33
13
24
30
23
33
13
24
30
23
33
13
24
30
23
33
13
24
30
23
33
13
24
30
23
33
13
24
30
23
33
13
24
30
23
33
13
24
30
23
33
13
24
30
23
33
13
24
30
23
33
13
24
30
23
33
13
24
30
23
33
13
24
30
23
33
13
24
30
23
33
13
24
30
23
33
13
24
30
23
33
13
24
30
23
33
13
24
30
23
33
13
24
30
23
33
13
24
30
23
33
13
24
30
23
33
13
24
30
23
33
13
24
30
23
33
13
24
30
23
33
13
24
30
23
33
13
24
30