1
33
13
40
11
1
33
13
40
11
1
33
13
40
11
1
33
13
40
11
1
33
13
40
11
1
33
13
40
11
1
33
13
40
11
1
33
13
40
11
1
33
13
40
11
1
33
13
40
11
1
33
13
40
11
1
33
13
40
11
1
33
13
40
11
1
33
13
40
11
1
33
13
40
11
1
33
13
40
11
1
33
13
40
11
1
33
13
40
11
1
33
13
40
11
1
33
13
40
11
1
33
13
40
11
1
33
13
40
11
1
33
13
40
11
1
33
13
40
11
1
33
13
40
11
1
33
13
40
11
1
33
13
40
11
1
33
13
40
11
1
33
13
40
11
1
33
13
40
11
1
33
13
40
11
1
33
13
40
11
1
33
13
40
11
1
33
13
40
11
1
33
13
40
11
1
33
13
40
11
1
33
13
40
11
1
33
13
40
11
1
33
13
40
11
1
33
13
40
11
1
33
13
40
11
1
33
13
40
11
1
33
13
40
11
1
33
13
40
11
1
33
13
40
11
1
33
13
40
11
1
33
13
40
11
1
33
13
40
11
1
33
13
40
11
1
33
13
40
11