13
21
33
1
43
13
21
33
1
43
13
21
33
1
43
13
21
33
1
43
13
21
33
1
43
13
21
33
1
43
13
21
33
1
43
13
21
33
1
43
13
21
33
1
43
13
21
33
1
43
13
21
33
1
43
13
21
33
1
43
13
21
33
1
43
13
21
33
1
43
13
21
33
1
43
13
21
33
1
43
13
21
33
1
43
13
21
33
1
43
13
21
33
1
43
13
21
33
1
43
13
21
33
1
43
13
21
33
1
43
13
21
33
1
43
13
21
33
1
43
13
21
33
1
43
13
21
33
1
43
13
21
33
1
43
13
21
33
1
43
13
21
33
1
43
13
21
33
1
43
13
21
33
1
43
13
21
33
1
43
13
21
33
1
43
13
21
33
1
43
13
21
33
1
43
13
21
33
1
43
13
21
33
1
43
13
21
33
1
43
13
21
33
1
43
13
21
33
1
43
13
21
33
1
43
13
21
33
1
43
13
21
33
1
43
13
21
33
1
43
13
21
33
1
43
13
21
33
1
43
13
21
33
1
43
13
21
33
1
43
13
21
33
1
43
13
21
33
1
43