11
13
40
23
21
11
13
40
23
21
11
13
40
23
21
11
13
40
23
21
11
13
40
23
21
11
13
40
23
21
11
13
40
23
21
11
13
40
23
21
11
13
40
23
21
11
13
40
23
21
11
13
40
23
21
11
13
40
23
21
11
13
40
23
21
11
13
40
23
21
11
13
40
23
21
11
13
40
23
21
11
13
40
23
21
11
13
40
23
21
11
13
40
23
21
11
13
40
23
21
11
13
40
23
21
11
13
40
23
21
11
13
40
23
21
11
13
40
23
21
11
13
40
23
21
11
13
40
23
21
11
13
40
23
21
11
13
40
23
21
11
13
40
23
21
11
13
40
23
21
11
13
40
23
21
11
13
40
23
21
11
13
40
23
21
11
13
40
23
21
11
13
40
23
21
11
13
40
23
21
11
13
40
23
21
11
13
40
23
21
11
13
40
23
21
11
13
40
23
21
11
13
40
23
21
11
13
40
23
21
11
13
40
23
21
11
13
40
23
21
11
13
40
23
21
11
13
40
23
21
11
13
40
23
21
11
13
40
23
21
11
13
40
23
21
11
13
40
23
21