11
23
13
43
33
11
23
13
43
33
11
23
13
43
33
11
23
13
43
33
11
23
13
43
33
11
23
13
43
33
11
23
13
43
33
11
23
13
43
33
11
23
13
43
33
11
23
13
43
33
11
23
13
43
33
11
23
13
43
33
11
23
13
43
33
11
23
13
43
33
11
23
13
43
33
11
23
13
43
33
11
23
13
43
33
11
23
13
43
33
11
23
13
43
33
11
23
13
43
33
11
23
13
43
33
11
23
13
43
33
11
23
13
43
33
11
23
13
43
33
11
23
13
43
33
11
23
13
43
33
11
23
13
43
33
11
23
13
43
33
11
23
13
43
33
11
23
13
43
33
11
23
13
43
33
11
23
13
43
33
11
23
13
43
33
11
23
13
43
33
11
23
13
43
33
11
23
13
43
33
11
23
13
43
33
11
23
13
43
33
11
23
13
43
33
11
23
13
43
33
11
23
13
43
33
11
23
13
43
33
11
23
13
43
33
11
23
13
43
33
11
23
13
43
33
11
23
13
43
33
11
23
13
43
33
11
23
13
43
33
11
23
13
43
33
11
23
13
43
33