23
13
30
43
33
23
13
30
43
33
23
13
30
43
33
23
13
30
43
33
23
13
30
43
33
23
13
30
43
33
23
13
30
43
33
23
13
30
43
33
23
13
30
43
33
23
13
30
43
33
23
13
30
43
33
23
13
30
43
33
23
13
30
43
33
23
13
30
43
33
23
13
30
43
33
23
13
30
43
33
23
13
30
43
33
23
13
30
43
33
23
13
30
43
33
23
13
30
43
33
23
13
30
43
33
23
13
30
43
33
23
13
30
43
33
23
13
30
43
33
23
13
30
43
33
23
13
30
43
33
23
13
30
43
33
23
13
30
43
33
23
13
30
43
33
23
13
30
43
33
23
13
30
43
33
23
13
30
43
33
23
13
30
43
33
23
13
30
43
33
23
13
30
43
33
23
13
30
43
33
23
13
30
43
33
23
13
30
43
33
23
13
30
43
33
23
13
30
43
33
23
13
30
43
33
23
13
30
43
33
23
13
30
43
33
23
13
30
43
33
23
13
30
43
33
23
13
30
43
33
23
13
30
43
33
23
13
30
43
33
23
13
30
43
33
23
13
30
43
33