23
13
43
21
33
23
13
43
21
33
23
13
43
21
33
23
13
43
21
33
23
13
43
21
33
23
13
43
21
33
23
13
43
21
33
23
13
43
21
33
23
13
43
21
33
23
13
43
21
33
23
13
43
21
33
23
13
43
21
33
23
13
43
21
33
23
13
43
21
33
23
13
43
21
33
23
13
43
21
33
23
13
43
21
33
23
13
43
21
33
23
13
43
21
33
23
13
43
21
33
23
13
43
21
33
23
13
43
21
33
23
13
43
21
33
23
13
43
21
33
23
13
43
21
33
23
13
43
21
33
23
13
43
21
33
23
13
43
21
33
23
13
43
21
33
23
13
43
21
33
23
13
43
21
33
23
13
43
21
33
23
13
43
21
33
23
13
43
21
33
23
13
43
21
33
23
13
43
21
33
23
13
43
21
33
23
13
43
21
33
23
13
43
21
33
23
13
43
21
33
23
13
43
21
33
23
13
43
21
33
23
13
43
21
33
23
13
43
21
33
23
13
43
21
33
23
13
43
21
33
23
13
43
21
33
23
13
43
21
33
23
13
43
21
33
23
13
43
21
33