11
23
13
30
33
11
23
13
30
33
11
23
13
30
33
11
23
13
30
33
11
23
13
30
33
11
23
13
30
33
11
23
13
30
33
11
23
13
30
33
11
23
13
30
33
11
23
13
30
33
11
23
13
30
33
11
23
13
30
33
11
23
13
30
33
11
23
13
30
33
11
23
13
30
33
11
23
13
30
33
11
23
13
30
33
11
23
13
30
33
11
23
13
30
33
11
23
13
30
33
11
23
13
30
33
11
23
13
30
33
11
23
13
30
33
11
23
13
30
33
11
23
13
30
33
11
23
13
30
33
11
23
13
30
33
11
23
13
30
33
11
23
13
30
33
11
23
13
30
33
11
23
13
30
33
11
23
13
30
33
11
23
13
30
33
11
23
13
30
33
11
23
13
30
33
11
23
13
30
33
11
23
13
30
33
11
23
13
30
33
11
23
13
30
33
11
23
13
30
33
11
23
13
30
33
11
23
13
30
33
11
23
13
30
33
11
23
13
30
33
11
23
13
30
33
11
23
13
30
33
11
23
13
30
33
11
23
13
30
33
11
23
13
30
33
11
23
13
30
33