11
108
17
111
115
57
113
53
18
56
11
108
17
111
115
57
113
53
18
56
11
108
17
111
115
57
113
53
18
56
11
108
17
111
115
57
113
53
18
56
11
108
17
111
115
57
113
53
18
56
11
108
17
111
115
57
113
53
18
56
11
108
17
111
115
57
113
53
18
56
11
108
17
111
115
57
113
53
18
56
11
108
17
111
115
57
113
53
18
56
11
108
17
111
115
57
113
53
18
56
11
108
17
111
115
57
113
53
18
56
11
108
17
111
115
57
113
53
18
56
11
108
17
111
115
57
113
53
18
56
11
108
17
111
115
57
113
53
18
56
11
108
17
111
115
57
113
53
18
56
11
108
17
111
115
57
113
53
18
56
11
108
17
111
115
57
113
53
18
56
11
108
17
111
115
57
113
53
18
56
11
108
17
111
115
57
113
53
18
56
11
108
17
111
115
57
113
53
18
56
11
108
17
111
115
57
113
53
18
56
11
108
17
111
115
57
113
53
18
56
11
108
17
111
115
57
113
53
18
56
11
108
17
111
115
57
113
53
18
56
11
108
17
111
115
57
113
53
18
56
11
108
17
111
115
57
113
53
18
56
11
108
17
111
115
57
113
53
18
56
11
108
17
111
115
57
113
53
18
56
11
108
17
111
115
57
113
53
18
56
11
108
17
111
115
57
113
53
18
56
11
108
17
111
115
57
113
53
18
56
11
108
17
111
115
57
113
53
18
56
11
108
17
111
115
57
113
53
18
56
11
108
17
111
115
57
113
53
18
56
11
108
17
111
115
57
113
53
18
56
11
108
17
111
115
57
113
53
18
56
11
108
17
111
115
57
113
53
18
56
11
108
17
111
115
57
113
53
18
56
11
108
17
111
115
57
113
53
18
56
11
108
17
111
115
57
113
53
18
56
11
108
17
111
115
57
113
53
18
56
11
108
17
111
115
57
113
53
18
56
11
108
17
111
115
57
113
53
18
56
11
108
17
111
115
57
113
53
18
56
11
108
17
111
115
57
113
53
18
56
11
108
17
111
115
57
113
53
18
56
11
108
17
111
115
57
113
53
18
56
11
108
17
111
115
57
113
53
18
56
11
108
17
111
115
57
113
53
18
56
11
108
17
111
115
57
113
53
18
56