11
108
75
17
111
115
2
113
18
56
11
108
75
17
111
115
2
113
18
56
11
108
75
17
111
115
2
113
18
56
11
108
75
17
111
115
2
113
18
56
11
108
75
17
111
115
2
113
18
56
11
108
75
17
111
115
2
113
18
56
11
108
75
17
111
115
2
113
18
56
11
108
75
17
111
115
2
113
18
56
11
108
75
17
111
115
2
113
18
56
11
108
75
17
111
115
2
113
18
56
11
108
75
17
111
115
2
113
18
56
11
108
75
17
111
115
2
113
18
56
11
108
75
17
111
115
2
113
18
56
11
108
75
17
111
115
2
113
18
56
11
108
75
17
111
115
2
113
18
56
11
108
75
17
111
115
2
113
18
56
11
108
75
17
111
115
2
113
18
56
11
108
75
17
111
115
2
113
18
56
11
108
75
17
111
115
2
113
18
56
11
108
75
17
111
115
2
113
18
56
11
108
75
17
111
115
2
113
18
56
11
108
75
17
111
115
2
113
18
56
11
108
75
17
111
115
2
113
18
56
11
108
75
17
111
115
2
113
18
56
11
108
75
17
111
115
2
113
18
56
11
108
75
17
111
115
2
113
18
56
11
108
75
17
111
115
2
113
18
56
11
108
75
17
111
115
2
113
18
56
11
108
75
17
111
115
2
113
18
56
11
108
75
17
111
115
2
113
18
56
11
108
75
17
111
115
2
113
18
56
11
108
75
17
111
115
2
113
18
56
11
108
75
17
111
115
2
113
18
56
11
108
75
17
111
115
2
113
18
56
11
108
75
17
111
115
2
113
18
56
11
108
75
17
111
115
2
113
18
56
11
108
75
17
111
115
2
113
18
56
11
108
75
17
111
115
2
113
18
56
11
108
75
17
111
115
2
113
18
56
11
108
75
17
111
115
2
113
18
56
11
108
75
17
111
115
2
113
18
56
11
108
75
17
111
115
2
113
18
56
11
108
75
17
111
115
2
113
18
56
11
108
75
17
111
115
2
113
18
56
11
108
75
17
111
115
2
113
18
56
11
108
75
17
111
115
2
113
18
56
11
108
75
17
111
115
2
113
18
56
11
108
75
17
111
115
2
113
18
56
11
108
75
17
111
115
2
113
18
56
11
108
75
17
111
115
2
113
18
56