11
75
17
115
2
57
113
53
18
56
11
75
17
115
2
57
113
53
18
56
11
75
17
115
2
57
113
53
18
56
11
75
17
115
2
57
113
53
18
56
11
75
17
115
2
57
113
53
18
56
11
75
17
115
2
57
113
53
18
56
11
75
17
115
2
57
113
53
18
56
11
75
17
115
2
57
113
53
18
56
11
75
17
115
2
57
113
53
18
56
11
75
17
115
2
57
113
53
18
56
11
75
17
115
2
57
113
53
18
56
11
75
17
115
2
57
113
53
18
56
11
75
17
115
2
57
113
53
18
56
11
75
17
115
2
57
113
53
18
56
11
75
17
115
2
57
113
53
18
56
11
75
17
115
2
57
113
53
18
56
11
75
17
115
2
57
113
53
18
56
11
75
17
115
2
57
113
53
18
56
11
75
17
115
2
57
113
53
18
56
11
75
17
115
2
57
113
53
18
56
11
75
17
115
2
57
113
53
18
56
11
75
17
115
2
57
113
53
18
56
11
75
17
115
2
57
113
53
18
56
11
75
17
115
2
57
113
53
18
56
11
75
17
115
2
57
113
53
18
56
11
75
17
115
2
57
113
53
18
56
11
75
17
115
2
57
113
53
18
56
11
75
17
115
2
57
113
53
18
56
11
75
17
115
2
57
113
53
18
56
11
75
17
115
2
57
113
53
18
56
11
75
17
115
2
57
113
53
18
56
11
75
17
115
2
57
113
53
18
56
11
75
17
115
2
57
113
53
18
56
11
75
17
115
2
57
113
53
18
56
11
75
17
115
2
57
113
53
18
56
11
75
17
115
2
57
113
53
18
56
11
75
17
115
2
57
113
53
18
56
11
75
17
115
2
57
113
53
18
56
11
75
17
115
2
57
113
53
18
56
11
75
17
115
2
57
113
53
18
56
11
75
17
115
2
57
113
53
18
56
11
75
17
115
2
57
113
53
18
56
11
75
17
115
2
57
113
53
18
56
11
75
17
115
2
57
113
53
18
56
11
75
17
115
2
57
113
53
18
56
11
75
17
115
2
57
113
53
18
56
11
75
17
115
2
57
113
53
18
56
11
75
17
115
2
57
113
53
18
56
11
75
17
115
2
57
113
53
18
56
11
75
17
115
2
57
113
53
18
56