11
108
75
17
111
2
57
53
18
56
11
108
75
17
111
2
57
53
18
56
11
108
75
17
111
2
57
53
18
56
11
108
75
17
111
2
57
53
18
56
11
108
75
17
111
2
57
53
18
56
11
108
75
17
111
2
57
53
18
56
11
108
75
17
111
2
57
53
18
56
11
108
75
17
111
2
57
53
18
56
11
108
75
17
111
2
57
53
18
56
11
108
75
17
111
2
57
53
18
56
11
108
75
17
111
2
57
53
18
56
11
108
75
17
111
2
57
53
18
56
11
108
75
17
111
2
57
53
18
56
11
108
75
17
111
2
57
53
18
56
11
108
75
17
111
2
57
53
18
56
11
108
75
17
111
2
57
53
18
56
11
108
75
17
111
2
57
53
18
56
11
108
75
17
111
2
57
53
18
56
11
108
75
17
111
2
57
53
18
56
11
108
75
17
111
2
57
53
18
56
11
108
75
17
111
2
57
53
18
56
11
108
75
17
111
2
57
53
18
56
11
108
75
17
111
2
57
53
18
56
11
108
75
17
111
2
57
53
18
56
11
108
75
17
111
2
57
53
18
56
11
108
75
17
111
2
57
53
18
56
11
108
75
17
111
2
57
53
18
56
11
108
75
17
111
2
57
53
18
56
11
108
75
17
111
2
57
53
18
56
11
108
75
17
111
2
57
53
18
56
11
108
75
17
111
2
57
53
18
56
11
108
75
17
111
2
57
53
18
56
11
108
75
17
111
2
57
53
18
56
11
108
75
17
111
2
57
53
18
56
11
108
75
17
111
2
57
53
18
56
11
108
75
17
111
2
57
53
18
56
11
108
75
17
111
2
57
53
18
56
11
108
75
17
111
2
57
53
18
56
11
108
75
17
111
2
57
53
18
56
11
108
75
17
111
2
57
53
18
56
11
108
75
17
111
2
57
53
18
56
11
108
75
17
111
2
57
53
18
56
11
108
75
17
111
2
57
53
18
56
11
108
75
17
111
2
57
53
18
56
11
108
75
17
111
2
57
53
18
56
11
108
75
17
111
2
57
53
18
56
11
108
75
17
111
2
57
53
18
56
11
108
75
17
111
2
57
53
18
56
11
108
75
17
111
2
57
53
18
56
11
108
75
17
111
2
57
53
18
56