108
75
17
111
115
2
57
113
18
56
108
75
17
111
115
2
57
113
18
56
108
75
17
111
115
2
57
113
18
56
108
75
17
111
115
2
57
113
18
56
108
75
17
111
115
2
57
113
18
56
108
75
17
111
115
2
57
113
18
56
108
75
17
111
115
2
57
113
18
56
108
75
17
111
115
2
57
113
18
56
108
75
17
111
115
2
57
113
18
56
108
75
17
111
115
2
57
113
18
56
108
75
17
111
115
2
57
113
18
56
108
75
17
111
115
2
57
113
18
56
108
75
17
111
115
2
57
113
18
56
108
75
17
111
115
2
57
113
18
56
108
75
17
111
115
2
57
113
18
56
108
75
17
111
115
2
57
113
18
56
108
75
17
111
115
2
57
113
18
56
108
75
17
111
115
2
57
113
18
56
108
75
17
111
115
2
57
113
18
56
108
75
17
111
115
2
57
113
18
56
108
75
17
111
115
2
57
113
18
56
108
75
17
111
115
2
57
113
18
56
108
75
17
111
115
2
57
113
18
56
108
75
17
111
115
2
57
113
18
56
108
75
17
111
115
2
57
113
18
56
108
75
17
111
115
2
57
113
18
56
108
75
17
111
115
2
57
113
18
56
108
75
17
111
115
2
57
113
18
56
108
75
17
111
115
2
57
113
18
56
108
75
17
111
115
2
57
113
18
56
108
75
17
111
115
2
57
113
18
56
108
75
17
111
115
2
57
113
18
56
108
75
17
111
115
2
57
113
18
56
108
75
17
111
115
2
57
113
18
56
108
75
17
111
115
2
57
113
18
56
108
75
17
111
115
2
57
113
18
56
108
75
17
111
115
2
57
113
18
56
108
75
17
111
115
2
57
113
18
56
108
75
17
111
115
2
57
113
18
56
108
75
17
111
115
2
57
113
18
56
108
75
17
111
115
2
57
113
18
56
108
75
17
111
115
2
57
113
18
56
108
75
17
111
115
2
57
113
18
56
108
75
17
111
115
2
57
113
18
56
108
75
17
111
115
2
57
113
18
56
108
75
17
111
115
2
57
113
18
56
108
75
17
111
115
2
57
113
18
56
108
75
17
111
115
2
57
113
18
56
108
75
17
111
115
2
57
113
18
56
108
75
17
111
115
2
57
113
18
56