108
75
17
111
115
2
57
53
18
56
108
75
17
111
115
2
57
53
18
56
108
75
17
111
115
2
57
53
18
56
108
75
17
111
115
2
57
53
18
56
108
75
17
111
115
2
57
53
18
56
108
75
17
111
115
2
57
53
18
56
108
75
17
111
115
2
57
53
18
56
108
75
17
111
115
2
57
53
18
56
108
75
17
111
115
2
57
53
18
56
108
75
17
111
115
2
57
53
18
56
108
75
17
111
115
2
57
53
18
56
108
75
17
111
115
2
57
53
18
56
108
75
17
111
115
2
57
53
18
56
108
75
17
111
115
2
57
53
18
56
108
75
17
111
115
2
57
53
18
56
108
75
17
111
115
2
57
53
18
56
108
75
17
111
115
2
57
53
18
56
108
75
17
111
115
2
57
53
18
56
108
75
17
111
115
2
57
53
18
56
108
75
17
111
115
2
57
53
18
56
108
75
17
111
115
2
57
53
18
56
108
75
17
111
115
2
57
53
18
56
108
75
17
111
115
2
57
53
18
56
108
75
17
111
115
2
57
53
18
56
108
75
17
111
115
2
57
53
18
56
108
75
17
111
115
2
57
53
18
56
108
75
17
111
115
2
57
53
18
56
108
75
17
111
115
2
57
53
18
56
108
75
17
111
115
2
57
53
18
56
108
75
17
111
115
2
57
53
18
56
108
75
17
111
115
2
57
53
18
56
108
75
17
111
115
2
57
53
18
56
108
75
17
111
115
2
57
53
18
56
108
75
17
111
115
2
57
53
18
56
108
75
17
111
115
2
57
53
18
56
108
75
17
111
115
2
57
53
18
56
108
75
17
111
115
2
57
53
18
56
108
75
17
111
115
2
57
53
18
56
108
75
17
111
115
2
57
53
18
56
108
75
17
111
115
2
57
53
18
56
108
75
17
111
115
2
57
53
18
56
108
75
17
111
115
2
57
53
18
56
108
75
17
111
115
2
57
53
18
56
108
75
17
111
115
2
57
53
18
56
108
75
17
111
115
2
57
53
18
56
108
75
17
111
115
2
57
53
18
56
108
75
17
111
115
2
57
53
18
56
108
75
17
111
115
2
57
53
18
56
108
75
17
111
115
2
57
53
18
56
108
75
17
111
115
2
57
53
18
56