11
30
1
43
23
11
30
1
43
23
11
30
1
43
23
11
30
1
43
23
11
30
1
43
23
11
30
1
43
23
11
30
1
43
23
11
30
1
43
23
11
30
1
43
23
11
30
1
43
23
11
30
1
43
23
11
30
1
43
23
11
30
1
43
23
11
30
1
43
23
11
30
1
43
23
11
30
1
43
23
11
30
1
43
23
11
30
1
43
23
11
30
1
43
23
11
30
1
43
23
11
30
1
43
23
11
30
1
43
23
11
30
1
43
23
11
30
1
43
23
11
30
1
43
23
11
30
1
43
23
11
30
1
43
23
11
30
1
43
23
11
30
1
43
23
11
30
1
43
23
11
30
1
43
23
11
30
1
43
23
11
30
1
43
23
11
30
1
43
23
11
30
1
43
23
11
30
1
43
23
11
30
1
43
23
11
30
1
43
23
11
30
1
43
23
11
30
1
43
23
11
30
1
43
23
11
30
1
43
23
11
30
1
43
23
11
30
1
43
23
11
30
1
43
23
11
30
1
43
23
11
30
1
43
23
11
30
1
43
23
11
30
1
43
23
11
30
1
43
23