1
40
43
11
30
1
40
43
11
30
1
40
43
11
30
1
40
43
11
30
1
40
43
11
30
1
40
43
11
30
1
40
43
11
30
1
40
43
11
30
1
40
43
11
30
1
40
43
11
30
1
40
43
11
30
1
40
43
11
30
1
40
43
11
30
1
40
43
11
30
1
40
43
11
30
1
40
43
11
30
1
40
43
11
30
1
40
43
11
30
1
40
43
11
30
1
40
43
11
30
1
40
43
11
30
1
40
43
11
30
1
40
43
11
30
1
40
43
11
30
1
40
43
11
30
1
40
43
11
30
1
40
43
11
30
1
40
43
11
30
1
40
43
11
30
1
40
43
11
30
1
40
43
11
30
1
40
43
11
30
1
40
43
11
30
1
40
43
11
30
1
40
43
11
30
1
40
43
11
30
1
40
43
11
30
1
40
43
11
30
1
40
43
11
30
1
40
43
11
30
1
40
43
11
30
1
40
43
11
30
1
40
43
11
30
1
40
43
11
30
1
40
43
11
30
1
40
43
11
30
1
40
43
11
30
1
40
43
11
30
1
40
43
11
30
1
40
43
11
30