24
21
43
11
33
24
21
43
11
33
24
21
43
11
33
24
21
43
11
33
24
21
43
11
33
24
21
43
11
33
24
21
43
11
33
24
21
43
11
33
24
21
43
11
33
24
21
43
11
33
24
21
43
11
33
24
21
43
11
33
24
21
43
11
33
24
21
43
11
33
24
21
43
11
33
24
21
43
11
33
24
21
43
11
33
24
21
43
11
33
24
21
43
11
33
24
21
43
11
33
24
21
43
11
33
24
21
43
11
33
24
21
43
11
33
24
21
43
11
33
24
21
43
11
33
24
21
43
11
33
24
21
43
11
33
24
21
43
11
33
24
21
43
11
33
24
21
43
11
33
24
21
43
11
33
24
21
43
11
33
24
21
43
11
33
24
21
43
11
33
24
21
43
11
33
24
21
43
11
33
24
21
43
11
33
24
21
43
11
33
24
21
43
11
33
24
21
43
11
33
24
21
43
11
33
24
21
43
11
33
24
21
43
11
33
24
21
43
11
33
24
21
43
11
33
24
21
43
11
33
24
21
43
11
33
24
21
43
11
33
24
21
43
11
33
24
21
43
11
33