11
40
43
30
23
11
40
43
30
23
11
40
43
30
23
11
40
43
30
23
11
40
43
30
23
11
40
43
30
23
11
40
43
30
23
11
40
43
30
23
11
40
43
30
23
11
40
43
30
23
11
40
43
30
23
11
40
43
30
23
11
40
43
30
23
11
40
43
30
23
11
40
43
30
23
11
40
43
30
23
11
40
43
30
23
11
40
43
30
23
11
40
43
30
23
11
40
43
30
23
11
40
43
30
23
11
40
43
30
23
11
40
43
30
23
11
40
43
30
23
11
40
43
30
23
11
40
43
30
23
11
40
43
30
23
11
40
43
30
23
11
40
43
30
23
11
40
43
30
23
11
40
43
30
23
11
40
43
30
23
11
40
43
30
23
11
40
43
30
23
11
40
43
30
23
11
40
43
30
23
11
40
43
30
23
11
40
43
30
23
11
40
43
30
23
11
40
43
30
23
11
40
43
30
23
11
40
43
30
23
11
40
43
30
23
11
40
43
30
23
11
40
43
30
23
11
40
43
30
23
11
40
43
30
23
11
40
43
30
23
11
40
43
30
23
11
40
43
30
23