13
43
21
40
11
13
43
21
40
11
13
43
21
40
11
13
43
21
40
11
13
43
21
40
11
13
43
21
40
11
13
43
21
40
11
13
43
21
40
11
13
43
21
40
11
13
43
21
40
11
13
43
21
40
11
13
43
21
40
11
13
43
21
40
11
13
43
21
40
11
13
43
21
40
11
13
43
21
40
11
13
43
21
40
11
13
43
21
40
11
13
43
21
40
11
13
43
21
40
11
13
43
21
40
11
13
43
21
40
11
13
43
21
40
11
13
43
21
40
11
13
43
21
40
11
13
43
21
40
11
13
43
21
40
11
13
43
21
40
11
13
43
21
40
11
13
43
21
40
11
13
43
21
40
11
13
43
21
40
11
13
43
21
40
11
13
43
21
40
11
13
43
21
40
11
13
43
21
40
11
13
43
21
40
11
13
43
21
40
11
13
43
21
40
11
13
43
21
40
11
13
43
21
40
11
13
43
21
40
11
13
43
21
40
11
13
43
21
40
11
13
43
21
40
11
13
43
21
40
11
13
43
21
40
11
13
43
21
40
11
13
43
21
40
11
13
43
21
40
11