43
13
1
30
21
43
13
1
30
21
43
13
1
30
21
43
13
1
30
21
43
13
1
30
21
43
13
1
30
21
43
13
1
30
21
43
13
1
30
21
43
13
1
30
21
43
13
1
30
21
43
13
1
30
21
43
13
1
30
21
43
13
1
30
21
43
13
1
30
21
43
13
1
30
21
43
13
1
30
21
43
13
1
30
21
43
13
1
30
21
43
13
1
30
21
43
13
1
30
21
43
13
1
30
21
43
13
1
30
21
43
13
1
30
21
43
13
1
30
21
43
13
1
30
21
43
13
1
30
21
43
13
1
30
21
43
13
1
30
21
43
13
1
30
21
43
13
1
30
21
43
13
1
30
21
43
13
1
30
21
43
13
1
30
21
43
13
1
30
21
43
13
1
30
21
43
13
1
30
21
43
13
1
30
21
43
13
1
30
21
43
13
1
30
21
43
13
1
30
21
43
13
1
30
21
43
13
1
30
21
43
13
1
30
21
43
13
1
30
21
43
13
1
30
21
43
13
1
30
21
43
13
1
30
21
43
13
1
30
21
43
13
1
30
21
43
13
1
30
21