23
24
30
11
13
23
24
30
11
13
23
24
30
11
13
23
24
30
11
13
23
24
30
11
13
23
24
30
11
13
23
24
30
11
13
23
24
30
11
13
23
24
30
11
13
23
24
30
11
13
23
24
30
11
13
23
24
30
11
13
23
24
30
11
13
23
24
30
11
13
23
24
30
11
13
23
24
30
11
13
23
24
30
11
13
23
24
30
11
13
23
24
30
11
13
23
24
30
11
13
23
24
30
11
13
23
24
30
11
13
23
24
30
11
13
23
24
30
11
13
23
24
30
11
13
23
24
30
11
13
23
24
30
11
13
23
24
30
11
13
23
24
30
11
13
23
24
30
11
13
23
24
30
11
13
23
24
30
11
13
23
24
30
11
13
23
24
30
11
13
23
24
30
11
13
23
24
30
11
13
23
24
30
11
13
23
24
30
11
13
23
24
30
11
13
23
24
30
11
13
23
24
30
11
13
23
24
30
11
13
23
24
30
11
13
23
24
30
11
13
23
24
30
11
13
23
24
30
11
13
23
24
30
11
13
23
24
30
11
13
23
24
30
11
13
23
24
30
11
13