43
11
24
21
40
43
11
24
21
40
43
11
24
21
40
43
11
24
21
40
43
11
24
21
40
43
11
24
21
40
43
11
24
21
40
43
11
24
21
40
43
11
24
21
40
43
11
24
21
40
43
11
24
21
40
43
11
24
21
40
43
11
24
21
40
43
11
24
21
40
43
11
24
21
40
43
11
24
21
40
43
11
24
21
40
43
11
24
21
40
43
11
24
21
40
43
11
24
21
40
43
11
24
21
40
43
11
24
21
40
43
11
24
21
40
43
11
24
21
40
43
11
24
21
40
43
11
24
21
40
43
11
24
21
40
43
11
24
21
40
43
11
24
21
40
43
11
24
21
40
43
11
24
21
40
43
11
24
21
40
43
11
24
21
40
43
11
24
21
40
43
11
24
21
40
43
11
24
21
40
43
11
24
21
40
43
11
24
21
40
43
11
24
21
40
43
11
24
21
40
43
11
24
21
40
43
11
24
21
40
43
11
24
21
40
43
11
24
21
40
43
11
24
21
40
43
11
24
21
40
43
11
24
21
40
43
11
24
21
40
43
11
24
21
40
43
11
24
21
40