24
33
21
1
43
24
33
21
1
43
24
33
21
1
43
24
33
21
1
43
24
33
21
1
43
24
33
21
1
43
24
33
21
1
43
24
33
21
1
43
24
33
21
1
43
24
33
21
1
43
24
33
21
1
43
24
33
21
1
43
24
33
21
1
43
24
33
21
1
43
24
33
21
1
43
24
33
21
1
43
24
33
21
1
43
24
33
21
1
43
24
33
21
1
43
24
33
21
1
43
24
33
21
1
43
24
33
21
1
43
24
33
21
1
43
24
33
21
1
43
24
33
21
1
43
24
33
21
1
43
24
33
21
1
43
24
33
21
1
43
24
33
21
1
43
24
33
21
1
43
24
33
21
1
43
24
33
21
1
43
24
33
21
1
43
24
33
21
1
43
24
33
21
1
43
24
33
21
1
43
24
33
21
1
43
24
33
21
1
43
24
33
21
1
43
24
33
21
1
43
24
33
21
1
43
24
33
21
1
43
24
33
21
1
43
24
33
21
1
43
24
33
21
1
43
24
33
21
1
43
24
33
21
1
43
24
33
21
1
43
24
33
21
1
43
24
33
21
1
43