33
40
1
11
23
33
40
1
11
23
33
40
1
11
23
33
40
1
11
23
33
40
1
11
23
33
40
1
11
23
33
40
1
11
23
33
40
1
11
23
33
40
1
11
23
33
40
1
11
23
33
40
1
11
23
33
40
1
11
23
33
40
1
11
23
33
40
1
11
23
33
40
1
11
23
33
40
1
11
23
33
40
1
11
23
33
40
1
11
23
33
40
1
11
23
33
40
1
11
23
33
40
1
11
23
33
40
1
11
23
33
40
1
11
23
33
40
1
11
23
33
40
1
11
23
33
40
1
11
23
33
40
1
11
23
33
40
1
11
23
33
40
1
11
23
33
40
1
11
23
33
40
1
11
23
33
40
1
11
23
33
40
1
11
23
33
40
1
11
23
33
40
1
11
23
33
40
1
11
23
33
40
1
11
23
33
40
1
11
23
33
40
1
11
23
33
40
1
11
23
33
40
1
11
23
33
40
1
11
23
33
40
1
11
23
33
40
1
11
23
33
40
1
11
23
33
40
1
11
23
33
40
1
11
23
33
40
1
11
23
33
40
1
11
23
33
40
1
11
23