1
43
21
40
11
1
43
21
40
11
1
43
21
40
11
1
43
21
40
11
1
43
21
40
11
1
43
21
40
11
1
43
21
40
11
1
43
21
40
11
1
43
21
40
11
1
43
21
40
11
1
43
21
40
11
1
43
21
40
11
1
43
21
40
11
1
43
21
40
11
1
43
21
40
11
1
43
21
40
11
1
43
21
40
11
1
43
21
40
11
1
43
21
40
11
1
43
21
40
11
1
43
21
40
11
1
43
21
40
11
1
43
21
40
11
1
43
21
40
11
1
43
21
40
11
1
43
21
40
11
1
43
21
40
11
1
43
21
40
11
1
43
21
40
11
1
43
21
40
11
1
43
21
40
11
1
43
21
40
11
1
43
21
40
11
1
43
21
40
11
1
43
21
40
11
1
43
21
40
11
1
43
21
40
11
1
43
21
40
11
1
43
21
40
11
1
43
21
40
11
1
43
21
40
11
1
43
21
40
11
1
43
21
40
11
1
43
21
40
11
1
43
21
40
11
1
43
21
40
11
1
43
21
40
11
1
43
21
40
11
1
43
21
40
11
1
43
21
40
11