24
21
11
33
13
24
21
11
33
13
24
21
11
33
13
24
21
11
33
13
24
21
11
33
13
24
21
11
33
13
24
21
11
33
13
24
21
11
33
13
24
21
11
33
13
24
21
11
33
13
24
21
11
33
13
24
21
11
33
13
24
21
11
33
13
24
21
11
33
13
24
21
11
33
13
24
21
11
33
13
24
21
11
33
13
24
21
11
33
13
24
21
11
33
13
24
21
11
33
13
24
21
11
33
13
24
21
11
33
13
24
21
11
33
13
24
21
11
33
13
24
21
11
33
13
24
21
11
33
13
24
21
11
33
13
24
21
11
33
13
24
21
11
33
13
24
21
11
33
13
24
21
11
33
13
24
21
11
33
13
24
21
11
33
13
24
21
11
33
13
24
21
11
33
13
24
21
11
33
13
24
21
11
33
13
24
21
11
33
13
24
21
11
33
13
24
21
11
33
13
24
21
11
33
13
24
21
11
33
13
24
21
11
33
13
24
21
11
33
13
24
21
11
33
13
24
21
11
33
13
24
21
11
33
13
24
21
11
33
13
24
21
11
33
13
24
21
11
33
13