13
1
21
30
33
13
1
21
30
33
13
1
21
30
33
13
1
21
30
33
13
1
21
30
33
13
1
21
30
33
13
1
21
30
33
13
1
21
30
33
13
1
21
30
33
13
1
21
30
33
13
1
21
30
33
13
1
21
30
33
13
1
21
30
33
13
1
21
30
33
13
1
21
30
33
13
1
21
30
33
13
1
21
30
33
13
1
21
30
33
13
1
21
30
33
13
1
21
30
33
13
1
21
30
33
13
1
21
30
33
13
1
21
30
33
13
1
21
30
33
13
1
21
30
33
13
1
21
30
33
13
1
21
30
33
13
1
21
30
33
13
1
21
30
33
13
1
21
30
33
13
1
21
30
33
13
1
21
30
33
13
1
21
30
33
13
1
21
30
33
13
1
21
30
33
13
1
21
30
33
13
1
21
30
33
13
1
21
30
33
13
1
21
30
33
13
1
21
30
33
13
1
21
30
33
13
1
21
30
33
13
1
21
30
33
13
1
21
30
33
13
1
21
30
33
13
1
21
30
33
13
1
21
30
33
13
1
21
30
33
13
1
21
30
33
13
1
21
30
33