21
43
24
23
11
21
43
24
23
11
21
43
24
23
11
21
43
24
23
11
21
43
24
23
11
21
43
24
23
11
21
43
24
23
11
21
43
24
23
11
21
43
24
23
11
21
43
24
23
11
21
43
24
23
11
21
43
24
23
11
21
43
24
23
11
21
43
24
23
11
21
43
24
23
11
21
43
24
23
11
21
43
24
23
11
21
43
24
23
11
21
43
24
23
11
21
43
24
23
11
21
43
24
23
11
21
43
24
23
11
21
43
24
23
11
21
43
24
23
11
21
43
24
23
11
21
43
24
23
11
21
43
24
23
11
21
43
24
23
11
21
43
24
23
11
21
43
24
23
11
21
43
24
23
11
21
43
24
23
11
21
43
24
23
11
21
43
24
23
11
21
43
24
23
11
21
43
24
23
11
21
43
24
23
11
21
43
24
23
11
21
43
24
23
11
21
43
24
23
11
21
43
24
23
11
21
43
24
23
11
21
43
24
23
11
21
43
24
23
11
21
43
24
23
11
21
43
24
23
11
21
43
24
23
11
21
43
24
23
11
21
43
24
23
11
21
43
24
23
11