33
30
13
1
11
33
30
13
1
11
33
30
13
1
11
33
30
13
1
11
33
30
13
1
11
33
30
13
1
11
33
30
13
1
11
33
30
13
1
11
33
30
13
1
11
33
30
13
1
11
33
30
13
1
11
33
30
13
1
11
33
30
13
1
11
33
30
13
1
11
33
30
13
1
11
33
30
13
1
11
33
30
13
1
11
33
30
13
1
11
33
30
13
1
11
33
30
13
1
11
33
30
13
1
11
33
30
13
1
11
33
30
13
1
11
33
30
13
1
11
33
30
13
1
11
33
30
13
1
11
33
30
13
1
11
33
30
13
1
11
33
30
13
1
11
33
30
13
1
11
33
30
13
1
11
33
30
13
1
11
33
30
13
1
11
33
30
13
1
11
33
30
13
1
11
33
30
13
1
11
33
30
13
1
11
33
30
13
1
11
33
30
13
1
11
33
30
13
1
11
33
30
13
1
11
33
30
13
1
11
33
30
13
1
11
33
30
13
1
11
33
30
13
1
11
33
30
13
1
11
33
30
13
1
11
33
30
13
1
11
33
30
13
1
11
33
30
13
1
11