40
30
43
11
24
40
30
43
11
24
40
30
43
11
24
40
30
43
11
24
40
30
43
11
24
40
30
43
11
24
40
30
43
11
24
40
30
43
11
24
40
30
43
11
24
40
30
43
11
24
40
30
43
11
24
40
30
43
11
24
40
30
43
11
24
40
30
43
11
24
40
30
43
11
24
40
30
43
11
24
40
30
43
11
24
40
30
43
11
24
40
30
43
11
24
40
30
43
11
24
40
30
43
11
24
40
30
43
11
24
40
30
43
11
24
40
30
43
11
24
40
30
43
11
24
40
30
43
11
24
40
30
43
11
24
40
30
43
11
24
40
30
43
11
24
40
30
43
11
24
40
30
43
11
24
40
30
43
11
24
40
30
43
11
24
40
30
43
11
24
40
30
43
11
24
40
30
43
11
24
40
30
43
11
24
40
30
43
11
24
40
30
43
11
24
40
30
43
11
24
40
30
43
11
24
40
30
43
11
24
40
30
43
11
24
40
30
43
11
24
40
30
43
11
24
40
30
43
11
24
40
30
43
11
24
40
30
43
11
24
40
30
43
11
24
40
30
43
11
24