24
43
23
1
13
24
43
23
1
13
24
43
23
1
13
24
43
23
1
13
24
43
23
1
13
24
43
23
1
13
24
43
23
1
13
24
43
23
1
13
24
43
23
1
13
24
43
23
1
13
24
43
23
1
13
24
43
23
1
13
24
43
23
1
13
24
43
23
1
13
24
43
23
1
13
24
43
23
1
13
24
43
23
1
13
24
43
23
1
13
24
43
23
1
13
24
43
23
1
13
24
43
23
1
13
24
43
23
1
13
24
43
23
1
13
24
43
23
1
13
24
43
23
1
13
24
43
23
1
13
24
43
23
1
13
24
43
23
1
13
24
43
23
1
13
24
43
23
1
13
24
43
23
1
13
24
43
23
1
13
24
43
23
1
13
24
43
23
1
13
24
43
23
1
13
24
43
23
1
13
24
43
23
1
13
24
43
23
1
13
24
43
23
1
13
24
43
23
1
13
24
43
23
1
13
24
43
23
1
13
24
43
23
1
13
24
43
23
1
13
24
43
23
1
13
24
43
23
1
13
24
43
23
1
13
24
43
23
1
13
24
43
23
1
13
24
43
23
1
13