21
23
13
1
43
21
23
13
1
43
21
23
13
1
43
21
23
13
1
43
21
23
13
1
43
21
23
13
1
43
21
23
13
1
43
21
23
13
1
43
21
23
13
1
43
21
23
13
1
43
21
23
13
1
43
21
23
13
1
43
21
23
13
1
43
21
23
13
1
43
21
23
13
1
43
21
23
13
1
43
21
23
13
1
43
21
23
13
1
43
21
23
13
1
43
21
23
13
1
43
21
23
13
1
43
21
23
13
1
43
21
23
13
1
43
21
23
13
1
43
21
23
13
1
43
21
23
13
1
43
21
23
13
1
43
21
23
13
1
43
21
23
13
1
43
21
23
13
1
43
21
23
13
1
43
21
23
13
1
43
21
23
13
1
43
21
23
13
1
43
21
23
13
1
43
21
23
13
1
43
21
23
13
1
43
21
23
13
1
43
21
23
13
1
43
21
23
13
1
43
21
23
13
1
43
21
23
13
1
43
21
23
13
1
43
21
23
13
1
43
21
23
13
1
43
21
23
13
1
43
21
23
13
1
43
21
23
13
1
43
21
23
13
1
43
21
23
13
1
43