1
21
13
43
40
1
21
13
43
40
1
21
13
43
40
1
21
13
43
40
1
21
13
43
40
1
21
13
43
40
1
21
13
43
40
1
21
13
43
40
1
21
13
43
40
1
21
13
43
40
1
21
13
43
40
1
21
13
43
40
1
21
13
43
40
1
21
13
43
40
1
21
13
43
40
1
21
13
43
40
1
21
13
43
40
1
21
13
43
40
1
21
13
43
40
1
21
13
43
40
1
21
13
43
40
1
21
13
43
40
1
21
13
43
40
1
21
13
43
40
1
21
13
43
40
1
21
13
43
40
1
21
13
43
40
1
21
13
43
40
1
21
13
43
40
1
21
13
43
40
1
21
13
43
40
1
21
13
43
40
1
21
13
43
40
1
21
13
43
40
1
21
13
43
40
1
21
13
43
40
1
21
13
43
40
1
21
13
43
40
1
21
13
43
40
1
21
13
43
40
1
21
13
43
40
1
21
13
43
40
1
21
13
43
40
1
21
13
43
40
1
21
13
43
40
1
21
13
43
40
1
21
13
43
40
1
21
13
43
40
1
21
13
43
40
1
21
13
43
40