43
33
24
11
1
43
33
24
11
1
43
33
24
11
1
43
33
24
11
1
43
33
24
11
1
43
33
24
11
1
43
33
24
11
1
43
33
24
11
1
43
33
24
11
1
43
33
24
11
1
43
33
24
11
1
43
33
24
11
1
43
33
24
11
1
43
33
24
11
1
43
33
24
11
1
43
33
24
11
1
43
33
24
11
1
43
33
24
11
1
43
33
24
11
1
43
33
24
11
1
43
33
24
11
1
43
33
24
11
1
43
33
24
11
1
43
33
24
11
1
43
33
24
11
1
43
33
24
11
1
43
33
24
11
1
43
33
24
11
1
43
33
24
11
1
43
33
24
11
1
43
33
24
11
1
43
33
24
11
1
43
33
24
11
1
43
33
24
11
1
43
33
24
11
1
43
33
24
11
1
43
33
24
11
1
43
33
24
11
1
43
33
24
11
1
43
33
24
11
1
43
33
24
11
1
43
33
24
11
1
43
33
24
11
1
43
33
24
11
1
43
33
24
11
1
43
33
24
11
1
43
33
24
11
1
43
33
24
11
1
43
33
24
11
1
43
33
24
11
1