33
13
40
43
11
33
13
40
43
11
33
13
40
43
11
33
13
40
43
11
33
13
40
43
11
33
13
40
43
11
33
13
40
43
11
33
13
40
43
11
33
13
40
43
11
33
13
40
43
11
33
13
40
43
11
33
13
40
43
11
33
13
40
43
11
33
13
40
43
11
33
13
40
43
11
33
13
40
43
11
33
13
40
43
11
33
13
40
43
11
33
13
40
43
11
33
13
40
43
11
33
13
40
43
11
33
13
40
43
11
33
13
40
43
11
33
13
40
43
11
33
13
40
43
11
33
13
40
43
11
33
13
40
43
11
33
13
40
43
11
33
13
40
43
11
33
13
40
43
11
33
13
40
43
11
33
13
40
43
11
33
13
40
43
11
33
13
40
43
11
33
13
40
43
11
33
13
40
43
11
33
13
40
43
11
33
13
40
43
11
33
13
40
43
11
33
13
40
43
11
33
13
40
43
11
33
13
40
43
11
33
13
40
43
11
33
13
40
43
11
33
13
40
43
11
33
13
40
43
11
33
13
40
43
11
33
13
40
43
11
33
13
40
43
11
33
13
40
43
11