33
40
23
43
13
33
40
23
43
13
33
40
23
43
13
33
40
23
43
13
33
40
23
43
13
33
40
23
43
13
33
40
23
43
13
33
40
23
43
13
33
40
23
43
13
33
40
23
43
13
33
40
23
43
13
33
40
23
43
13
33
40
23
43
13
33
40
23
43
13
33
40
23
43
13
33
40
23
43
13
33
40
23
43
13
33
40
23
43
13
33
40
23
43
13
33
40
23
43
13
33
40
23
43
13
33
40
23
43
13
33
40
23
43
13
33
40
23
43
13
33
40
23
43
13
33
40
23
43
13
33
40
23
43
13
33
40
23
43
13
33
40
23
43
13
33
40
23
43
13
33
40
23
43
13
33
40
23
43
13
33
40
23
43
13
33
40
23
43
13
33
40
23
43
13
33
40
23
43
13
33
40
23
43
13
33
40
23
43
13
33
40
23
43
13
33
40
23
43
13
33
40
23
43
13
33
40
23
43
13
33
40
23
43
13
33
40
23
43
13
33
40
23
43
13
33
40
23
43
13
33
40
23
43
13
33
40
23
43
13
33
40
23
43
13
33
40
23
43
13