43
21
23
40
24
43
21
23
40
24
43
21
23
40
24
43
21
23
40
24
43
21
23
40
24
43
21
23
40
24
43
21
23
40
24
43
21
23
40
24
43
21
23
40
24
43
21
23
40
24
43
21
23
40
24
43
21
23
40
24
43
21
23
40
24
43
21
23
40
24
43
21
23
40
24
43
21
23
40
24
43
21
23
40
24
43
21
23
40
24
43
21
23
40
24
43
21
23
40
24
43
21
23
40
24
43
21
23
40
24
43
21
23
40
24
43
21
23
40
24
43
21
23
40
24
43
21
23
40
24
43
21
23
40
24
43
21
23
40
24
43
21
23
40
24
43
21
23
40
24
43
21
23
40
24
43
21
23
40
24
43
21
23
40
24
43
21
23
40
24
43
21
23
40
24
43
21
23
40
24
43
21
23
40
24
43
21
23
40
24
43
21
23
40
24
43
21
23
40
24
43
21
23
40
24
43
21
23
40
24
43
21
23
40
24
43
21
23
40
24
43
21
23
40
24
43
21
23
40
24
43
21
23
40
24
43
21
23
40
24
43
21
23
40
24
43
21
23
40
24