13
24
33
40
11
13
24
33
40
11
13
24
33
40
11
13
24
33
40
11
13
24
33
40
11
13
24
33
40
11
13
24
33
40
11
13
24
33
40
11
13
24
33
40
11
13
24
33
40
11
13
24
33
40
11
13
24
33
40
11
13
24
33
40
11
13
24
33
40
11
13
24
33
40
11
13
24
33
40
11
13
24
33
40
11
13
24
33
40
11
13
24
33
40
11
13
24
33
40
11
13
24
33
40
11
13
24
33
40
11
13
24
33
40
11
13
24
33
40
11
13
24
33
40
11
13
24
33
40
11
13
24
33
40
11
13
24
33
40
11
13
24
33
40
11
13
24
33
40
11
13
24
33
40
11
13
24
33
40
11
13
24
33
40
11
13
24
33
40
11
13
24
33
40
11
13
24
33
40
11
13
24
33
40
11
13
24
33
40
11
13
24
33
40
11
13
24
33
40
11
13
24
33
40
11
13
24
33
40
11
13
24
33
40
11
13
24
33
40
11
13
24
33
40
11
13
24
33
40
11
13
24
33
40
11
13
24
33
40
11
13
24
33
40
11
13
24
33
40
11