21
43
33
30
24
21
43
33
30
24
21
43
33
30
24
21
43
33
30
24
21
43
33
30
24
21
43
33
30
24
21
43
33
30
24
21
43
33
30
24
21
43
33
30
24
21
43
33
30
24
21
43
33
30
24
21
43
33
30
24
21
43
33
30
24
21
43
33
30
24
21
43
33
30
24
21
43
33
30
24
21
43
33
30
24
21
43
33
30
24
21
43
33
30
24
21
43
33
30
24
21
43
33
30
24
21
43
33
30
24
21
43
33
30
24
21
43
33
30
24
21
43
33
30
24
21
43
33
30
24
21
43
33
30
24
21
43
33
30
24
21
43
33
30
24
21
43
33
30
24
21
43
33
30
24
21
43
33
30
24
21
43
33
30
24
21
43
33
30
24
21
43
33
30
24
21
43
33
30
24
21
43
33
30
24
21
43
33
30
24
21
43
33
30
24
21
43
33
30
24
21
43
33
30
24
21
43
33
30
24
21
43
33
30
24
21
43
33
30
24
21
43
33
30
24
21
43
33
30
24
21
43
33
30
24
21
43
33
30
24
21
43
33
30
24
21
43
33
30
24