30
43
21
33
11
30
43
21
33
11
30
43
21
33
11
30
43
21
33
11
30
43
21
33
11
30
43
21
33
11
30
43
21
33
11
30
43
21
33
11
30
43
21
33
11
30
43
21
33
11
30
43
21
33
11
30
43
21
33
11
30
43
21
33
11
30
43
21
33
11
30
43
21
33
11
30
43
21
33
11
30
43
21
33
11
30
43
21
33
11
30
43
21
33
11
30
43
21
33
11
30
43
21
33
11
30
43
21
33
11
30
43
21
33
11
30
43
21
33
11
30
43
21
33
11
30
43
21
33
11
30
43
21
33
11
30
43
21
33
11
30
43
21
33
11
30
43
21
33
11
30
43
21
33
11
30
43
21
33
11
30
43
21
33
11
30
43
21
33
11
30
43
21
33
11
30
43
21
33
11
30
43
21
33
11
30
43
21
33
11
30
43
21
33
11
30
43
21
33
11
30
43
21
33
11
30
43
21
33
11
30
43
21
33
11
30
43
21
33
11
30
43
21
33
11
30
43
21
33
11
30
43
21
33
11
30
43
21
33
11
30
43
21
33
11
30
43
21
33
11