33
24
43
13
30
33
24
43
13
30
33
24
43
13
30
33
24
43
13
30
33
24
43
13
30
33
24
43
13
30
33
24
43
13
30
33
24
43
13
30
33
24
43
13
30
33
24
43
13
30
33
24
43
13
30
33
24
43
13
30
33
24
43
13
30
33
24
43
13
30
33
24
43
13
30
33
24
43
13
30
33
24
43
13
30
33
24
43
13
30
33
24
43
13
30
33
24
43
13
30
33
24
43
13
30
33
24
43
13
30
33
24
43
13
30
33
24
43
13
30
33
24
43
13
30
33
24
43
13
30
33
24
43
13
30
33
24
43
13
30
33
24
43
13
30
33
24
43
13
30
33
24
43
13
30
33
24
43
13
30
33
24
43
13
30
33
24
43
13
30
33
24
43
13
30
33
24
43
13
30
33
24
43
13
30
33
24
43
13
30
33
24
43
13
30
33
24
43
13
30
33
24
43
13
30
33
24
43
13
30
33
24
43
13
30
33
24
43
13
30
33
24
43
13
30
33
24
43
13
30
33
24
43
13
30
33
24
43
13
30
33
24
43
13
30
33
24
43
13
30