13
23
24
43
21
13
23
24
43
21
13
23
24
43
21
13
23
24
43
21
13
23
24
43
21
13
23
24
43
21
13
23
24
43
21
13
23
24
43
21
13
23
24
43
21
13
23
24
43
21
13
23
24
43
21
13
23
24
43
21
13
23
24
43
21
13
23
24
43
21
13
23
24
43
21
13
23
24
43
21
13
23
24
43
21
13
23
24
43
21
13
23
24
43
21
13
23
24
43
21
13
23
24
43
21
13
23
24
43
21
13
23
24
43
21
13
23
24
43
21
13
23
24
43
21
13
23
24
43
21
13
23
24
43
21
13
23
24
43
21
13
23
24
43
21
13
23
24
43
21
13
23
24
43
21
13
23
24
43
21
13
23
24
43
21
13
23
24
43
21
13
23
24
43
21
13
23
24
43
21
13
23
24
43
21
13
23
24
43
21
13
23
24
43
21
13
23
24
43
21
13
23
24
43
21
13
23
24
43
21
13
23
24
43
21
13
23
24
43
21
13
23
24
43
21
13
23
24
43
21
13
23
24
43
21
13
23
24
43
21
13
23
24
43
21
13
23
24
43
21