23
21
13
11
40
23
21
13
11
40
23
21
13
11
40
23
21
13
11
40
23
21
13
11
40
23
21
13
11
40
23
21
13
11
40
23
21
13
11
40
23
21
13
11
40
23
21
13
11
40
23
21
13
11
40
23
21
13
11
40
23
21
13
11
40
23
21
13
11
40
23
21
13
11
40
23
21
13
11
40
23
21
13
11
40
23
21
13
11
40
23
21
13
11
40
23
21
13
11
40
23
21
13
11
40
23
21
13
11
40
23
21
13
11
40
23
21
13
11
40
23
21
13
11
40
23
21
13
11
40
23
21
13
11
40
23
21
13
11
40
23
21
13
11
40
23
21
13
11
40
23
21
13
11
40
23
21
13
11
40
23
21
13
11
40
23
21
13
11
40
23
21
13
11
40
23
21
13
11
40
23
21
13
11
40
23
21
13
11
40
23
21
13
11
40
23
21
13
11
40
23
21
13
11
40
23
21
13
11
40
23
21
13
11
40
23
21
13
11
40
23
21
13
11
40
23
21
13
11
40
23
21
13
11
40
23
21
13
11
40
23
21
13
11
40
23
21
13
11
40