21
40
11
23
30
21
40
11
23
30
21
40
11
23
30
21
40
11
23
30
21
40
11
23
30
21
40
11
23
30
21
40
11
23
30
21
40
11
23
30
21
40
11
23
30
21
40
11
23
30
21
40
11
23
30
21
40
11
23
30
21
40
11
23
30
21
40
11
23
30
21
40
11
23
30
21
40
11
23
30
21
40
11
23
30
21
40
11
23
30
21
40
11
23
30
21
40
11
23
30
21
40
11
23
30
21
40
11
23
30
21
40
11
23
30
21
40
11
23
30
21
40
11
23
30
21
40
11
23
30
21
40
11
23
30
21
40
11
23
30
21
40
11
23
30
21
40
11
23
30
21
40
11
23
30
21
40
11
23
30
21
40
11
23
30
21
40
11
23
30
21
40
11
23
30
21
40
11
23
30
21
40
11
23
30
21
40
11
23
30
21
40
11
23
30
21
40
11
23
30
21
40
11
23
30
21
40
11
23
30
21
40
11
23
30
21
40
11
23
30
21
40
11
23
30
21
40
11
23
30
21
40
11
23
30
21
40
11
23
30
21
40
11
23
30
21
40
11
23
30