43
24
23
1
21
43
24
23
1
21
43
24
23
1
21
43
24
23
1
21
43
24
23
1
21
43
24
23
1
21
43
24
23
1
21
43
24
23
1
21
43
24
23
1
21
43
24
23
1
21
43
24
23
1
21
43
24
23
1
21
43
24
23
1
21
43
24
23
1
21
43
24
23
1
21
43
24
23
1
21
43
24
23
1
21
43
24
23
1
21
43
24
23
1
21
43
24
23
1
21
43
24
23
1
21
43
24
23
1
21
43
24
23
1
21
43
24
23
1
21
43
24
23
1
21
43
24
23
1
21
43
24
23
1
21
43
24
23
1
21
43
24
23
1
21
43
24
23
1
21
43
24
23
1
21
43
24
23
1
21
43
24
23
1
21
43
24
23
1
21
43
24
23
1
21
43
24
23
1
21
43
24
23
1
21
43
24
23
1
21
43
24
23
1
21
43
24
23
1
21
43
24
23
1
21
43
24
23
1
21
43
24
23
1
21
43
24
23
1
21
43
24
23
1
21
43
24
23
1
21
43
24
23
1
21
43
24
23
1
21
43
24
23
1
21
43
24
23
1
21