11
13
30
43
24
11
13
30
43
24
11
13
30
43
24
11
13
30
43
24
11
13
30
43
24
11
13
30
43
24
11
13
30
43
24
11
13
30
43
24
11
13
30
43
24
11
13
30
43
24
11
13
30
43
24
11
13
30
43
24
11
13
30
43
24
11
13
30
43
24
11
13
30
43
24
11
13
30
43
24
11
13
30
43
24
11
13
30
43
24
11
13
30
43
24
11
13
30
43
24
11
13
30
43
24
11
13
30
43
24
11
13
30
43
24
11
13
30
43
24
11
13
30
43
24
11
13
30
43
24
11
13
30
43
24
11
13
30
43
24
11
13
30
43
24
11
13
30
43
24
11
13
30
43
24
11
13
30
43
24
11
13
30
43
24
11
13
30
43
24
11
13
30
43
24
11
13
30
43
24
11
13
30
43
24
11
13
30
43
24
11
13
30
43
24
11
13
30
43
24
11
13
30
43
24
11
13
30
43
24
11
13
30
43
24
11
13
30
43
24
11
13
30
43
24
11
13
30
43
24
11
13
30
43
24
11
13
30
43
24
11
13
30
43
24
11
13
30
43
24