30
21
40
43
33
30
21
40
43
33
30
21
40
43
33
30
21
40
43
33
30
21
40
43
33
30
21
40
43
33
30
21
40
43
33
30
21
40
43
33
30
21
40
43
33
30
21
40
43
33
30
21
40
43
33
30
21
40
43
33
30
21
40
43
33
30
21
40
43
33
30
21
40
43
33
30
21
40
43
33
30
21
40
43
33
30
21
40
43
33
30
21
40
43
33
30
21
40
43
33
30
21
40
43
33
30
21
40
43
33
30
21
40
43
33
30
21
40
43
33
30
21
40
43
33
30
21
40
43
33
30
21
40
43
33
30
21
40
43
33
30
21
40
43
33
30
21
40
43
33
30
21
40
43
33
30
21
40
43
33
30
21
40
43
33
30
21
40
43
33
30
21
40
43
33
30
21
40
43
33
30
21
40
43
33
30
21
40
43
33
30
21
40
43
33
30
21
40
43
33
30
21
40
43
33
30
21
40
43
33
30
21
40
43
33
30
21
40
43
33
30
21
40
43
33
30
21
40
43
33
30
21
40
43
33
30
21
40
43
33
30
21
40
43
33
30
21
40
43
33