21
1
24
13
30
21
1
24
13
30
21
1
24
13
30
21
1
24
13
30
21
1
24
13
30
21
1
24
13
30
21
1
24
13
30
21
1
24
13
30
21
1
24
13
30
21
1
24
13
30
21
1
24
13
30
21
1
24
13
30
21
1
24
13
30
21
1
24
13
30
21
1
24
13
30
21
1
24
13
30
21
1
24
13
30
21
1
24
13
30
21
1
24
13
30
21
1
24
13
30
21
1
24
13
30
21
1
24
13
30
21
1
24
13
30
21
1
24
13
30
21
1
24
13
30
21
1
24
13
30
21
1
24
13
30
21
1
24
13
30
21
1
24
13
30
21
1
24
13
30
21
1
24
13
30
21
1
24
13
30
21
1
24
13
30
21
1
24
13
30
21
1
24
13
30
21
1
24
13
30
21
1
24
13
30
21
1
24
13
30
21
1
24
13
30
21
1
24
13
30
21
1
24
13
30
21
1
24
13
30
21
1
24
13
30
21
1
24
13
30
21
1
24
13
30
21
1
24
13
30
21
1
24
13
30
21
1
24
13
30
21
1
24
13
30
21
1
24
13
30