1
21
33
40
30
1
21
33
40
30
1
21
33
40
30
1
21
33
40
30
1
21
33
40
30
1
21
33
40
30
1
21
33
40
30
1
21
33
40
30
1
21
33
40
30
1
21
33
40
30
1
21
33
40
30
1
21
33
40
30
1
21
33
40
30
1
21
33
40
30
1
21
33
40
30
1
21
33
40
30
1
21
33
40
30
1
21
33
40
30
1
21
33
40
30
1
21
33
40
30
1
21
33
40
30
1
21
33
40
30
1
21
33
40
30
1
21
33
40
30
1
21
33
40
30
1
21
33
40
30
1
21
33
40
30
1
21
33
40
30
1
21
33
40
30
1
21
33
40
30
1
21
33
40
30
1
21
33
40
30
1
21
33
40
30
1
21
33
40
30
1
21
33
40
30
1
21
33
40
30
1
21
33
40
30
1
21
33
40
30
1
21
33
40
30
1
21
33
40
30
1
21
33
40
30
1
21
33
40
30
1
21
33
40
30
1
21
33
40
30
1
21
33
40
30
1
21
33
40
30
1
21
33
40
30
1
21
33
40
30
1
21
33
40
30
1
21
33
40
30