43
1
11
30
40
43
1
11
30
40
43
1
11
30
40
43
1
11
30
40
43
1
11
30
40
43
1
11
30
40
43
1
11
30
40
43
1
11
30
40
43
1
11
30
40
43
1
11
30
40
43
1
11
30
40
43
1
11
30
40
43
1
11
30
40
43
1
11
30
40
43
1
11
30
40
43
1
11
30
40
43
1
11
30
40
43
1
11
30
40
43
1
11
30
40
43
1
11
30
40
43
1
11
30
40
43
1
11
30
40
43
1
11
30
40
43
1
11
30
40
43
1
11
30
40
43
1
11
30
40
43
1
11
30
40
43
1
11
30
40
43
1
11
30
40
43
1
11
30
40
43
1
11
30
40
43
1
11
30
40
43
1
11
30
40
43
1
11
30
40
43
1
11
30
40
43
1
11
30
40
43
1
11
30
40
43
1
11
30
40
43
1
11
30
40
43
1
11
30
40
43
1
11
30
40
43
1
11
30
40
43
1
11
30
40
43
1
11
30
40
43
1
11
30
40
43
1
11
30
40
43
1
11
30
40
43
1
11
30
40
43
1
11
30
40
43
1
11
30
40