24
23
33
43
21
24
23
33
43
21
24
23
33
43
21
24
23
33
43
21
24
23
33
43
21
24
23
33
43
21
24
23
33
43
21
24
23
33
43
21
24
23
33
43
21
24
23
33
43
21
24
23
33
43
21
24
23
33
43
21
24
23
33
43
21
24
23
33
43
21
24
23
33
43
21
24
23
33
43
21
24
23
33
43
21
24
23
33
43
21
24
23
33
43
21
24
23
33
43
21
24
23
33
43
21
24
23
33
43
21
24
23
33
43
21
24
23
33
43
21
24
23
33
43
21
24
23
33
43
21
24
23
33
43
21
24
23
33
43
21
24
23
33
43
21
24
23
33
43
21
24
23
33
43
21
24
23
33
43
21
24
23
33
43
21
24
23
33
43
21
24
23
33
43
21
24
23
33
43
21
24
23
33
43
21
24
23
33
43
21
24
23
33
43
21
24
23
33
43
21
24
23
33
43
21
24
23
33
43
21
24
23
33
43
21
24
23
33
43
21
24
23
33
43
21
24
23
33
43
21
24
23
33
43
21
24
23
33
43
21
24
23
33
43
21
24
23
33
43
21