33
43
1
21
13
33
43
1
21
13
33
43
1
21
13
33
43
1
21
13
33
43
1
21
13
33
43
1
21
13
33
43
1
21
13
33
43
1
21
13
33
43
1
21
13
33
43
1
21
13
33
43
1
21
13
33
43
1
21
13
33
43
1
21
13
33
43
1
21
13
33
43
1
21
13
33
43
1
21
13
33
43
1
21
13
33
43
1
21
13
33
43
1
21
13
33
43
1
21
13
33
43
1
21
13
33
43
1
21
13
33
43
1
21
13
33
43
1
21
13
33
43
1
21
13
33
43
1
21
13
33
43
1
21
13
33
43
1
21
13
33
43
1
21
13
33
43
1
21
13
33
43
1
21
13
33
43
1
21
13
33
43
1
21
13
33
43
1
21
13
33
43
1
21
13
33
43
1
21
13
33
43
1
21
13
33
43
1
21
13
33
43
1
21
13
33
43
1
21
13
33
43
1
21
13
33
43
1
21
13
33
43
1
21
13
33
43
1
21
13
33
43
1
21
13
33
43
1
21
13
33
43
1
21
13
33
43
1
21
13
33
43
1
21
13
33
43
1
21
13