23
24
40
13
30
23
24
40
13
30
23
24
40
13
30
23
24
40
13
30
23
24
40
13
30
23
24
40
13
30
23
24
40
13
30
23
24
40
13
30
23
24
40
13
30
23
24
40
13
30
23
24
40
13
30
23
24
40
13
30
23
24
40
13
30
23
24
40
13
30
23
24
40
13
30
23
24
40
13
30
23
24
40
13
30
23
24
40
13
30
23
24
40
13
30
23
24
40
13
30
23
24
40
13
30
23
24
40
13
30
23
24
40
13
30
23
24
40
13
30
23
24
40
13
30
23
24
40
13
30
23
24
40
13
30
23
24
40
13
30
23
24
40
13
30
23
24
40
13
30
23
24
40
13
30
23
24
40
13
30
23
24
40
13
30
23
24
40
13
30
23
24
40
13
30
23
24
40
13
30
23
24
40
13
30
23
24
40
13
30
23
24
40
13
30
23
24
40
13
30
23
24
40
13
30
23
24
40
13
30
23
24
40
13
30
23
24
40
13
30
23
24
40
13
30
23
24
40
13
30
23
24
40
13
30
23
24
40
13
30
23
24
40
13
30
23
24
40
13
30