23
21
13
43
1
23
21
13
43
1
23
21
13
43
1
23
21
13
43
1
23
21
13
43
1
23
21
13
43
1
23
21
13
43
1
23
21
13
43
1
23
21
13
43
1
23
21
13
43
1
23
21
13
43
1
23
21
13
43
1
23
21
13
43
1
23
21
13
43
1
23
21
13
43
1
23
21
13
43
1
23
21
13
43
1
23
21
13
43
1
23
21
13
43
1
23
21
13
43
1
23
21
13
43
1
23
21
13
43
1
23
21
13
43
1
23
21
13
43
1
23
21
13
43
1
23
21
13
43
1
23
21
13
43
1
23
21
13
43
1
23
21
13
43
1
23
21
13
43
1
23
21
13
43
1
23
21
13
43
1
23
21
13
43
1
23
21
13
43
1
23
21
13
43
1
23
21
13
43
1
23
21
13
43
1
23
21
13
43
1
23
21
13
43
1
23
21
13
43
1
23
21
13
43
1
23
21
13
43
1
23
21
13
43
1
23
21
13
43
1
23
21
13
43
1
23
21
13
43
1
23
21
13
43
1
23
21
13
43
1
23
21
13
43
1
23
21
13
43
1