13
1
40
23
33
13
1
40
23
33
13
1
40
23
33
13
1
40
23
33
13
1
40
23
33
13
1
40
23
33
13
1
40
23
33
13
1
40
23
33
13
1
40
23
33
13
1
40
23
33
13
1
40
23
33
13
1
40
23
33
13
1
40
23
33
13
1
40
23
33
13
1
40
23
33
13
1
40
23
33
13
1
40
23
33
13
1
40
23
33
13
1
40
23
33
13
1
40
23
33
13
1
40
23
33
13
1
40
23
33
13
1
40
23
33
13
1
40
23
33
13
1
40
23
33
13
1
40
23
33
13
1
40
23
33
13
1
40
23
33
13
1
40
23
33
13
1
40
23
33
13
1
40
23
33
13
1
40
23
33
13
1
40
23
33
13
1
40
23
33
13
1
40
23
33
13
1
40
23
33
13
1
40
23
33
13
1
40
23
33
13
1
40
23
33
13
1
40
23
33
13
1
40
23
33
13
1
40
23
33
13
1
40
23
33
13
1
40
23
33
13
1
40
23
33
13
1
40
23
33
13
1
40
23
33
13
1
40
23
33
13
1
40
23
33
13
1
40
23
33