30
33
23
40
43
30
33
23
40
43
30
33
23
40
43
30
33
23
40
43
30
33
23
40
43
30
33
23
40
43
30
33
23
40
43
30
33
23
40
43
30
33
23
40
43
30
33
23
40
43
30
33
23
40
43
30
33
23
40
43
30
33
23
40
43
30
33
23
40
43
30
33
23
40
43
30
33
23
40
43
30
33
23
40
43
30
33
23
40
43
30
33
23
40
43
30
33
23
40
43
30
33
23
40
43
30
33
23
40
43
30
33
23
40
43
30
33
23
40
43
30
33
23
40
43
30
33
23
40
43
30
33
23
40
43
30
33
23
40
43
30
33
23
40
43
30
33
23
40
43
30
33
23
40
43
30
33
23
40
43
30
33
23
40
43
30
33
23
40
43
30
33
23
40
43
30
33
23
40
43
30
33
23
40
43
30
33
23
40
43
30
33
23
40
43
30
33
23
40
43
30
33
23
40
43
30
33
23
40
43
30
33
23
40
43
30
33
23
40
43
30
33
23
40
43
30
33
23
40
43
30
33
23
40
43
30
33
23
40
43
30
33
23
40
43
30
33
23
40
43