43
21
33
23
30
43
21
33
23
30
43
21
33
23
30
43
21
33
23
30
43
21
33
23
30
43
21
33
23
30
43
21
33
23
30
43
21
33
23
30
43
21
33
23
30
43
21
33
23
30
43
21
33
23
30
43
21
33
23
30
43
21
33
23
30
43
21
33
23
30
43
21
33
23
30
43
21
33
23
30
43
21
33
23
30
43
21
33
23
30
43
21
33
23
30
43
21
33
23
30
43
21
33
23
30
43
21
33
23
30
43
21
33
23
30
43
21
33
23
30
43
21
33
23
30
43
21
33
23
30
43
21
33
23
30
43
21
33
23
30
43
21
33
23
30
43
21
33
23
30
43
21
33
23
30
43
21
33
23
30
43
21
33
23
30
43
21
33
23
30
43
21
33
23
30
43
21
33
23
30
43
21
33
23
30
43
21
33
23
30
43
21
33
23
30
43
21
33
23
30
43
21
33
23
30
43
21
33
23
30
43
21
33
23
30
43
21
33
23
30
43
21
33
23
30
43
21
33
23
30
43
21
33
23
30
43
21
33
23
30
43
21
33
23
30
43
21
33
23
30