33
43
11
24
21
33
43
11
24
21
33
43
11
24
21
33
43
11
24
21
33
43
11
24
21
33
43
11
24
21
33
43
11
24
21
33
43
11
24
21
33
43
11
24
21
33
43
11
24
21
33
43
11
24
21
33
43
11
24
21
33
43
11
24
21
33
43
11
24
21
33
43
11
24
21
33
43
11
24
21
33
43
11
24
21
33
43
11
24
21
33
43
11
24
21
33
43
11
24
21
33
43
11
24
21
33
43
11
24
21
33
43
11
24
21
33
43
11
24
21
33
43
11
24
21
33
43
11
24
21
33
43
11
24
21
33
43
11
24
21
33
43
11
24
21
33
43
11
24
21
33
43
11
24
21
33
43
11
24
21
33
43
11
24
21
33
43
11
24
21
33
43
11
24
21
33
43
11
24
21
33
43
11
24
21
33
43
11
24
21
33
43
11
24
21
33
43
11
24
21
33
43
11
24
21
33
43
11
24
21
33
43
11
24
21
33
43
11
24
21
33
43
11
24
21
33
43
11
24
21
33
43
11
24
21
33
43
11
24
21
33
43
11
24
21
33
43
11
24
21