40
23
33
1
43
40
23
33
1
43
40
23
33
1
43
40
23
33
1
43
40
23
33
1
43
40
23
33
1
43
40
23
33
1
43
40
23
33
1
43
40
23
33
1
43
40
23
33
1
43
40
23
33
1
43
40
23
33
1
43
40
23
33
1
43
40
23
33
1
43
40
23
33
1
43
40
23
33
1
43
40
23
33
1
43
40
23
33
1
43
40
23
33
1
43
40
23
33
1
43
40
23
33
1
43
40
23
33
1
43
40
23
33
1
43
40
23
33
1
43
40
23
33
1
43
40
23
33
1
43
40
23
33
1
43
40
23
33
1
43
40
23
33
1
43
40
23
33
1
43
40
23
33
1
43
40
23
33
1
43
40
23
33
1
43
40
23
33
1
43
40
23
33
1
43
40
23
33
1
43
40
23
33
1
43
40
23
33
1
43
40
23
33
1
43
40
23
33
1
43
40
23
33
1
43
40
23
33
1
43
40
23
33
1
43
40
23
33
1
43
40
23
33
1
43
40
23
33
1
43
40
23
33
1
43
40
23
33
1
43
40
23
33
1
43
40
23
33
1
43