24
13
40
23
11
24
13
40
23
11
24
13
40
23
11
24
13
40
23
11
24
13
40
23
11
24
13
40
23
11
24
13
40
23
11
24
13
40
23
11
24
13
40
23
11
24
13
40
23
11
24
13
40
23
11
24
13
40
23
11
24
13
40
23
11
24
13
40
23
11
24
13
40
23
11
24
13
40
23
11
24
13
40
23
11
24
13
40
23
11
24
13
40
23
11
24
13
40
23
11
24
13
40
23
11
24
13
40
23
11
24
13
40
23
11
24
13
40
23
11
24
13
40
23
11
24
13
40
23
11
24
13
40
23
11
24
13
40
23
11
24
13
40
23
11
24
13
40
23
11
24
13
40
23
11
24
13
40
23
11
24
13
40
23
11
24
13
40
23
11
24
13
40
23
11
24
13
40
23
11
24
13
40
23
11
24
13
40
23
11
24
13
40
23
11
24
13
40
23
11
24
13
40
23
11
24
13
40
23
11
24
13
40
23
11
24
13
40
23
11
24
13
40
23
11
24
13
40
23
11
24
13
40
23
11
24
13
40
23
11
24
13
40
23
11
24
13
40
23
11