33
43
24
21
1
33
43
24
21
1
33
43
24
21
1
33
43
24
21
1
33
43
24
21
1
33
43
24
21
1
33
43
24
21
1
33
43
24
21
1
33
43
24
21
1
33
43
24
21
1
33
43
24
21
1
33
43
24
21
1
33
43
24
21
1
33
43
24
21
1
33
43
24
21
1
33
43
24
21
1
33
43
24
21
1
33
43
24
21
1
33
43
24
21
1
33
43
24
21
1
33
43
24
21
1
33
43
24
21
1
33
43
24
21
1
33
43
24
21
1
33
43
24
21
1
33
43
24
21
1
33
43
24
21
1
33
43
24
21
1
33
43
24
21
1
33
43
24
21
1
33
43
24
21
1
33
43
24
21
1
33
43
24
21
1
33
43
24
21
1
33
43
24
21
1
33
43
24
21
1
33
43
24
21
1
33
43
24
21
1
33
43
24
21
1
33
43
24
21
1
33
43
24
21
1
33
43
24
21
1
33
43
24
21
1
33
43
24
21
1
33
43
24
21
1
33
43
24
21
1
33
43
24
21
1
33
43
24
21
1
33
43
24
21
1
33
43
24
21
1