40
1
24
30
11
40
1
24
30
11
40
1
24
30
11
40
1
24
30
11
40
1
24
30
11
40
1
24
30
11
40
1
24
30
11
40
1
24
30
11
40
1
24
30
11
40
1
24
30
11
40
1
24
30
11
40
1
24
30
11
40
1
24
30
11
40
1
24
30
11
40
1
24
30
11
40
1
24
30
11
40
1
24
30
11
40
1
24
30
11
40
1
24
30
11
40
1
24
30
11
40
1
24
30
11
40
1
24
30
11
40
1
24
30
11
40
1
24
30
11
40
1
24
30
11
40
1
24
30
11
40
1
24
30
11
40
1
24
30
11
40
1
24
30
11
40
1
24
30
11
40
1
24
30
11
40
1
24
30
11
40
1
24
30
11
40
1
24
30
11
40
1
24
30
11
40
1
24
30
11
40
1
24
30
11
40
1
24
30
11
40
1
24
30
11
40
1
24
30
11
40
1
24
30
11
40
1
24
30
11
40
1
24
30
11
40
1
24
30
11
40
1
24
30
11
40
1
24
30
11
40
1
24
30
11
40
1
24
30
11
40
1
24
30
11
40
1
24
30
11