13
21
43
24
30
13
21
43
24
30
13
21
43
24
30
13
21
43
24
30
13
21
43
24
30
13
21
43
24
30
13
21
43
24
30
13
21
43
24
30
13
21
43
24
30
13
21
43
24
30
13
21
43
24
30
13
21
43
24
30
13
21
43
24
30
13
21
43
24
30
13
21
43
24
30
13
21
43
24
30
13
21
43
24
30
13
21
43
24
30
13
21
43
24
30
13
21
43
24
30
13
21
43
24
30
13
21
43
24
30
13
21
43
24
30
13
21
43
24
30
13
21
43
24
30
13
21
43
24
30
13
21
43
24
30
13
21
43
24
30
13
21
43
24
30
13
21
43
24
30
13
21
43
24
30
13
21
43
24
30
13
21
43
24
30
13
21
43
24
30
13
21
43
24
30
13
21
43
24
30
13
21
43
24
30
13
21
43
24
30
13
21
43
24
30
13
21
43
24
30
13
21
43
24
30
13
21
43
24
30
13
21
43
24
30
13
21
43
24
30
13
21
43
24
30
13
21
43
24
30
13
21
43
24
30
13
21
43
24
30
13
21
43
24
30
13
21
43
24
30