30
40
43
33
24
30
40
43
33
24
30
40
43
33
24
30
40
43
33
24
30
40
43
33
24
30
40
43
33
24
30
40
43
33
24
30
40
43
33
24
30
40
43
33
24
30
40
43
33
24
30
40
43
33
24
30
40
43
33
24
30
40
43
33
24
30
40
43
33
24
30
40
43
33
24
30
40
43
33
24
30
40
43
33
24
30
40
43
33
24
30
40
43
33
24
30
40
43
33
24
30
40
43
33
24
30
40
43
33
24
30
40
43
33
24
30
40
43
33
24
30
40
43
33
24
30
40
43
33
24
30
40
43
33
24
30
40
43
33
24
30
40
43
33
24
30
40
43
33
24
30
40
43
33
24
30
40
43
33
24
30
40
43
33
24
30
40
43
33
24
30
40
43
33
24
30
40
43
33
24
30
40
43
33
24
30
40
43
33
24
30
40
43
33
24
30
40
43
33
24
30
40
43
33
24
30
40
43
33
24
30
40
43
33
24
30
40
43
33
24
30
40
43
33
24
30
40
43
33
24
30
40
43
33
24
30
40
43
33
24
30
40
43
33
24
30
40
43
33
24