13
40
30
43
23
13
40
30
43
23
13
40
30
43
23
13
40
30
43
23
13
40
30
43
23
13
40
30
43
23
13
40
30
43
23
13
40
30
43
23
13
40
30
43
23
13
40
30
43
23
13
40
30
43
23
13
40
30
43
23
13
40
30
43
23
13
40
30
43
23
13
40
30
43
23
13
40
30
43
23
13
40
30
43
23
13
40
30
43
23
13
40
30
43
23
13
40
30
43
23
13
40
30
43
23
13
40
30
43
23
13
40
30
43
23
13
40
30
43
23
13
40
30
43
23
13
40
30
43
23
13
40
30
43
23
13
40
30
43
23
13
40
30
43
23
13
40
30
43
23
13
40
30
43
23
13
40
30
43
23
13
40
30
43
23
13
40
30
43
23
13
40
30
43
23
13
40
30
43
23
13
40
30
43
23
13
40
30
43
23
13
40
30
43
23
13
40
30
43
23
13
40
30
43
23
13
40
30
43
23
13
40
30
43
23
13
40
30
43
23
13
40
30
43
23
13
40
30
43
23
13
40
30
43
23
13
40
30
43
23
13
40
30
43
23
13
40
30
43
23