33
13
40
21
1
33
13
40
21
1
33
13
40
21
1
33
13
40
21
1
33
13
40
21
1
33
13
40
21
1
33
13
40
21
1
33
13
40
21
1
33
13
40
21
1
33
13
40
21
1
33
13
40
21
1
33
13
40
21
1
33
13
40
21
1
33
13
40
21
1
33
13
40
21
1
33
13
40
21
1
33
13
40
21
1
33
13
40
21
1
33
13
40
21
1
33
13
40
21
1
33
13
40
21
1
33
13
40
21
1
33
13
40
21
1
33
13
40
21
1
33
13
40
21
1
33
13
40
21
1
33
13
40
21
1
33
13
40
21
1
33
13
40
21
1
33
13
40
21
1
33
13
40
21
1
33
13
40
21
1
33
13
40
21
1
33
13
40
21
1
33
13
40
21
1
33
13
40
21
1
33
13
40
21
1
33
13
40
21
1
33
13
40
21
1
33
13
40
21
1
33
13
40
21
1
33
13
40
21
1
33
13
40
21
1
33
13
40
21
1
33
13
40
21
1
33
13
40
21
1
33
13
40
21
1
33
13
40
21
1
33
13
40
21
1
33
13
40
21
1