1
11
40
13
24
1
11
40
13
24
1
11
40
13
24
1
11
40
13
24
1
11
40
13
24
1
11
40
13
24
1
11
40
13
24
1
11
40
13
24
1
11
40
13
24
1
11
40
13
24
1
11
40
13
24
1
11
40
13
24
1
11
40
13
24
1
11
40
13
24
1
11
40
13
24
1
11
40
13
24
1
11
40
13
24
1
11
40
13
24
1
11
40
13
24
1
11
40
13
24
1
11
40
13
24
1
11
40
13
24
1
11
40
13
24
1
11
40
13
24
1
11
40
13
24
1
11
40
13
24
1
11
40
13
24
1
11
40
13
24
1
11
40
13
24
1
11
40
13
24
1
11
40
13
24
1
11
40
13
24
1
11
40
13
24
1
11
40
13
24
1
11
40
13
24
1
11
40
13
24
1
11
40
13
24
1
11
40
13
24
1
11
40
13
24
1
11
40
13
24
1
11
40
13
24
1
11
40
13
24
1
11
40
13
24
1
11
40
13
24
1
11
40
13
24
1
11
40
13
24
1
11
40
13
24
1
11
40
13
24
1
11
40
13
24
1
11
40
13
24