40
24
30
33
13
40
24
30
33
13
40
24
30
33
13
40
24
30
33
13
40
24
30
33
13
40
24
30
33
13
40
24
30
33
13
40
24
30
33
13
40
24
30
33
13
40
24
30
33
13
40
24
30
33
13
40
24
30
33
13
40
24
30
33
13
40
24
30
33
13
40
24
30
33
13
40
24
30
33
13
40
24
30
33
13
40
24
30
33
13
40
24
30
33
13
40
24
30
33
13
40
24
30
33
13
40
24
30
33
13
40
24
30
33
13
40
24
30
33
13
40
24
30
33
13
40
24
30
33
13
40
24
30
33
13
40
24
30
33
13
40
24
30
33
13
40
24
30
33
13
40
24
30
33
13
40
24
30
33
13
40
24
30
33
13
40
24
30
33
13
40
24
30
33
13
40
24
30
33
13
40
24
30
33
13
40
24
30
33
13
40
24
30
33
13
40
24
30
33
13
40
24
30
33
13
40
24
30
33
13
40
24
30
33
13
40
24
30
33
13
40
24
30
33
13
40
24
30
33
13
40
24
30
33
13
40
24
30
33
13
40
24
30
33
13
40
24
30
33
13