1
40
33
21
24
1
40
33
21
24
1
40
33
21
24
1
40
33
21
24
1
40
33
21
24
1
40
33
21
24
1
40
33
21
24
1
40
33
21
24
1
40
33
21
24
1
40
33
21
24
1
40
33
21
24
1
40
33
21
24
1
40
33
21
24
1
40
33
21
24
1
40
33
21
24
1
40
33
21
24
1
40
33
21
24
1
40
33
21
24
1
40
33
21
24
1
40
33
21
24
1
40
33
21
24
1
40
33
21
24
1
40
33
21
24
1
40
33
21
24
1
40
33
21
24
1
40
33
21
24
1
40
33
21
24
1
40
33
21
24
1
40
33
21
24
1
40
33
21
24
1
40
33
21
24
1
40
33
21
24
1
40
33
21
24
1
40
33
21
24
1
40
33
21
24
1
40
33
21
24
1
40
33
21
24
1
40
33
21
24
1
40
33
21
24
1
40
33
21
24
1
40
33
21
24
1
40
33
21
24
1
40
33
21
24
1
40
33
21
24
1
40
33
21
24
1
40
33
21
24
1
40
33
21
24
1
40
33
21
24
1
40
33
21
24
1
40
33
21
24