33
1
24
30
40
33
1
24
30
40
33
1
24
30
40
33
1
24
30
40
33
1
24
30
40
33
1
24
30
40
33
1
24
30
40
33
1
24
30
40
33
1
24
30
40
33
1
24
30
40
33
1
24
30
40
33
1
24
30
40
33
1
24
30
40
33
1
24
30
40
33
1
24
30
40
33
1
24
30
40
33
1
24
30
40
33
1
24
30
40
33
1
24
30
40
33
1
24
30
40
33
1
24
30
40
33
1
24
30
40
33
1
24
30
40
33
1
24
30
40
33
1
24
30
40
33
1
24
30
40
33
1
24
30
40
33
1
24
30
40
33
1
24
30
40
33
1
24
30
40
33
1
24
30
40
33
1
24
30
40
33
1
24
30
40
33
1
24
30
40
33
1
24
30
40
33
1
24
30
40
33
1
24
30
40
33
1
24
30
40
33
1
24
30
40
33
1
24
30
40
33
1
24
30
40
33
1
24
30
40
33
1
24
30
40
33
1
24
30
40
33
1
24
30
40
33
1
24
30
40
33
1
24
30
40
33
1
24
30
40
33
1
24
30
40
33
1
24
30
40