40
1
24
43
30
40
1
24
43
30
40
1
24
43
30
40
1
24
43
30
40
1
24
43
30
40
1
24
43
30
40
1
24
43
30
40
1
24
43
30
40
1
24
43
30
40
1
24
43
30
40
1
24
43
30
40
1
24
43
30
40
1
24
43
30
40
1
24
43
30
40
1
24
43
30
40
1
24
43
30
40
1
24
43
30
40
1
24
43
30
40
1
24
43
30
40
1
24
43
30
40
1
24
43
30
40
1
24
43
30
40
1
24
43
30
40
1
24
43
30
40
1
24
43
30
40
1
24
43
30
40
1
24
43
30
40
1
24
43
30
40
1
24
43
30
40
1
24
43
30
40
1
24
43
30
40
1
24
43
30
40
1
24
43
30
40
1
24
43
30
40
1
24
43
30
40
1
24
43
30
40
1
24
43
30
40
1
24
43
30
40
1
24
43
30
40
1
24
43
30
40
1
24
43
30
40
1
24
43
30
40
1
24
43
30
40
1
24
43
30
40
1
24
43
30
40
1
24
43
30
40
1
24
43
30
40
1
24
43
30
40
1
24
43
30
40
1
24
43
30