33
11
1
21
40
33
11
1
21
40
33
11
1
21
40
33
11
1
21
40
33
11
1
21
40
33
11
1
21
40
33
11
1
21
40
33
11
1
21
40
33
11
1
21
40
33
11
1
21
40
33
11
1
21
40
33
11
1
21
40
33
11
1
21
40
33
11
1
21
40
33
11
1
21
40
33
11
1
21
40
33
11
1
21
40
33
11
1
21
40
33
11
1
21
40
33
11
1
21
40
33
11
1
21
40
33
11
1
21
40
33
11
1
21
40
33
11
1
21
40
33
11
1
21
40
33
11
1
21
40
33
11
1
21
40
33
11
1
21
40
33
11
1
21
40
33
11
1
21
40
33
11
1
21
40
33
11
1
21
40
33
11
1
21
40
33
11
1
21
40
33
11
1
21
40
33
11
1
21
40
33
11
1
21
40
33
11
1
21
40
33
11
1
21
40
33
11
1
21
40
33
11
1
21
40
33
11
1
21
40
33
11
1
21
40
33
11
1
21
40
33
11
1
21
40
33
11
1
21
40
33
11
1
21
40
33
11
1
21
40
33
11
1
21
40
33
11
1
21
40