30
33
1
40
23
30
33
1
40
23
30
33
1
40
23
30
33
1
40
23
30
33
1
40
23
30
33
1
40
23
30
33
1
40
23
30
33
1
40
23
30
33
1
40
23
30
33
1
40
23
30
33
1
40
23
30
33
1
40
23
30
33
1
40
23
30
33
1
40
23
30
33
1
40
23
30
33
1
40
23
30
33
1
40
23
30
33
1
40
23
30
33
1
40
23
30
33
1
40
23
30
33
1
40
23
30
33
1
40
23
30
33
1
40
23
30
33
1
40
23
30
33
1
40
23
30
33
1
40
23
30
33
1
40
23
30
33
1
40
23
30
33
1
40
23
30
33
1
40
23
30
33
1
40
23
30
33
1
40
23
30
33
1
40
23
30
33
1
40
23
30
33
1
40
23
30
33
1
40
23
30
33
1
40
23
30
33
1
40
23
30
33
1
40
23
30
33
1
40
23
30
33
1
40
23
30
33
1
40
23
30
33
1
40
23
30
33
1
40
23
30
33
1
40
23
30
33
1
40
23
30
33
1
40
23
30
33
1
40
23
30
33
1
40
23
30
33
1
40
23