30
23
24
1
33
30
23
24
1
33
30
23
24
1
33
30
23
24
1
33
30
23
24
1
33
30
23
24
1
33
30
23
24
1
33
30
23
24
1
33
30
23
24
1
33
30
23
24
1
33
30
23
24
1
33
30
23
24
1
33
30
23
24
1
33
30
23
24
1
33
30
23
24
1
33
30
23
24
1
33
30
23
24
1
33
30
23
24
1
33
30
23
24
1
33
30
23
24
1
33
30
23
24
1
33
30
23
24
1
33
30
23
24
1
33
30
23
24
1
33
30
23
24
1
33
30
23
24
1
33
30
23
24
1
33
30
23
24
1
33
30
23
24
1
33
30
23
24
1
33
30
23
24
1
33
30
23
24
1
33
30
23
24
1
33
30
23
24
1
33
30
23
24
1
33
30
23
24
1
33
30
23
24
1
33
30
23
24
1
33
30
23
24
1
33
30
23
24
1
33
30
23
24
1
33
30
23
24
1
33
30
23
24
1
33
30
23
24
1
33
30
23
24
1
33
30
23
24
1
33
30
23
24
1
33
30
23
24
1
33
30
23
24
1
33
30
23
24
1
33