11
21
33
40
43
11
21
33
40
43
11
21
33
40
43
11
21
33
40
43
11
21
33
40
43
11
21
33
40
43
11
21
33
40
43
11
21
33
40
43
11
21
33
40
43
11
21
33
40
43
11
21
33
40
43
11
21
33
40
43
11
21
33
40
43
11
21
33
40
43
11
21
33
40
43
11
21
33
40
43
11
21
33
40
43
11
21
33
40
43
11
21
33
40
43
11
21
33
40
43
11
21
33
40
43
11
21
33
40
43
11
21
33
40
43
11
21
33
40
43
11
21
33
40
43
11
21
33
40
43
11
21
33
40
43
11
21
33
40
43
11
21
33
40
43
11
21
33
40
43
11
21
33
40
43
11
21
33
40
43
11
21
33
40
43
11
21
33
40
43
11
21
33
40
43
11
21
33
40
43
11
21
33
40
43
11
21
33
40
43
11
21
33
40
43
11
21
33
40
43
11
21
33
40
43
11
21
33
40
43
11
21
33
40
43
11
21
33
40
43
11
21
33
40
43
11
21
33
40
43
11
21
33
40
43
11
21
33
40
43
11
21
33
40
43
11
21
33
40
43