33
43
24
30
13
33
43
24
30
13
33
43
24
30
13
33
43
24
30
13
33
43
24
30
13
33
43
24
30
13
33
43
24
30
13
33
43
24
30
13
33
43
24
30
13
33
43
24
30
13
33
43
24
30
13
33
43
24
30
13
33
43
24
30
13
33
43
24
30
13
33
43
24
30
13
33
43
24
30
13
33
43
24
30
13
33
43
24
30
13
33
43
24
30
13
33
43
24
30
13
33
43
24
30
13
33
43
24
30
13
33
43
24
30
13
33
43
24
30
13
33
43
24
30
13
33
43
24
30
13
33
43
24
30
13
33
43
24
30
13
33
43
24
30
13
33
43
24
30
13
33
43
24
30
13
33
43
24
30
13
33
43
24
30
13
33
43
24
30
13
33
43
24
30
13
33
43
24
30
13
33
43
24
30
13
33
43
24
30
13
33
43
24
30
13
33
43
24
30
13
33
43
24
30
13
33
43
24
30
13
33
43
24
30
13
33
43
24
30
13
33
43
24
30
13
33
43
24
30
13
33
43
24
30
13
33
43
24
30
13
33
43
24
30
13
33
43
24
30
13