23
1
43
11
33
23
1
43
11
33
23
1
43
11
33
23
1
43
11
33
23
1
43
11
33
23
1
43
11
33
23
1
43
11
33
23
1
43
11
33
23
1
43
11
33
23
1
43
11
33
23
1
43
11
33
23
1
43
11
33
23
1
43
11
33
23
1
43
11
33
23
1
43
11
33
23
1
43
11
33
23
1
43
11
33
23
1
43
11
33
23
1
43
11
33
23
1
43
11
33
23
1
43
11
33
23
1
43
11
33
23
1
43
11
33
23
1
43
11
33
23
1
43
11
33
23
1
43
11
33
23
1
43
11
33
23
1
43
11
33
23
1
43
11
33
23
1
43
11
33
23
1
43
11
33
23
1
43
11
33
23
1
43
11
33
23
1
43
11
33
23
1
43
11
33
23
1
43
11
33
23
1
43
11
33
23
1
43
11
33
23
1
43
11
33
23
1
43
11
33
23
1
43
11
33
23
1
43
11
33
23
1
43
11
33
23
1
43
11
33
23
1
43
11
33
23
1
43
11
33
23
1
43
11
33
23
1
43
11
33
23
1
43
11
33
23
1
43
11
33