24
21
11
33
1
24
21
11
33
1
24
21
11
33
1
24
21
11
33
1
24
21
11
33
1
24
21
11
33
1
24
21
11
33
1
24
21
11
33
1
24
21
11
33
1
24
21
11
33
1
24
21
11
33
1
24
21
11
33
1
24
21
11
33
1
24
21
11
33
1
24
21
11
33
1
24
21
11
33
1
24
21
11
33
1
24
21
11
33
1
24
21
11
33
1
24
21
11
33
1
24
21
11
33
1
24
21
11
33
1
24
21
11
33
1
24
21
11
33
1
24
21
11
33
1
24
21
11
33
1
24
21
11
33
1
24
21
11
33
1
24
21
11
33
1
24
21
11
33
1
24
21
11
33
1
24
21
11
33
1
24
21
11
33
1
24
21
11
33
1
24
21
11
33
1
24
21
11
33
1
24
21
11
33
1
24
21
11
33
1
24
21
11
33
1
24
21
11
33
1
24
21
11
33
1
24
21
11
33
1
24
21
11
33
1
24
21
11
33
1
24
21
11
33
1
24
21
11
33
1
24
21
11
33
1
24
21
11
33
1
24
21
11
33
1
24
21
11
33
1