24
1
23
43
30
24
1
23
43
30
24
1
23
43
30
24
1
23
43
30
24
1
23
43
30
24
1
23
43
30
24
1
23
43
30
24
1
23
43
30
24
1
23
43
30
24
1
23
43
30
24
1
23
43
30
24
1
23
43
30
24
1
23
43
30
24
1
23
43
30
24
1
23
43
30
24
1
23
43
30
24
1
23
43
30
24
1
23
43
30
24
1
23
43
30
24
1
23
43
30
24
1
23
43
30
24
1
23
43
30
24
1
23
43
30
24
1
23
43
30
24
1
23
43
30
24
1
23
43
30
24
1
23
43
30
24
1
23
43
30
24
1
23
43
30
24
1
23
43
30
24
1
23
43
30
24
1
23
43
30
24
1
23
43
30
24
1
23
43
30
24
1
23
43
30
24
1
23
43
30
24
1
23
43
30
24
1
23
43
30
24
1
23
43
30
24
1
23
43
30
24
1
23
43
30
24
1
23
43
30
24
1
23
43
30
24
1
23
43
30
24
1
23
43
30
24
1
23
43
30
24
1
23
43
30
24
1
23
43
30
24
1
23
43
30
24
1
23
43
30