11
43
13
23
1
11
43
13
23
1
11
43
13
23
1
11
43
13
23
1
11
43
13
23
1
11
43
13
23
1
11
43
13
23
1
11
43
13
23
1
11
43
13
23
1
11
43
13
23
1
11
43
13
23
1
11
43
13
23
1
11
43
13
23
1
11
43
13
23
1
11
43
13
23
1
11
43
13
23
1
11
43
13
23
1
11
43
13
23
1
11
43
13
23
1
11
43
13
23
1
11
43
13
23
1
11
43
13
23
1
11
43
13
23
1
11
43
13
23
1
11
43
13
23
1
11
43
13
23
1
11
43
13
23
1
11
43
13
23
1
11
43
13
23
1
11
43
13
23
1
11
43
13
23
1
11
43
13
23
1
11
43
13
23
1
11
43
13
23
1
11
43
13
23
1
11
43
13
23
1
11
43
13
23
1
11
43
13
23
1
11
43
13
23
1
11
43
13
23
1
11
43
13
23
1
11
43
13
23
1
11
43
13
23
1
11
43
13
23
1
11
43
13
23
1
11
43
13
23
1
11
43
13
23
1
11
43
13
23
1
11
43
13
23
1
11
43
13
23
1