13
43
21
1
23
13
43
21
1
23
13
43
21
1
23
13
43
21
1
23
13
43
21
1
23
13
43
21
1
23
13
43
21
1
23
13
43
21
1
23
13
43
21
1
23
13
43
21
1
23
13
43
21
1
23
13
43
21
1
23
13
43
21
1
23
13
43
21
1
23
13
43
21
1
23
13
43
21
1
23
13
43
21
1
23
13
43
21
1
23
13
43
21
1
23
13
43
21
1
23
13
43
21
1
23
13
43
21
1
23
13
43
21
1
23
13
43
21
1
23
13
43
21
1
23
13
43
21
1
23
13
43
21
1
23
13
43
21
1
23
13
43
21
1
23
13
43
21
1
23
13
43
21
1
23
13
43
21
1
23
13
43
21
1
23
13
43
21
1
23
13
43
21
1
23
13
43
21
1
23
13
43
21
1
23
13
43
21
1
23
13
43
21
1
23
13
43
21
1
23
13
43
21
1
23
13
43
21
1
23
13
43
21
1
23
13
43
21
1
23
13
43
21
1
23
13
43
21
1
23
13
43
21
1
23
13
43
21
1
23
13
43
21
1
23
13
43
21
1
23