40
23
33
43
13
40
23
33
43
13
40
23
33
43
13
40
23
33
43
13
40
23
33
43
13
40
23
33
43
13
40
23
33
43
13
40
23
33
43
13
40
23
33
43
13
40
23
33
43
13
40
23
33
43
13
40
23
33
43
13
40
23
33
43
13
40
23
33
43
13
40
23
33
43
13
40
23
33
43
13
40
23
33
43
13
40
23
33
43
13
40
23
33
43
13
40
23
33
43
13
40
23
33
43
13
40
23
33
43
13
40
23
33
43
13
40
23
33
43
13
40
23
33
43
13
40
23
33
43
13
40
23
33
43
13
40
23
33
43
13
40
23
33
43
13
40
23
33
43
13
40
23
33
43
13
40
23
33
43
13
40
23
33
43
13
40
23
33
43
13
40
23
33
43
13
40
23
33
43
13
40
23
33
43
13
40
23
33
43
13
40
23
33
43
13
40
23
33
43
13
40
23
33
43
13
40
23
33
43
13
40
23
33
43
13
40
23
33
43
13
40
23
33
43
13
40
23
33
43
13
40
23
33
43
13
40
23
33
43
13
40
23
33
43
13
40
23
33
43
13