33
30
23
21
24
33
30
23
21
24
33
30
23
21
24
33
30
23
21
24
33
30
23
21
24
33
30
23
21
24
33
30
23
21
24
33
30
23
21
24
33
30
23
21
24
33
30
23
21
24
33
30
23
21
24
33
30
23
21
24
33
30
23
21
24
33
30
23
21
24
33
30
23
21
24
33
30
23
21
24
33
30
23
21
24
33
30
23
21
24
33
30
23
21
24
33
30
23
21
24
33
30
23
21
24
33
30
23
21
24
33
30
23
21
24
33
30
23
21
24
33
30
23
21
24
33
30
23
21
24
33
30
23
21
24
33
30
23
21
24
33
30
23
21
24
33
30
23
21
24
33
30
23
21
24
33
30
23
21
24
33
30
23
21
24
33
30
23
21
24
33
30
23
21
24
33
30
23
21
24
33
30
23
21
24
33
30
23
21
24
33
30
23
21
24
33
30
23
21
24
33
30
23
21
24
33
30
23
21
24
33
30
23
21
24
33
30
23
21
24
33
30
23
21
24
33
30
23
21
24
33
30
23
21
24
33
30
23
21
24
33
30
23
21
24
33
30
23
21
24