30
40
1
13
21
30
40
1
13
21
30
40
1
13
21
30
40
1
13
21
30
40
1
13
21
30
40
1
13
21
30
40
1
13
21
30
40
1
13
21
30
40
1
13
21
30
40
1
13
21
30
40
1
13
21
30
40
1
13
21
30
40
1
13
21
30
40
1
13
21
30
40
1
13
21
30
40
1
13
21
30
40
1
13
21
30
40
1
13
21
30
40
1
13
21
30
40
1
13
21
30
40
1
13
21
30
40
1
13
21
30
40
1
13
21
30
40
1
13
21
30
40
1
13
21
30
40
1
13
21
30
40
1
13
21
30
40
1
13
21
30
40
1
13
21
30
40
1
13
21
30
40
1
13
21
30
40
1
13
21
30
40
1
13
21
30
40
1
13
21
30
40
1
13
21
30
40
1
13
21
30
40
1
13
21
30
40
1
13
21
30
40
1
13
21
30
40
1
13
21
30
40
1
13
21
30
40
1
13
21
30
40
1
13
21
30
40
1
13
21
30
40
1
13
21
30
40
1
13
21
30
40
1
13
21
30
40
1
13
21
30
40
1
13
21
30
40
1
13
21