21
23
1
24
43
21
23
1
24
43
21
23
1
24
43
21
23
1
24
43
21
23
1
24
43
21
23
1
24
43
21
23
1
24
43
21
23
1
24
43
21
23
1
24
43
21
23
1
24
43
21
23
1
24
43
21
23
1
24
43
21
23
1
24
43
21
23
1
24
43
21
23
1
24
43
21
23
1
24
43
21
23
1
24
43
21
23
1
24
43
21
23
1
24
43
21
23
1
24
43
21
23
1
24
43
21
23
1
24
43
21
23
1
24
43
21
23
1
24
43
21
23
1
24
43
21
23
1
24
43
21
23
1
24
43
21
23
1
24
43
21
23
1
24
43
21
23
1
24
43
21
23
1
24
43
21
23
1
24
43
21
23
1
24
43
21
23
1
24
43
21
23
1
24
43
21
23
1
24
43
21
23
1
24
43
21
23
1
24
43
21
23
1
24
43
21
23
1
24
43
21
23
1
24
43
21
23
1
24
43
21
23
1
24
43
21
23
1
24
43
21
23
1
24
43
21
23
1
24
43
21
23
1
24
43
21
23
1
24
43
21
23
1
24
43
21
23
1
24
43