11
13
30
21
33
11
13
30
21
33
11
13
30
21
33
11
13
30
21
33
11
13
30
21
33
11
13
30
21
33
11
13
30
21
33
11
13
30
21
33
11
13
30
21
33
11
13
30
21
33
11
13
30
21
33
11
13
30
21
33
11
13
30
21
33
11
13
30
21
33
11
13
30
21
33
11
13
30
21
33
11
13
30
21
33
11
13
30
21
33
11
13
30
21
33
11
13
30
21
33
11
13
30
21
33
11
13
30
21
33
11
13
30
21
33
11
13
30
21
33
11
13
30
21
33
11
13
30
21
33
11
13
30
21
33
11
13
30
21
33
11
13
30
21
33
11
13
30
21
33
11
13
30
21
33
11
13
30
21
33
11
13
30
21
33
11
13
30
21
33
11
13
30
21
33
11
13
30
21
33
11
13
30
21
33
11
13
30
21
33
11
13
30
21
33
11
13
30
21
33
11
13
30
21
33
11
13
30
21
33
11
13
30
21
33
11
13
30
21
33
11
13
30
21
33
11
13
30
21
33
11
13
30
21
33
11
13
30
21
33
11
13
30
21
33
11
13
30
21
33