11
13
43
21
33
11
13
43
21
33
11
13
43
21
33
11
13
43
21
33
11
13
43
21
33
11
13
43
21
33
11
13
43
21
33
11
13
43
21
33
11
13
43
21
33
11
13
43
21
33
11
13
43
21
33
11
13
43
21
33
11
13
43
21
33
11
13
43
21
33
11
13
43
21
33
11
13
43
21
33
11
13
43
21
33
11
13
43
21
33
11
13
43
21
33
11
13
43
21
33
11
13
43
21
33
11
13
43
21
33
11
13
43
21
33
11
13
43
21
33
11
13
43
21
33
11
13
43
21
33
11
13
43
21
33
11
13
43
21
33
11
13
43
21
33
11
13
43
21
33
11
13
43
21
33
11
13
43
21
33
11
13
43
21
33
11
13
43
21
33
11
13
43
21
33
11
13
43
21
33
11
13
43
21
33
11
13
43
21
33
11
13
43
21
33
11
13
43
21
33
11
13
43
21
33
11
13
43
21
33
11
13
43
21
33
11
13
43
21
33
11
13
43
21
33
11
13
43
21
33
11
13
43
21
33
11
13
43
21
33
11
13
43
21
33
11
13
43
21
33