11
23
13
21
33
11
23
13
21
33
11
23
13
21
33
11
23
13
21
33
11
23
13
21
33
11
23
13
21
33
11
23
13
21
33
11
23
13
21
33
11
23
13
21
33
11
23
13
21
33
11
23
13
21
33
11
23
13
21
33
11
23
13
21
33
11
23
13
21
33
11
23
13
21
33
11
23
13
21
33
11
23
13
21
33
11
23
13
21
33
11
23
13
21
33
11
23
13
21
33
11
23
13
21
33
11
23
13
21
33
11
23
13
21
33
11
23
13
21
33
11
23
13
21
33
11
23
13
21
33
11
23
13
21
33
11
23
13
21
33
11
23
13
21
33
11
23
13
21
33
11
23
13
21
33
11
23
13
21
33
11
23
13
21
33
11
23
13
21
33
11
23
13
21
33
11
23
13
21
33
11
23
13
21
33
11
23
13
21
33
11
23
13
21
33
11
23
13
21
33
11
23
13
21
33
11
23
13
21
33
11
23
13
21
33
11
23
13
21
33
11
23
13
21
33
11
23
13
21
33
11
23
13
21
33
11
23
13
21
33
11
23
13
21
33
11
23
13
21
33