11
13
30
43
21
11
13
30
43
21
11
13
30
43
21
11
13
30
43
21
11
13
30
43
21
11
13
30
43
21
11
13
30
43
21
11
13
30
43
21
11
13
30
43
21
11
13
30
43
21
11
13
30
43
21
11
13
30
43
21
11
13
30
43
21
11
13
30
43
21
11
13
30
43
21
11
13
30
43
21
11
13
30
43
21
11
13
30
43
21
11
13
30
43
21
11
13
30
43
21
11
13
30
43
21
11
13
30
43
21
11
13
30
43
21
11
13
30
43
21
11
13
30
43
21
11
13
30
43
21
11
13
30
43
21
11
13
30
43
21
11
13
30
43
21
11
13
30
43
21
11
13
30
43
21
11
13
30
43
21
11
13
30
43
21
11
13
30
43
21
11
13
30
43
21
11
13
30
43
21
11
13
30
43
21
11
13
30
43
21
11
13
30
43
21
11
13
30
43
21
11
13
30
43
21
11
13
30
43
21
11
13
30
43
21
11
13
30
43
21
11
13
30
43
21
11
13
30
43
21
11
13
30
43
21
11
13
30
43
21
11
13
30
43
21
11
13
30
43
21