11
23
30
43
33
11
23
30
43
33
11
23
30
43
33
11
23
30
43
33
11
23
30
43
33
11
23
30
43
33
11
23
30
43
33
11
23
30
43
33
11
23
30
43
33
11
23
30
43
33
11
23
30
43
33
11
23
30
43
33
11
23
30
43
33
11
23
30
43
33
11
23
30
43
33
11
23
30
43
33
11
23
30
43
33
11
23
30
43
33
11
23
30
43
33
11
23
30
43
33
11
23
30
43
33
11
23
30
43
33
11
23
30
43
33
11
23
30
43
33
11
23
30
43
33
11
23
30
43
33
11
23
30
43
33
11
23
30
43
33
11
23
30
43
33
11
23
30
43
33
11
23
30
43
33
11
23
30
43
33
11
23
30
43
33
11
23
30
43
33
11
23
30
43
33
11
23
30
43
33
11
23
30
43
33
11
23
30
43
33
11
23
30
43
33
11
23
30
43
33
11
23
30
43
33
11
23
30
43
33
11
23
30
43
33
11
23
30
43
33
11
23
30
43
33
11
23
30
43
33
11
23
30
43
33
11
23
30
43
33
11
23
30
43
33
11
23
30
43
33