23
13
30
43
21
23
13
30
43
21
23
13
30
43
21
23
13
30
43
21
23
13
30
43
21
23
13
30
43
21
23
13
30
43
21
23
13
30
43
21
23
13
30
43
21
23
13
30
43
21
23
13
30
43
21
23
13
30
43
21
23
13
30
43
21
23
13
30
43
21
23
13
30
43
21
23
13
30
43
21
23
13
30
43
21
23
13
30
43
21
23
13
30
43
21
23
13
30
43
21
23
13
30
43
21
23
13
30
43
21
23
13
30
43
21
23
13
30
43
21
23
13
30
43
21
23
13
30
43
21
23
13
30
43
21
23
13
30
43
21
23
13
30
43
21
23
13
30
43
21
23
13
30
43
21
23
13
30
43
21
23
13
30
43
21
23
13
30
43
21
23
13
30
43
21
23
13
30
43
21
23
13
30
43
21
23
13
30
43
21
23
13
30
43
21
23
13
30
43
21
23
13
30
43
21
23
13
30
43
21
23
13
30
43
21
23
13
30
43
21
23
13
30
43
21
23
13
30
43
21
23
13
30
43
21
23
13
30
43
21
23
13
30
43
21
23
13
30
43
21