3
13
170
8
39
4
222
61
40
223
3
170
39
13
8
4
61
40
222
144
3
170
39
8
61
40
106
222
42
144
3
170
39
8
4
40
106
222
42
144
3
170
39
8
4
61
106
222
42
144
3
170
39
8
4
61
40
106
222
144
3
170
39
13
8
40
106
222
42
144
3
170
39
13
8
61
106
222
42
144
3
170
39
13
8
61
40
222
42
144
3
170
39
13
8
61
40
106
222
144
3
13
170
8
39
4
222
61
40
223
3
170
39
13
8
4
61
40
222
144
3
170
39
8
61
40
106
222
42
144
3
170
39
8
4
40
106
222
42
144
3
170
39
8
4
61
106
222
42
144
3
170
39
8
4
61
40
106
222
144
3
170
39
13
8
40
106
222
42
144
3
170
39
13
8
61
106
222
42
144
3
170
39
13
8
61
40
222
42
144
3
170
39
13
8
61
40
106
222
144
3
13
170
8
39
4
222
61
40
223
3
170
39
13
8
4
61
40
222
144
3
170
39
8
61
40
106
222
42
144
3
170
39
8
4
40
106
222
42
144
3
170
39
8
4
61
106
222
42
144
3
170
39
8
4
61
40
106
222
144
3
170
39
13
8
40
106
222
42
144
3
170
39
13
8
61
106
222
42
144
3
170
39
13
8
61
40
222
42
144
3
170
39
13
8
61
40
106
222
144
3
13
170
8
39
4
222
61
40
223
3
170
39
13
8
4
61
40
222
144
3
170
39
8
61
40
106
222
42
144
3
170
39
8
4
40
106
222
42
144
3
170
39
8
4
61
106
222
42
144
3
170
39
8
4
61
40
106
222
144
3
170
39
13
8
40
106
222
42
144
3
170
39
13
8
61
106
222
42
144
3
170
39
13
8
61
40
222
42
144
3
170
39
13
8
61
40
106
222
144
3
13
170
8
39
4
222
61
40
223
3
170
39
13
8
4
61
40
222
144
3
170
39
8
61
40
106
222
42
144
3
170
39
8
4
40
106
222
42
144
3
170
39
8
4
61
106
222
42
144
3
170
39
8
4
61
40
106
222
144
3
170
39
13
8
40
106
222
42
144
3
170
39
13
8
61
106
222
42
144
3
170
39
13
8
61
40
222
42
144
3
170
39
13
8
61
40
106
222
144