122
106
7
18
44
60
30
66
2
128
122
106
7
18
44
60
30
66
2
128
122
106
7
18
44
60
30
66
2
128
122
106
7
18
44
60
30
66
2
128
122
106
7
18
44
60
30
66
2
128
122
106
7
18
44
60
30
66
2
128
122
106
7
18
44
60
30
66
2
128
122
106
7
18
44
60
30
66
2
128
122
106
7
18
44
60
30
66
2
128
122
106
7
18
44
60
30
66
2
128
122
106
7
18
44
60
30
66
2
128
122
106
7
18
44
60
30
66
2
128
122
106
7
18
44
60
30
66
2
128
122
106
7
18
44
60
30
66
2
128
122
106
7
18
44
60
30
66
2
128
122
106
7
18
44
60
30
66
2
128
122
106
7
18
44
60
30
66
2
128
122
106
7
18
44
60
30
66
2
128
122
106
7
18
44
60
30
66
2
128
122
106
7
18
44
60
30
66
2
128
122
106
7
18
44
60
30
66
2
128
122
106
7
18
44
60
30
66
2
128
122
106
7
18
44
60
30
66
2
128
122
106
7
18
44
60
30
66
2
128
122
106
7
18
44
60
30
66
2
128
122
106
7
18
44
60
30
66
2
128
122
106
7
18
44
60
30
66
2
128
122
106
7
18
44
60
30
66
2
128
122
106
7
18
44
60
30
66
2
128
122
106
7
18
44
60
30
66
2
128
122
106
7
18
44
60
30
66
2
128
122
106
7
18
44
60
30
66
2
128
122
106
7
18
44
60
30
66
2
128
122
106
7
18
44
60
30
66
2
128
122
106
7
18
44
60
30
66
2
128
122
106
7
18
44
60
30
66
2
128
122
106
7
18
44
60
30
66
2
128
122
106
7
18
44
60
30
66
2
128
122
106
7
18
44
60
30
66
2
128
122
106
7
18
44
60
30
66
2
128
122
106
7
18
44
60
30
66
2
128
122
106
7
18
44
60
30
66
2
128
122
106
7
18
44
60
30
66
2
128
122
106
7
18
44
60
30
66
2
128
122
106
7
18
44
60
30
66
2
128
122
106
7
18
44
60
30
66
2
128
122
106
7
18
44
60
30
66
2
128
122
106
7
18
44
60
30
66
2
128
122
106
7
18
44
60
30
66
2
128
122
106
7
18
44
60
30
66
2
128