122
106
7
18
44
30
66
53
128
82
122
106
7
18
44
30
66
53
128
82
122
106
7
18
44
30
66
53
128
82
122
106
7
18
44
30
66
53
128
82
122
106
7
18
44
30
66
53
128
82
122
106
7
18
44
30
66
53
128
82
122
106
7
18
44
30
66
53
128
82
122
106
7
18
44
30
66
53
128
82
122
106
7
18
44
30
66
53
128
82
122
106
7
18
44
30
66
53
128
82
122
106
7
18
44
30
66
53
128
82
122
106
7
18
44
30
66
53
128
82
122
106
7
18
44
30
66
53
128
82
122
106
7
18
44
30
66
53
128
82
122
106
7
18
44
30
66
53
128
82
122
106
7
18
44
30
66
53
128
82
122
106
7
18
44
30
66
53
128
82
122
106
7
18
44
30
66
53
128
82
122
106
7
18
44
30
66
53
128
82
122
106
7
18
44
30
66
53
128
82
122
106
7
18
44
30
66
53
128
82
122
106
7
18
44
30
66
53
128
82
122
106
7
18
44
30
66
53
128
82
122
106
7
18
44
30
66
53
128
82
122
106
7
18
44
30
66
53
128
82
122
106
7
18
44
30
66
53
128
82
122
106
7
18
44
30
66
53
128
82
122
106
7
18
44
30
66
53
128
82
122
106
7
18
44
30
66
53
128
82
122
106
7
18
44
30
66
53
128
82
122
106
7
18
44
30
66
53
128
82
122
106
7
18
44
30
66
53
128
82
122
106
7
18
44
30
66
53
128
82
122
106
7
18
44
30
66
53
128
82
122
106
7
18
44
30
66
53
128
82
122
106
7
18
44
30
66
53
128
82
122
106
7
18
44
30
66
53
128
82
122
106
7
18
44
30
66
53
128
82
122
106
7
18
44
30
66
53
128
82
122
106
7
18
44
30
66
53
128
82
122
106
7
18
44
30
66
53
128
82
122
106
7
18
44
30
66
53
128
82
122
106
7
18
44
30
66
53
128
82
122
106
7
18
44
30
66
53
128
82
122
106
7
18
44
30
66
53
128
82
122
106
7
18
44
30
66
53
128
82
122
106
7
18
44
30
66
53
128
82
122
106
7
18
44
30
66
53
128
82
122
106
7
18
44
30
66
53
128
82
122
106
7
18
44
30
66
53
128
82