122
106
7
18
30
66
53
2
128
82
122
106
7
18
30
66
53
2
128
82
122
106
7
18
30
66
53
2
128
82
122
106
7
18
30
66
53
2
128
82
122
106
7
18
30
66
53
2
128
82
122
106
7
18
30
66
53
2
128
82
122
106
7
18
30
66
53
2
128
82
122
106
7
18
30
66
53
2
128
82
122
106
7
18
30
66
53
2
128
82
122
106
7
18
30
66
53
2
128
82
122
106
7
18
30
66
53
2
128
82
122
106
7
18
30
66
53
2
128
82
122
106
7
18
30
66
53
2
128
82
122
106
7
18
30
66
53
2
128
82
122
106
7
18
30
66
53
2
128
82
122
106
7
18
30
66
53
2
128
82
122
106
7
18
30
66
53
2
128
82
122
106
7
18
30
66
53
2
128
82
122
106
7
18
30
66
53
2
128
82
122
106
7
18
30
66
53
2
128
82
122
106
7
18
30
66
53
2
128
82
122
106
7
18
30
66
53
2
128
82
122
106
7
18
30
66
53
2
128
82
122
106
7
18
30
66
53
2
128
82
122
106
7
18
30
66
53
2
128
82
122
106
7
18
30
66
53
2
128
82
122
106
7
18
30
66
53
2
128
82
122
106
7
18
30
66
53
2
128
82
122
106
7
18
30
66
53
2
128
82
122
106
7
18
30
66
53
2
128
82
122
106
7
18
30
66
53
2
128
82
122
106
7
18
30
66
53
2
128
82
122
106
7
18
30
66
53
2
128
82
122
106
7
18
30
66
53
2
128
82
122
106
7
18
30
66
53
2
128
82
122
106
7
18
30
66
53
2
128
82
122
106
7
18
30
66
53
2
128
82
122
106
7
18
30
66
53
2
128
82
122
106
7
18
30
66
53
2
128
82
122
106
7
18
30
66
53
2
128
82
122
106
7
18
30
66
53
2
128
82
122
106
7
18
30
66
53
2
128
82
122
106
7
18
30
66
53
2
128
82
122
106
7
18
30
66
53
2
128
82
122
106
7
18
30
66
53
2
128
82
122
106
7
18
30
66
53
2
128
82
122
106
7
18
30
66
53
2
128
82
122
106
7
18
30
66
53
2
128
82
122
106
7
18
30
66
53
2
128
82
122
106
7
18
30
66
53
2
128
82