122
106
18
60
30
66
53
2
128
82
122
106
18
60
30
66
53
2
128
82
122
106
18
60
30
66
53
2
128
82
122
106
18
60
30
66
53
2
128
82
122
106
18
60
30
66
53
2
128
82
122
106
18
60
30
66
53
2
128
82
122
106
18
60
30
66
53
2
128
82
122
106
18
60
30
66
53
2
128
82
122
106
18
60
30
66
53
2
128
82
122
106
18
60
30
66
53
2
128
82
122
106
18
60
30
66
53
2
128
82
122
106
18
60
30
66
53
2
128
82
122
106
18
60
30
66
53
2
128
82
122
106
18
60
30
66
53
2
128
82
122
106
18
60
30
66
53
2
128
82
122
106
18
60
30
66
53
2
128
82
122
106
18
60
30
66
53
2
128
82
122
106
18
60
30
66
53
2
128
82
122
106
18
60
30
66
53
2
128
82
122
106
18
60
30
66
53
2
128
82
122
106
18
60
30
66
53
2
128
82
122
106
18
60
30
66
53
2
128
82
122
106
18
60
30
66
53
2
128
82
122
106
18
60
30
66
53
2
128
82
122
106
18
60
30
66
53
2
128
82
122
106
18
60
30
66
53
2
128
82
122
106
18
60
30
66
53
2
128
82
122
106
18
60
30
66
53
2
128
82
122
106
18
60
30
66
53
2
128
82
122
106
18
60
30
66
53
2
128
82
122
106
18
60
30
66
53
2
128
82
122
106
18
60
30
66
53
2
128
82
122
106
18
60
30
66
53
2
128
82
122
106
18
60
30
66
53
2
128
82
122
106
18
60
30
66
53
2
128
82
122
106
18
60
30
66
53
2
128
82
122
106
18
60
30
66
53
2
128
82
122
106
18
60
30
66
53
2
128
82
122
106
18
60
30
66
53
2
128
82
122
106
18
60
30
66
53
2
128
82
122
106
18
60
30
66
53
2
128
82
122
106
18
60
30
66
53
2
128
82
122
106
18
60
30
66
53
2
128
82
122
106
18
60
30
66
53
2
128
82
122
106
18
60
30
66
53
2
128
82
122
106
18
60
30
66
53
2
128
82
122
106
18
60
30
66
53
2
128
82
122
106
18
60
30
66
53
2
128
82
122
106
18
60
30
66
53
2
128
82
122
106
18
60
30
66
53
2
128
82