122
106
7
44
60
30
66
2
128
82
122
106
7
44
60
30
66
2
128
82
122
106
7
44
60
30
66
2
128
82
122
106
7
44
60
30
66
2
128
82
122
106
7
44
60
30
66
2
128
82
122
106
7
44
60
30
66
2
128
82
122
106
7
44
60
30
66
2
128
82
122
106
7
44
60
30
66
2
128
82
122
106
7
44
60
30
66
2
128
82
122
106
7
44
60
30
66
2
128
82
122
106
7
44
60
30
66
2
128
82
122
106
7
44
60
30
66
2
128
82
122
106
7
44
60
30
66
2
128
82
122
106
7
44
60
30
66
2
128
82
122
106
7
44
60
30
66
2
128
82
122
106
7
44
60
30
66
2
128
82
122
106
7
44
60
30
66
2
128
82
122
106
7
44
60
30
66
2
128
82
122
106
7
44
60
30
66
2
128
82
122
106
7
44
60
30
66
2
128
82
122
106
7
44
60
30
66
2
128
82
122
106
7
44
60
30
66
2
128
82
122
106
7
44
60
30
66
2
128
82
122
106
7
44
60
30
66
2
128
82
122
106
7
44
60
30
66
2
128
82
122
106
7
44
60
30
66
2
128
82
122
106
7
44
60
30
66
2
128
82
122
106
7
44
60
30
66
2
128
82
122
106
7
44
60
30
66
2
128
82
122
106
7
44
60
30
66
2
128
82
122
106
7
44
60
30
66
2
128
82
122
106
7
44
60
30
66
2
128
82
122
106
7
44
60
30
66
2
128
82
122
106
7
44
60
30
66
2
128
82
122
106
7
44
60
30
66
2
128
82
122
106
7
44
60
30
66
2
128
82
122
106
7
44
60
30
66
2
128
82
122
106
7
44
60
30
66
2
128
82
122
106
7
44
60
30
66
2
128
82
122
106
7
44
60
30
66
2
128
82
122
106
7
44
60
30
66
2
128
82
122
106
7
44
60
30
66
2
128
82
122
106
7
44
60
30
66
2
128
82
122
106
7
44
60
30
66
2
128
82
122
106
7
44
60
30
66
2
128
82
122
106
7
44
60
30
66
2
128
82
122
106
7
44
60
30
66
2
128
82
122
106
7
44
60
30
66
2
128
82
122
106
7
44
60
30
66
2
128
82
122
106
7
44
60
30
66
2
128
82