106
7
18
44
60
30
66
53
128
82
106
7
18
44
60
30
66
53
128
82
106
7
18
44
60
30
66
53
128
82
106
7
18
44
60
30
66
53
128
82
106
7
18
44
60
30
66
53
128
82
106
7
18
44
60
30
66
53
128
82
106
7
18
44
60
30
66
53
128
82
106
7
18
44
60
30
66
53
128
82
106
7
18
44
60
30
66
53
128
82
106
7
18
44
60
30
66
53
128
82
106
7
18
44
60
30
66
53
128
82
106
7
18
44
60
30
66
53
128
82
106
7
18
44
60
30
66
53
128
82
106
7
18
44
60
30
66
53
128
82
106
7
18
44
60
30
66
53
128
82
106
7
18
44
60
30
66
53
128
82
106
7
18
44
60
30
66
53
128
82
106
7
18
44
60
30
66
53
128
82
106
7
18
44
60
30
66
53
128
82
106
7
18
44
60
30
66
53
128
82
106
7
18
44
60
30
66
53
128
82
106
7
18
44
60
30
66
53
128
82
106
7
18
44
60
30
66
53
128
82
106
7
18
44
60
30
66
53
128
82
106
7
18
44
60
30
66
53
128
82
106
7
18
44
60
30
66
53
128
82
106
7
18
44
60
30
66
53
128
82
106
7
18
44
60
30
66
53
128
82
106
7
18
44
60
30
66
53
128
82
106
7
18
44
60
30
66
53
128
82
106
7
18
44
60
30
66
53
128
82
106
7
18
44
60
30
66
53
128
82
106
7
18
44
60
30
66
53
128
82
106
7
18
44
60
30
66
53
128
82
106
7
18
44
60
30
66
53
128
82
106
7
18
44
60
30
66
53
128
82
106
7
18
44
60
30
66
53
128
82
106
7
18
44
60
30
66
53
128
82
106
7
18
44
60
30
66
53
128
82
106
7
18
44
60
30
66
53
128
82
106
7
18
44
60
30
66
53
128
82
106
7
18
44
60
30
66
53
128
82
106
7
18
44
60
30
66
53
128
82
106
7
18
44
60
30
66
53
128
82
106
7
18
44
60
30
66
53
128
82
106
7
18
44
60
30
66
53
128
82
106
7
18
44
60
30
66
53
128
82
106
7
18
44
60
30
66
53
128
82
106
7
18
44
60
30
66
53
128
82
106
7
18
44
60
30
66
53
128
82