122
7
18
44
60
30
66
2
128
82
122
7
18
44
60
30
66
2
128
82
122
7
18
44
60
30
66
2
128
82
122
7
18
44
60
30
66
2
128
82
122
7
18
44
60
30
66
2
128
82
122
7
18
44
60
30
66
2
128
82
122
7
18
44
60
30
66
2
128
82
122
7
18
44
60
30
66
2
128
82
122
7
18
44
60
30
66
2
128
82
122
7
18
44
60
30
66
2
128
82
122
7
18
44
60
30
66
2
128
82
122
7
18
44
60
30
66
2
128
82
122
7
18
44
60
30
66
2
128
82
122
7
18
44
60
30
66
2
128
82
122
7
18
44
60
30
66
2
128
82
122
7
18
44
60
30
66
2
128
82
122
7
18
44
60
30
66
2
128
82
122
7
18
44
60
30
66
2
128
82
122
7
18
44
60
30
66
2
128
82
122
7
18
44
60
30
66
2
128
82
122
7
18
44
60
30
66
2
128
82
122
7
18
44
60
30
66
2
128
82
122
7
18
44
60
30
66
2
128
82
122
7
18
44
60
30
66
2
128
82
122
7
18
44
60
30
66
2
128
82
122
7
18
44
60
30
66
2
128
82
122
7
18
44
60
30
66
2
128
82
122
7
18
44
60
30
66
2
128
82
122
7
18
44
60
30
66
2
128
82
122
7
18
44
60
30
66
2
128
82
122
7
18
44
60
30
66
2
128
82
122
7
18
44
60
30
66
2
128
82
122
7
18
44
60
30
66
2
128
82
122
7
18
44
60
30
66
2
128
82
122
7
18
44
60
30
66
2
128
82
122
7
18
44
60
30
66
2
128
82
122
7
18
44
60
30
66
2
128
82
122
7
18
44
60
30
66
2
128
82
122
7
18
44
60
30
66
2
128
82
122
7
18
44
60
30
66
2
128
82
122
7
18
44
60
30
66
2
128
82
122
7
18
44
60
30
66
2
128
82
122
7
18
44
60
30
66
2
128
82
122
7
18
44
60
30
66
2
128
82
122
7
18
44
60
30
66
2
128
82
122
7
18
44
60
30
66
2
128
82
122
7
18
44
60
30
66
2
128
82
122
7
18
44
60
30
66
2
128
82
122
7
18
44
60
30
66
2
128
82
122
7
18
44
60
30
66
2
128
82