131
137
38
261
354
187
330
128
150
81
131
137
38
261
354
187
330
128
150
81
131
137
38
261
354
187
330
128
150
81
131
137
38
261
354
187
330
128
150
81
131
137
38
261
354
187
330
128
150
81
131
137
38
261
354
187
330
128
150
81
131
137
38
261
354
187
330
128
150
81
131
137
38
261
354
187
330
128
150
81
131
137
38
261
354
187
330
128
150
81
131
137
38
261
354
187
330
128
150
81
131
137
38
261
354
187
330
128
150
81
131
137
38
261
354
187
330
128
150
81
131
137
38
261
354
187
330
128
150
81
131
137
38
261
354
187
330
128
150
81
131
137
38
261
354
187
330
128
150
81
131
137
38
261
354
187
330
128
150
81
131
137
38
261
354
187
330
128
150
81
131
137
38
261
354
187
330
128
150
81
131
137
38
261
354
187
330
128
150
81
131
137
38
261
354
187
330
128
150
81
131
137
38
261
354
187
330
128
150
81
131
137
38
261
354
187
330
128
150
81
131
137
38
261
354
187
330
128
150
81
131
137
38
261
354
187
330
128
150
81
131
137
38
261
354
187
330
128
150
81
131
137
38
261
354
187
330
128
150
81
131
137
38
261
354
187
330
128
150
81
131
137
38
261
354
187
330
128
150
81
131
137
38
261
354
187
330
128
150
81
131
137
38
261
354
187
330
128
150
81
131
137
38
261
354
187
330
128
150
81
131
137
38
261
354
187
330
128
150
81
131
137
38
261
354
187
330
128
150
81
131
137
38
261
354
187
330
128
150
81
131
137
38
261
354
187
330
128
150
81
131
137
38
261
354
187
330
128
150
81
131
137
38
261
354
187
330
128
150
81
131
137
38
261
354
187
330
128
150
81
131
137
38
261
354
187
330
128
150
81
131
137
38
261
354
187
330
128
150
81
131
137
38
261
354
187
330
128
150
81
131
137
38
261
354
187
330
128
150
81
131
137
38
261
354
187
330
128
150
81
131
137
38
261
354
187
330
128
150
81
131
137
38
261
354
187
330
128
150
81
131
137
38
261
354
187
330
128
150
81
131
137
38
261
354
187
330
128
150
81
131
137
38
261
354
187
330
128
150
81
131
137
38
261
354
187
330
128
150
81
131
137
38
261
354
187
330
128
150
81