137
80
38
261
354
330
128
150
81
167
137
80
38
261
354
330
128
150
81
167
137
80
38
261
354
330
128
150
81
167
137
80
38
261
354
330
128
150
81
167
137
80
38
261
354
330
128
150
81
167
137
80
38
261
354
330
128
150
81
167
137
80
38
261
354
330
128
150
81
167
137
80
38
261
354
330
128
150
81
167
137
80
38
261
354
330
128
150
81
167
137
80
38
261
354
330
128
150
81
167
137
80
38
261
354
330
128
150
81
167
137
80
38
261
354
330
128
150
81
167
137
80
38
261
354
330
128
150
81
167
137
80
38
261
354
330
128
150
81
167
137
80
38
261
354
330
128
150
81
167
137
80
38
261
354
330
128
150
81
167
137
80
38
261
354
330
128
150
81
167
137
80
38
261
354
330
128
150
81
167
137
80
38
261
354
330
128
150
81
167
137
80
38
261
354
330
128
150
81
167
137
80
38
261
354
330
128
150
81
167
137
80
38
261
354
330
128
150
81
167
137
80
38
261
354
330
128
150
81
167
137
80
38
261
354
330
128
150
81
167
137
80
38
261
354
330
128
150
81
167
137
80
38
261
354
330
128
150
81
167
137
80
38
261
354
330
128
150
81
167
137
80
38
261
354
330
128
150
81
167
137
80
38
261
354
330
128
150
81
167
137
80
38
261
354
330
128
150
81
167
137
80
38
261
354
330
128
150
81
167
137
80
38
261
354
330
128
150
81
167
137
80
38
261
354
330
128
150
81
167
137
80
38
261
354
330
128
150
81
167
137
80
38
261
354
330
128
150
81
167
137
80
38
261
354
330
128
150
81
167
137
80
38
261
354
330
128
150
81
167
137
80
38
261
354
330
128
150
81
167
137
80
38
261
354
330
128
150
81
167
137
80
38
261
354
330
128
150
81
167
137
80
38
261
354
330
128
150
81
167
137
80
38
261
354
330
128
150
81
167
137
80
38
261
354
330
128
150
81
167
137
80
38
261
354
330
128
150
81
167
137
80
38
261
354
330
128
150
81
167
137
80
38
261
354
330
128
150
81
167
137
80
38
261
354
330
128
150
81
167
137
80
38
261
354
330
128
150
81
167
137
80
38
261
354
330
128
150
81
167
137
80
38
261
354
330
128
150
81
167