131
137
80
38
354
187
128
150
81
167
131
137
80
38
354
187
128
150
81
167
131
137
80
38
354
187
128
150
81
167
131
137
80
38
354
187
128
150
81
167
131
137
80
38
354
187
128
150
81
167
131
137
80
38
354
187
128
150
81
167
131
137
80
38
354
187
128
150
81
167
131
137
80
38
354
187
128
150
81
167
131
137
80
38
354
187
128
150
81
167
131
137
80
38
354
187
128
150
81
167
131
137
80
38
354
187
128
150
81
167
131
137
80
38
354
187
128
150
81
167
131
137
80
38
354
187
128
150
81
167
131
137
80
38
354
187
128
150
81
167
131
137
80
38
354
187
128
150
81
167
131
137
80
38
354
187
128
150
81
167
131
137
80
38
354
187
128
150
81
167
131
137
80
38
354
187
128
150
81
167
131
137
80
38
354
187
128
150
81
167
131
137
80
38
354
187
128
150
81
167
131
137
80
38
354
187
128
150
81
167
131
137
80
38
354
187
128
150
81
167
131
137
80
38
354
187
128
150
81
167
131
137
80
38
354
187
128
150
81
167
131
137
80
38
354
187
128
150
81
167
131
137
80
38
354
187
128
150
81
167
131
137
80
38
354
187
128
150
81
167
131
137
80
38
354
187
128
150
81
167
131
137
80
38
354
187
128
150
81
167
131
137
80
38
354
187
128
150
81
167
131
137
80
38
354
187
128
150
81
167
131
137
80
38
354
187
128
150
81
167
131
137
80
38
354
187
128
150
81
167
131
137
80
38
354
187
128
150
81
167
131
137
80
38
354
187
128
150
81
167
131
137
80
38
354
187
128
150
81
167
131
137
80
38
354
187
128
150
81
167
131
137
80
38
354
187
128
150
81
167
131
137
80
38
354
187
128
150
81
167
131
137
80
38
354
187
128
150
81
167
131
137
80
38
354
187
128
150
81
167
131
137
80
38
354
187
128
150
81
167
131
137
80
38
354
187
128
150
81
167
131
137
80
38
354
187
128
150
81
167
131
137
80
38
354
187
128
150
81
167
131
137
80
38
354
187
128
150
81
167
131
137
80
38
354
187
128
150
81
167
131
137
80
38
354
187
128
150
81
167
131
137
80
38
354
187
128
150
81
167
131
137
80
38
354
187
128
150
81
167