3
9
6
164
176
11
87
147
130
183
3
9
6
164
176
11
87
147
130
183
3
9
6
164
176
11
87
147
130
183
3
9
6
164
176
11
87
147
130
183
3
9
6
164
176
11
87
147
130
183
3
9
6
164
176
11
87
147
130
183
3
9
6
164
176
11
87
147
130
183
3
9
6
164
176
11
87
147
130
183
3
9
6
164
176
11
87
147
130
183
3
9
6
164
176
11
87
147
130
183
3
9
6
164
176
11
87
147
130
183
3
9
6
164
176
11
87
147
130
183
3
9
6
164
176
11
87
147
130
183
3
9
6
164
176
11
87
147
130
183
3
9
6
164
176
11
87
147
130
183
3
9
6
164
176
11
87
147
130
183
3
9
6
164
176
11
87
147
130
183
3
9
6
164
176
11
87
147
130
183
3
9
6
164
176
11
87
147
130
183
3
9
6
164
176
11
87
147
130
183
3
9
6
164
176
11
87
147
130
183
3
9
6
164
176
11
87
147
130
183
3
9
6
164
176
11
87
147
130
183
3
9
6
164
176
11
87
147
130
183
3
9
6
164
176
11
87
147
130
183
3
9
6
164
176
11
87
147
130
183
3
9
6
164
176
11
87
147
130
183
3
9
6
164
176
11
87
147
130
183
3
9
6
164
176
11
87
147
130
183
3
9
6
164
176
11
87
147
130
183
3
9
6
164
176
11
87
147
130
183
3
9
6
164
176
11
87
147
130
183
3
9
6
164
176
11
87
147
130
183
3
9
6
164
176
11
87
147
130
183
3
9
6
164
176
11
87
147
130
183
3
9
6
164
176
11
87
147
130
183
3
9
6
164
176
11
87
147
130
183
3
9
6
164
176
11
87
147
130
183
3
9
6
164
176
11
87
147
130
183
3
9
6
164
176
11
87
147
130
183
3
9
6
164
176
11
87
147
130
183
3
9
6
164
176
11
87
147
130
183
3
9
6
164
176
11
87
147
130
183
3
9
6
164
176
11
87
147
130
183
3
9
6
164
176
11
87
147
130
183
3
9
6
164
176
11
87
147
130
183
3
9
6
164
176
11
87
147
130
183
3
9
6
164
176
11
87
147
130
183
3
9
6
164
176
11
87
147
130
183
3
9
6
164
176
11
87
147
130
183