3
9
6
164
176
11
87
189
147
183
3
9
6
164
176
11
87
189
147
183
3
9
6
164
176
11
87
189
147
183
3
9
6
164
176
11
87
189
147
183
3
9
6
164
176
11
87
189
147
183
3
9
6
164
176
11
87
189
147
183
3
9
6
164
176
11
87
189
147
183
3
9
6
164
176
11
87
189
147
183
3
9
6
164
176
11
87
189
147
183
3
9
6
164
176
11
87
189
147
183
3
9
6
164
176
11
87
189
147
183
3
9
6
164
176
11
87
189
147
183
3
9
6
164
176
11
87
189
147
183
3
9
6
164
176
11
87
189
147
183
3
9
6
164
176
11
87
189
147
183
3
9
6
164
176
11
87
189
147
183
3
9
6
164
176
11
87
189
147
183
3
9
6
164
176
11
87
189
147
183
3
9
6
164
176
11
87
189
147
183
3
9
6
164
176
11
87
189
147
183
3
9
6
164
176
11
87
189
147
183
3
9
6
164
176
11
87
189
147
183
3
9
6
164
176
11
87
189
147
183
3
9
6
164
176
11
87
189
147
183
3
9
6
164
176
11
87
189
147
183
3
9
6
164
176
11
87
189
147
183
3
9
6
164
176
11
87
189
147
183
3
9
6
164
176
11
87
189
147
183
3
9
6
164
176
11
87
189
147
183
3
9
6
164
176
11
87
189
147
183
3
9
6
164
176
11
87
189
147
183
3
9
6
164
176
11
87
189
147
183
3
9
6
164
176
11
87
189
147
183
3
9
6
164
176
11
87
189
147
183
3
9
6
164
176
11
87
189
147
183
3
9
6
164
176
11
87
189
147
183
3
9
6
164
176
11
87
189
147
183
3
9
6
164
176
11
87
189
147
183
3
9
6
164
176
11
87
189
147
183
3
9
6
164
176
11
87
189
147
183
3
9
6
164
176
11
87
189
147
183
3
9
6
164
176
11
87
189
147
183
3
9
6
164
176
11
87
189
147
183
3
9
6
164
176
11
87
189
147
183
3
9
6
164
176
11
87
189
147
183
3
9
6
164
176
11
87
189
147
183
3
9
6
164
176
11
87
189
147
183
3
9
6
164
176
11
87
189
147
183
3
9
6
164
176
11
87
189
147
183
3
9
6
164
176
11
87
189
147
183