3
9
165
6
164
176
11
87
147
183
3
9
165
6
164
176
11
87
147
183
3
9
165
6
164
176
11
87
147
183
3
9
165
6
164
176
11
87
147
183
3
9
165
6
164
176
11
87
147
183
3
9
165
6
164
176
11
87
147
183
3
9
165
6
164
176
11
87
147
183
3
9
165
6
164
176
11
87
147
183
3
9
165
6
164
176
11
87
147
183
3
9
165
6
164
176
11
87
147
183
3
9
165
6
164
176
11
87
147
183
3
9
165
6
164
176
11
87
147
183
3
9
165
6
164
176
11
87
147
183
3
9
165
6
164
176
11
87
147
183
3
9
165
6
164
176
11
87
147
183
3
9
165
6
164
176
11
87
147
183
3
9
165
6
164
176
11
87
147
183
3
9
165
6
164
176
11
87
147
183
3
9
165
6
164
176
11
87
147
183
3
9
165
6
164
176
11
87
147
183
3
9
165
6
164
176
11
87
147
183
3
9
165
6
164
176
11
87
147
183
3
9
165
6
164
176
11
87
147
183
3
9
165
6
164
176
11
87
147
183
3
9
165
6
164
176
11
87
147
183
3
9
165
6
164
176
11
87
147
183
3
9
165
6
164
176
11
87
147
183
3
9
165
6
164
176
11
87
147
183
3
9
165
6
164
176
11
87
147
183
3
9
165
6
164
176
11
87
147
183
3
9
165
6
164
176
11
87
147
183
3
9
165
6
164
176
11
87
147
183
3
9
165
6
164
176
11
87
147
183
3
9
165
6
164
176
11
87
147
183
3
9
165
6
164
176
11
87
147
183
3
9
165
6
164
176
11
87
147
183
3
9
165
6
164
176
11
87
147
183
3
9
165
6
164
176
11
87
147
183
3
9
165
6
164
176
11
87
147
183
3
9
165
6
164
176
11
87
147
183
3
9
165
6
164
176
11
87
147
183
3
9
165
6
164
176
11
87
147
183
3
9
165
6
164
176
11
87
147
183
3
9
165
6
164
176
11
87
147
183
3
9
165
6
164
176
11
87
147
183
3
9
165
6
164
176
11
87
147
183
3
9
165
6
164
176
11
87
147
183
3
9
165
6
164
176
11
87
147
183
3
9
165
6
164
176
11
87
147
183
3
9
165
6
164
176
11
87
147
183