3
9
6
164
176
87
189
147
130
183
3
9
6
164
176
87
189
147
130
183
3
9
6
164
176
87
189
147
130
183
3
9
6
164
176
87
189
147
130
183
3
9
6
164
176
87
189
147
130
183
3
9
6
164
176
87
189
147
130
183
3
9
6
164
176
87
189
147
130
183
3
9
6
164
176
87
189
147
130
183
3
9
6
164
176
87
189
147
130
183
3
9
6
164
176
87
189
147
130
183
3
9
6
164
176
87
189
147
130
183
3
9
6
164
176
87
189
147
130
183
3
9
6
164
176
87
189
147
130
183
3
9
6
164
176
87
189
147
130
183
3
9
6
164
176
87
189
147
130
183
3
9
6
164
176
87
189
147
130
183
3
9
6
164
176
87
189
147
130
183
3
9
6
164
176
87
189
147
130
183
3
9
6
164
176
87
189
147
130
183
3
9
6
164
176
87
189
147
130
183
3
9
6
164
176
87
189
147
130
183
3
9
6
164
176
87
189
147
130
183
3
9
6
164
176
87
189
147
130
183
3
9
6
164
176
87
189
147
130
183
3
9
6
164
176
87
189
147
130
183
3
9
6
164
176
87
189
147
130
183
3
9
6
164
176
87
189
147
130
183
3
9
6
164
176
87
189
147
130
183
3
9
6
164
176
87
189
147
130
183
3
9
6
164
176
87
189
147
130
183
3
9
6
164
176
87
189
147
130
183
3
9
6
164
176
87
189
147
130
183
3
9
6
164
176
87
189
147
130
183
3
9
6
164
176
87
189
147
130
183
3
9
6
164
176
87
189
147
130
183
3
9
6
164
176
87
189
147
130
183
3
9
6
164
176
87
189
147
130
183
3
9
6
164
176
87
189
147
130
183
3
9
6
164
176
87
189
147
130
183
3
9
6
164
176
87
189
147
130
183
3
9
6
164
176
87
189
147
130
183
3
9
6
164
176
87
189
147
130
183
3
9
6
164
176
87
189
147
130
183
3
9
6
164
176
87
189
147
130
183
3
9
6
164
176
87
189
147
130
183
3
9
6
164
176
87
189
147
130
183
3
9
6
164
176
87
189
147
130
183
3
9
6
164
176
87
189
147
130
183
3
9
6
164
176
87
189
147
130
183
3
9
6
164
176
87
189
147
130
183