3
9
165
6
176
87
189
147
130
183
3
9
165
6
176
87
189
147
130
183
3
9
165
6
176
87
189
147
130
183
3
9
165
6
176
87
189
147
130
183
3
9
165
6
176
87
189
147
130
183
3
9
165
6
176
87
189
147
130
183
3
9
165
6
176
87
189
147
130
183
3
9
165
6
176
87
189
147
130
183
3
9
165
6
176
87
189
147
130
183
3
9
165
6
176
87
189
147
130
183
3
9
165
6
176
87
189
147
130
183
3
9
165
6
176
87
189
147
130
183
3
9
165
6
176
87
189
147
130
183
3
9
165
6
176
87
189
147
130
183
3
9
165
6
176
87
189
147
130
183
3
9
165
6
176
87
189
147
130
183
3
9
165
6
176
87
189
147
130
183
3
9
165
6
176
87
189
147
130
183
3
9
165
6
176
87
189
147
130
183
3
9
165
6
176
87
189
147
130
183
3
9
165
6
176
87
189
147
130
183
3
9
165
6
176
87
189
147
130
183
3
9
165
6
176
87
189
147
130
183
3
9
165
6
176
87
189
147
130
183
3
9
165
6
176
87
189
147
130
183
3
9
165
6
176
87
189
147
130
183
3
9
165
6
176
87
189
147
130
183
3
9
165
6
176
87
189
147
130
183
3
9
165
6
176
87
189
147
130
183
3
9
165
6
176
87
189
147
130
183
3
9
165
6
176
87
189
147
130
183
3
9
165
6
176
87
189
147
130
183
3
9
165
6
176
87
189
147
130
183
3
9
165
6
176
87
189
147
130
183
3
9
165
6
176
87
189
147
130
183
3
9
165
6
176
87
189
147
130
183
3
9
165
6
176
87
189
147
130
183
3
9
165
6
176
87
189
147
130
183
3
9
165
6
176
87
189
147
130
183
3
9
165
6
176
87
189
147
130
183
3
9
165
6
176
87
189
147
130
183
3
9
165
6
176
87
189
147
130
183
3
9
165
6
176
87
189
147
130
183
3
9
165
6
176
87
189
147
130
183
3
9
165
6
176
87
189
147
130
183
3
9
165
6
176
87
189
147
130
183
3
9
165
6
176
87
189
147
130
183
3
9
165
6
176
87
189
147
130
183
3
9
165
6
176
87
189
147
130
183
3
9
165
6
176
87
189
147
130
183