3
165
6
164
176
11
87
189
130
183
3
165
6
164
176
11
87
189
130
183
3
165
6
164
176
11
87
189
130
183
3
165
6
164
176
11
87
189
130
183
3
165
6
164
176
11
87
189
130
183
3
165
6
164
176
11
87
189
130
183
3
165
6
164
176
11
87
189
130
183
3
165
6
164
176
11
87
189
130
183
3
165
6
164
176
11
87
189
130
183
3
165
6
164
176
11
87
189
130
183
3
165
6
164
176
11
87
189
130
183
3
165
6
164
176
11
87
189
130
183
3
165
6
164
176
11
87
189
130
183
3
165
6
164
176
11
87
189
130
183
3
165
6
164
176
11
87
189
130
183
3
165
6
164
176
11
87
189
130
183
3
165
6
164
176
11
87
189
130
183
3
165
6
164
176
11
87
189
130
183
3
165
6
164
176
11
87
189
130
183
3
165
6
164
176
11
87
189
130
183
3
165
6
164
176
11
87
189
130
183
3
165
6
164
176
11
87
189
130
183
3
165
6
164
176
11
87
189
130
183
3
165
6
164
176
11
87
189
130
183
3
165
6
164
176
11
87
189
130
183
3
165
6
164
176
11
87
189
130
183
3
165
6
164
176
11
87
189
130
183
3
165
6
164
176
11
87
189
130
183
3
165
6
164
176
11
87
189
130
183
3
165
6
164
176
11
87
189
130
183
3
165
6
164
176
11
87
189
130
183
3
165
6
164
176
11
87
189
130
183
3
165
6
164
176
11
87
189
130
183
3
165
6
164
176
11
87
189
130
183
3
165
6
164
176
11
87
189
130
183
3
165
6
164
176
11
87
189
130
183
3
165
6
164
176
11
87
189
130
183
3
165
6
164
176
11
87
189
130
183
3
165
6
164
176
11
87
189
130
183
3
165
6
164
176
11
87
189
130
183
3
165
6
164
176
11
87
189
130
183
3
165
6
164
176
11
87
189
130
183
3
165
6
164
176
11
87
189
130
183
3
165
6
164
176
11
87
189
130
183
3
165
6
164
176
11
87
189
130
183
3
165
6
164
176
11
87
189
130
183
3
165
6
164
176
11
87
189
130
183
3
165
6
164
176
11
87
189
130
183
3
165
6
164
176
11
87
189
130
183
3
165
6
164
176
11
87
189
130
183