3
9
165
6
164
176
87
189
130
183
3
9
165
6
164
176
87
189
130
183
3
9
165
6
164
176
87
189
130
183
3
9
165
6
164
176
87
189
130
183
3
9
165
6
164
176
87
189
130
183
3
9
165
6
164
176
87
189
130
183
3
9
165
6
164
176
87
189
130
183
3
9
165
6
164
176
87
189
130
183
3
9
165
6
164
176
87
189
130
183
3
9
165
6
164
176
87
189
130
183
3
9
165
6
164
176
87
189
130
183
3
9
165
6
164
176
87
189
130
183
3
9
165
6
164
176
87
189
130
183
3
9
165
6
164
176
87
189
130
183
3
9
165
6
164
176
87
189
130
183
3
9
165
6
164
176
87
189
130
183
3
9
165
6
164
176
87
189
130
183
3
9
165
6
164
176
87
189
130
183
3
9
165
6
164
176
87
189
130
183
3
9
165
6
164
176
87
189
130
183
3
9
165
6
164
176
87
189
130
183
3
9
165
6
164
176
87
189
130
183
3
9
165
6
164
176
87
189
130
183
3
9
165
6
164
176
87
189
130
183
3
9
165
6
164
176
87
189
130
183
3
9
165
6
164
176
87
189
130
183
3
9
165
6
164
176
87
189
130
183
3
9
165
6
164
176
87
189
130
183
3
9
165
6
164
176
87
189
130
183
3
9
165
6
164
176
87
189
130
183
3
9
165
6
164
176
87
189
130
183
3
9
165
6
164
176
87
189
130
183
3
9
165
6
164
176
87
189
130
183
3
9
165
6
164
176
87
189
130
183
3
9
165
6
164
176
87
189
130
183
3
9
165
6
164
176
87
189
130
183
3
9
165
6
164
176
87
189
130
183
3
9
165
6
164
176
87
189
130
183
3
9
165
6
164
176
87
189
130
183
3
9
165
6
164
176
87
189
130
183
3
9
165
6
164
176
87
189
130
183
3
9
165
6
164
176
87
189
130
183
3
9
165
6
164
176
87
189
130
183
3
9
165
6
164
176
87
189
130
183
3
9
165
6
164
176
87
189
130
183
3
9
165
6
164
176
87
189
130
183
3
9
165
6
164
176
87
189
130
183
3
9
165
6
164
176
87
189
130
183
3
9
165
6
164
176
87
189
130
183
3
9
165
6
164
176
87
189
130
183