59
49
57
148
10
135
145
73
53
7
59
49
57
148
10
135
145
73
53
7
59
49
57
148
10
135
145
73
53
7
59
49
57
148
10
135
145
73
53
7
59
49
57
148
10
135
145
73
53
7
59
49
57
148
10
135
145
73
53
7
59
49
57
148
10
135
145
73
53
7
59
49
57
148
10
135
145
73
53
7
59
49
57
148
10
135
145
73
53
7
59
49
57
148
10
135
145
73
53
7
59
49
57
148
10
135
145
73
53
7
59
49
57
148
10
135
145
73
53
7
59
49
57
148
10
135
145
73
53
7
59
49
57
148
10
135
145
73
53
7
59
49
57
148
10
135
145
73
53
7
59
49
57
148
10
135
145
73
53
7
59
49
57
148
10
135
145
73
53
7
59
49
57
148
10
135
145
73
53
7
59
49
57
148
10
135
145
73
53
7
59
49
57
148
10
135
145
73
53
7
59
49
57
148
10
135
145
73
53
7
59
49
57
148
10
135
145
73
53
7
59
49
57
148
10
135
145
73
53
7
59
49
57
148
10
135
145
73
53
7
59
49
57
148
10
135
145
73
53
7
59
49
57
148
10
135
145
73
53
7
59
49
57
148
10
135
145
73
53
7
59
49
57
148
10
135
145
73
53
7
59
49
57
148
10
135
145
73
53
7
59
49
57
148
10
135
145
73
53
7
59
49
57
148
10
135
145
73
53
7
59
49
57
148
10
135
145
73
53
7
59
49
57
148
10
135
145
73
53
7
59
49
57
148
10
135
145
73
53
7
59
49
57
148
10
135
145
73
53
7
59
49
57
148
10
135
145
73
53
7
59
49
57
148
10
135
145
73
53
7
59
49
57
148
10
135
145
73
53
7
59
49
57
148
10
135
145
73
53
7
59
49
57
148
10
135
145
73
53
7
59
49
57
148
10
135
145
73
53
7
59
49
57
148
10
135
145
73
53
7
59
49
57
148
10
135
145
73
53
7
59
49
57
148
10
135
145
73
53
7
59
49
57
148
10
135
145
73
53
7
59
49
57
148
10
135
145
73
53
7
59
49
57
148
10
135
145
73
53
7
59
49
57
148
10
135
145
73
53
7
59
49
57
148
10
135
145
73
53
7
59
49
57
148
10
135
145
73
53
7