59
49
57
148
10
135
77
107
53
7
59
49
57
148
10
135
77
107
53
7
59
49
57
148
10
135
77
107
53
7
59
49
57
148
10
135
77
107
53
7
59
49
57
148
10
135
77
107
53
7
59
49
57
148
10
135
77
107
53
7
59
49
57
148
10
135
77
107
53
7
59
49
57
148
10
135
77
107
53
7
59
49
57
148
10
135
77
107
53
7
59
49
57
148
10
135
77
107
53
7
59
49
57
148
10
135
77
107
53
7
59
49
57
148
10
135
77
107
53
7
59
49
57
148
10
135
77
107
53
7
59
49
57
148
10
135
77
107
53
7
59
49
57
148
10
135
77
107
53
7
59
49
57
148
10
135
77
107
53
7
59
49
57
148
10
135
77
107
53
7
59
49
57
148
10
135
77
107
53
7
59
49
57
148
10
135
77
107
53
7
59
49
57
148
10
135
77
107
53
7
59
49
57
148
10
135
77
107
53
7
59
49
57
148
10
135
77
107
53
7
59
49
57
148
10
135
77
107
53
7
59
49
57
148
10
135
77
107
53
7
59
49
57
148
10
135
77
107
53
7
59
49
57
148
10
135
77
107
53
7
59
49
57
148
10
135
77
107
53
7
59
49
57
148
10
135
77
107
53
7
59
49
57
148
10
135
77
107
53
7
59
49
57
148
10
135
77
107
53
7
59
49
57
148
10
135
77
107
53
7
59
49
57
148
10
135
77
107
53
7
59
49
57
148
10
135
77
107
53
7
59
49
57
148
10
135
77
107
53
7
59
49
57
148
10
135
77
107
53
7
59
49
57
148
10
135
77
107
53
7
59
49
57
148
10
135
77
107
53
7
59
49
57
148
10
135
77
107
53
7
59
49
57
148
10
135
77
107
53
7
59
49
57
148
10
135
77
107
53
7
59
49
57
148
10
135
77
107
53
7
59
49
57
148
10
135
77
107
53
7
59
49
57
148
10
135
77
107
53
7
59
49
57
148
10
135
77
107
53
7
59
49
57
148
10
135
77
107
53
7
59
49
57
148
10
135
77
107
53
7
59
49
57
148
10
135
77
107
53
7
59
49
57
148
10
135
77
107
53
7
59
49
57
148
10
135
77
107
53
7
59
49
57
148
10
135
77
107
53
7