59
49
57
148
10
77
145
107
53
7
59
49
57
148
10
77
145
107
53
7
59
49
57
148
10
77
145
107
53
7
59
49
57
148
10
77
145
107
53
7
59
49
57
148
10
77
145
107
53
7
59
49
57
148
10
77
145
107
53
7
59
49
57
148
10
77
145
107
53
7
59
49
57
148
10
77
145
107
53
7
59
49
57
148
10
77
145
107
53
7
59
49
57
148
10
77
145
107
53
7
59
49
57
148
10
77
145
107
53
7
59
49
57
148
10
77
145
107
53
7
59
49
57
148
10
77
145
107
53
7
59
49
57
148
10
77
145
107
53
7
59
49
57
148
10
77
145
107
53
7
59
49
57
148
10
77
145
107
53
7
59
49
57
148
10
77
145
107
53
7
59
49
57
148
10
77
145
107
53
7
59
49
57
148
10
77
145
107
53
7
59
49
57
148
10
77
145
107
53
7
59
49
57
148
10
77
145
107
53
7
59
49
57
148
10
77
145
107
53
7
59
49
57
148
10
77
145
107
53
7
59
49
57
148
10
77
145
107
53
7
59
49
57
148
10
77
145
107
53
7
59
49
57
148
10
77
145
107
53
7
59
49
57
148
10
77
145
107
53
7
59
49
57
148
10
77
145
107
53
7
59
49
57
148
10
77
145
107
53
7
59
49
57
148
10
77
145
107
53
7
59
49
57
148
10
77
145
107
53
7
59
49
57
148
10
77
145
107
53
7
59
49
57
148
10
77
145
107
53
7
59
49
57
148
10
77
145
107
53
7
59
49
57
148
10
77
145
107
53
7
59
49
57
148
10
77
145
107
53
7
59
49
57
148
10
77
145
107
53
7
59
49
57
148
10
77
145
107
53
7
59
49
57
148
10
77
145
107
53
7
59
49
57
148
10
77
145
107
53
7
59
49
57
148
10
77
145
107
53
7
59
49
57
148
10
77
145
107
53
7
59
49
57
148
10
77
145
107
53
7
59
49
57
148
10
77
145
107
53
7
59
49
57
148
10
77
145
107
53
7
59
49
57
148
10
77
145
107
53
7
59
49
57
148
10
77
145
107
53
7
59
49
57
148
10
77
145
107
53
7
59
49
57
148
10
77
145
107
53
7
59
49
57
148
10
77
145
107
53
7