59
49
57
135
77
145
107
73
53
7
59
49
57
135
77
145
107
73
53
7
59
49
57
135
77
145
107
73
53
7
59
49
57
135
77
145
107
73
53
7
59
49
57
135
77
145
107
73
53
7
59
49
57
135
77
145
107
73
53
7
59
49
57
135
77
145
107
73
53
7
59
49
57
135
77
145
107
73
53
7
59
49
57
135
77
145
107
73
53
7
59
49
57
135
77
145
107
73
53
7
59
49
57
135
77
145
107
73
53
7
59
49
57
135
77
145
107
73
53
7
59
49
57
135
77
145
107
73
53
7
59
49
57
135
77
145
107
73
53
7
59
49
57
135
77
145
107
73
53
7
59
49
57
135
77
145
107
73
53
7
59
49
57
135
77
145
107
73
53
7
59
49
57
135
77
145
107
73
53
7
59
49
57
135
77
145
107
73
53
7
59
49
57
135
77
145
107
73
53
7
59
49
57
135
77
145
107
73
53
7
59
49
57
135
77
145
107
73
53
7
59
49
57
135
77
145
107
73
53
7
59
49
57
135
77
145
107
73
53
7
59
49
57
135
77
145
107
73
53
7
59
49
57
135
77
145
107
73
53
7
59
49
57
135
77
145
107
73
53
7
59
49
57
135
77
145
107
73
53
7
59
49
57
135
77
145
107
73
53
7
59
49
57
135
77
145
107
73
53
7
59
49
57
135
77
145
107
73
53
7
59
49
57
135
77
145
107
73
53
7
59
49
57
135
77
145
107
73
53
7
59
49
57
135
77
145
107
73
53
7
59
49
57
135
77
145
107
73
53
7
59
49
57
135
77
145
107
73
53
7
59
49
57
135
77
145
107
73
53
7
59
49
57
135
77
145
107
73
53
7
59
49
57
135
77
145
107
73
53
7
59
49
57
135
77
145
107
73
53
7
59
49
57
135
77
145
107
73
53
7
59
49
57
135
77
145
107
73
53
7
59
49
57
135
77
145
107
73
53
7
59
49
57
135
77
145
107
73
53
7
59
49
57
135
77
145
107
73
53
7
59
49
57
135
77
145
107
73
53
7
59
49
57
135
77
145
107
73
53
7
59
49
57
135
77
145
107
73
53
7
59
49
57
135
77
145
107
73
53
7
59
49
57
135
77
145
107
73
53
7