59
57
148
10
135
77
107
73
53
7
59
57
148
10
135
77
107
73
53
7
59
57
148
10
135
77
107
73
53
7
59
57
148
10
135
77
107
73
53
7
59
57
148
10
135
77
107
73
53
7
59
57
148
10
135
77
107
73
53
7
59
57
148
10
135
77
107
73
53
7
59
57
148
10
135
77
107
73
53
7
59
57
148
10
135
77
107
73
53
7
59
57
148
10
135
77
107
73
53
7
59
57
148
10
135
77
107
73
53
7
59
57
148
10
135
77
107
73
53
7
59
57
148
10
135
77
107
73
53
7
59
57
148
10
135
77
107
73
53
7
59
57
148
10
135
77
107
73
53
7
59
57
148
10
135
77
107
73
53
7
59
57
148
10
135
77
107
73
53
7
59
57
148
10
135
77
107
73
53
7
59
57
148
10
135
77
107
73
53
7
59
57
148
10
135
77
107
73
53
7
59
57
148
10
135
77
107
73
53
7
59
57
148
10
135
77
107
73
53
7
59
57
148
10
135
77
107
73
53
7
59
57
148
10
135
77
107
73
53
7
59
57
148
10
135
77
107
73
53
7
59
57
148
10
135
77
107
73
53
7
59
57
148
10
135
77
107
73
53
7
59
57
148
10
135
77
107
73
53
7
59
57
148
10
135
77
107
73
53
7
59
57
148
10
135
77
107
73
53
7
59
57
148
10
135
77
107
73
53
7
59
57
148
10
135
77
107
73
53
7
59
57
148
10
135
77
107
73
53
7
59
57
148
10
135
77
107
73
53
7
59
57
148
10
135
77
107
73
53
7
59
57
148
10
135
77
107
73
53
7
59
57
148
10
135
77
107
73
53
7
59
57
148
10
135
77
107
73
53
7
59
57
148
10
135
77
107
73
53
7
59
57
148
10
135
77
107
73
53
7
59
57
148
10
135
77
107
73
53
7
59
57
148
10
135
77
107
73
53
7
59
57
148
10
135
77
107
73
53
7
59
57
148
10
135
77
107
73
53
7
59
57
148
10
135
77
107
73
53
7
59
57
148
10
135
77
107
73
53
7
59
57
148
10
135
77
107
73
53
7
59
57
148
10
135
77
107
73
53
7
59
57
148
10
135
77
107
73
53
7
59
57
148
10
135
77
107
73
53
7