59
49
148
135
77
145
107
73
53
7
59
49
148
135
77
145
107
73
53
7
59
49
148
135
77
145
107
73
53
7
59
49
148
135
77
145
107
73
53
7
59
49
148
135
77
145
107
73
53
7
59
49
148
135
77
145
107
73
53
7
59
49
148
135
77
145
107
73
53
7
59
49
148
135
77
145
107
73
53
7
59
49
148
135
77
145
107
73
53
7
59
49
148
135
77
145
107
73
53
7
59
49
148
135
77
145
107
73
53
7
59
49
148
135
77
145
107
73
53
7
59
49
148
135
77
145
107
73
53
7
59
49
148
135
77
145
107
73
53
7
59
49
148
135
77
145
107
73
53
7
59
49
148
135
77
145
107
73
53
7
59
49
148
135
77
145
107
73
53
7
59
49
148
135
77
145
107
73
53
7
59
49
148
135
77
145
107
73
53
7
59
49
148
135
77
145
107
73
53
7
59
49
148
135
77
145
107
73
53
7
59
49
148
135
77
145
107
73
53
7
59
49
148
135
77
145
107
73
53
7
59
49
148
135
77
145
107
73
53
7
59
49
148
135
77
145
107
73
53
7
59
49
148
135
77
145
107
73
53
7
59
49
148
135
77
145
107
73
53
7
59
49
148
135
77
145
107
73
53
7
59
49
148
135
77
145
107
73
53
7
59
49
148
135
77
145
107
73
53
7
59
49
148
135
77
145
107
73
53
7
59
49
148
135
77
145
107
73
53
7
59
49
148
135
77
145
107
73
53
7
59
49
148
135
77
145
107
73
53
7
59
49
148
135
77
145
107
73
53
7
59
49
148
135
77
145
107
73
53
7
59
49
148
135
77
145
107
73
53
7
59
49
148
135
77
145
107
73
53
7
59
49
148
135
77
145
107
73
53
7
59
49
148
135
77
145
107
73
53
7
59
49
148
135
77
145
107
73
53
7
59
49
148
135
77
145
107
73
53
7
59
49
148
135
77
145
107
73
53
7
59
49
148
135
77
145
107
73
53
7
59
49
148
135
77
145
107
73
53
7
59
49
148
135
77
145
107
73
53
7
59
49
148
135
77
145
107
73
53
7
59
49
148
135
77
145
107
73
53
7
59
49
148
135
77
145
107
73
53
7
59
49
148
135
77
145
107
73
53
7