49
57
148
10
135
145
107
73
53
7
49
57
148
10
135
145
107
73
53
7
49
57
148
10
135
145
107
73
53
7
49
57
148
10
135
145
107
73
53
7
49
57
148
10
135
145
107
73
53
7
49
57
148
10
135
145
107
73
53
7
49
57
148
10
135
145
107
73
53
7
49
57
148
10
135
145
107
73
53
7
49
57
148
10
135
145
107
73
53
7
49
57
148
10
135
145
107
73
53
7
49
57
148
10
135
145
107
73
53
7
49
57
148
10
135
145
107
73
53
7
49
57
148
10
135
145
107
73
53
7
49
57
148
10
135
145
107
73
53
7
49
57
148
10
135
145
107
73
53
7
49
57
148
10
135
145
107
73
53
7
49
57
148
10
135
145
107
73
53
7
49
57
148
10
135
145
107
73
53
7
49
57
148
10
135
145
107
73
53
7
49
57
148
10
135
145
107
73
53
7
49
57
148
10
135
145
107
73
53
7
49
57
148
10
135
145
107
73
53
7
49
57
148
10
135
145
107
73
53
7
49
57
148
10
135
145
107
73
53
7
49
57
148
10
135
145
107
73
53
7
49
57
148
10
135
145
107
73
53
7
49
57
148
10
135
145
107
73
53
7
49
57
148
10
135
145
107
73
53
7
49
57
148
10
135
145
107
73
53
7
49
57
148
10
135
145
107
73
53
7
49
57
148
10
135
145
107
73
53
7
49
57
148
10
135
145
107
73
53
7
49
57
148
10
135
145
107
73
53
7
49
57
148
10
135
145
107
73
53
7
49
57
148
10
135
145
107
73
53
7
49
57
148
10
135
145
107
73
53
7
49
57
148
10
135
145
107
73
53
7
49
57
148
10
135
145
107
73
53
7
49
57
148
10
135
145
107
73
53
7
49
57
148
10
135
145
107
73
53
7
49
57
148
10
135
145
107
73
53
7
49
57
148
10
135
145
107
73
53
7
49
57
148
10
135
145
107
73
53
7
49
57
148
10
135
145
107
73
53
7
49
57
148
10
135
145
107
73
53
7
49
57
148
10
135
145
107
73
53
7
49
57
148
10
135
145
107
73
53
7
49
57
148
10
135
145
107
73
53
7
49
57
148
10
135
145
107
73
53
7
49
57
148
10
135
145
107
73
53
7