487
486
485
487
486
485
487
486
485
487
486
485
487
486
485
487
486
485
487
486
485
487
486
485
487
486
485
487
486
485
487
486
485
487
486
485
487
486
485
487
486
485
487
486
485
487
486
485
487
486
485
487
486
485
487
486
485
487
486
485
487
486
485
487
486
485
487
486
485
487
486
485
487
486
485
487
486
485
487
486
485
487
486
485
487
486
485
487
486
485
487
486
485
487
486
485
487
486
485
487
486
485
487
486
485
487
486
485
487
486
485
487
486
485
487
486
485
487
486
485
487
486
485
487
486
485
487
486
485
487
486
485
487
486
485
487
486
485
487
486
485
487
486
485
487
486
485
487
486
485