51
24
67
49
132
50
6
52
56
86
51
24
67
49
132
50
6
52
56
86
51
24
67
49
132
50
6
52
56
86
51
24
67
49
132
50
6
52
56
86
51
24
67
49
132
50
6
52
56
86
51
24
67
49
132
50
6
52
56
86
51
24
67
49
132
50
6
52
56
86
51
24
67
49
132
50
6
52
56
86
51
24
67
49
132
50
6
52
56
86
51
24
67
49
132
50
6
52
56
86
51
24
67
49
132
50
6
52
56
86
51
24
67
49
132
50
6
52
56
86
51
24
67
49
132
50
6
52
56
86
51
24
67
49
132
50
6
52
56
86
51
24
67
49
132
50
6
52
56
86
51
24
67
49
132
50
6
52
56
86
51
24
67
49
132
50
6
52
56
86
51
24
67
49
132
50
6
52
56
86
51
24
67
49
132
50
6
52
56
86
51
24
67
49
132
50
6
52
56
86
51
24
67
49
132
50
6
52
56
86
51
24
67
49
132
50
6
52
56
86
51
24
67
49
132
50
6
52
56
86
51
24
67
49
132
50
6
52
56
86
51
24
67
49
132
50
6
52
56
86
51
24
67
49
132
50
6
52
56
86
51
24
67
49
132
50
6
52
56
86
51
24
67
49
132
50
6
52
56
86
51
24
67
49
132
50
6
52
56
86
51
24
67
49
132
50
6
52
56
86
51
24
67
49
132
50
6
52
56
86
51
24
67
49
132
50
6
52
56
86
51
24
67
49
132
50
6
52
56
86
51
24
67
49
132
50
6
52
56
86
51
24
67
49
132
50
6
52
56
86
51
24
67
49
132
50
6
52
56
86
51
24
67
49
132
50
6
52
56
86
51
24
67
49
132
50
6
52
56
86
51
24
67
49
132
50
6
52
56
86
51
24
67
49
132
50
6
52
56
86
51
24
67
49
132
50
6
52
56
86
51
24
67
49
132
50
6
52
56
86
51
24
67
49
132
50
6
52
56
86
51
24
67
49
132
50
6
52
56
86
51
24
67
49
132
50
6
52
56
86
51
24
67
49
132
50
6
52
56
86
51
24
67
49
132
50
6
52
56
86
51
24
67
49
132
50
6
52
56
86
51
24
67
49
132
50
6
52
56
86
51
24
67
49
132
50
6
52
56
86