29
208
6
51
26
52
86
132
24
137
29
208
6
51
26
52
86
132
24
137
29
208
6
51
26
52
86
132
24
137
29
208
6
51
26
52
86
132
24
137
29
208
6
51
26
52
86
132
24
137
29
208
6
51
26
52
86
132
24
137
29
208
6
51
26
52
86
132
24
137
29
208
6
51
26
52
86
132
24
137
29
208
6
51
26
52
86
132
24
137
29
208
6
51
26
52
86
132
24
137
29
208
6
51
26
52
86
132
24
137
29
208
6
51
26
52
86
132
24
137
29
208
6
51
26
52
86
132
24
137
29
208
6
51
26
52
86
132
24
137
29
208
6
51
26
52
86
132
24
137
29
208
6
51
26
52
86
132
24
137
29
208
6
51
26
52
86
132
24
137
29
208
6
51
26
52
86
132
24
137
29
208
6
51
26
52
86
132
24
137
29
208
6
51
26
52
86
132
24
137
29
208
6
51
26
52
86
132
24
137
29
208
6
51
26
52
86
132
24
137
29
208
6
51
26
52
86
132
24
137
29
208
6
51
26
52
86
132
24
137
29
208
6
51
26
52
86
132
24
137
29
208
6
51
26
52
86
132
24
137
29
208
6
51
26
52
86
132
24
137
29
208
6
51
26
52
86
132
24
137
29
208
6
51
26
52
86
132
24
137
29
208
6
51
26
52
86
132
24
137
29
208
6
51
26
52
86
132
24
137
29
208
6
51
26
52
86
132
24
137
29
208
6
51
26
52
86
132
24
137
29
208
6
51
26
52
86
132
24
137
29
208
6
51
26
52
86
132
24
137
29
208
6
51
26
52
86
132
24
137
29
208
6
51
26
52
86
132
24
137
29
208
6
51
26
52
86
132
24
137
29
208
6
51
26
52
86
132
24
137
29
208
6
51
26
52
86
132
24
137
29
208
6
51
26
52
86
132
24
137
29
208
6
51
26
52
86
132
24
137
29
208
6
51
26
52
86
132
24
137
29
208
6
51
26
52
86
132
24
137
29
208
6
51
26
52
86
132
24
137
29
208
6
51
26
52
86
132
24
137
29
208
6
51
26
52
86
132
24
137
29
208
6
51
26
52
86
132
24
137
29
208
6
51
26
52
86
132
24
137
29
208
6
51
26
52
86
132
24
137