86
52
50
67
56
137
51
6
26
132
86
52
50
67
56
137
51
6
26
132
86
52
50
67
56
137
51
6
26
132
86
52
50
67
56
137
51
6
26
132
86
52
50
67
56
137
51
6
26
132
86
52
50
67
56
137
51
6
26
132
86
52
50
67
56
137
51
6
26
132
86
52
50
67
56
137
51
6
26
132
86
52
50
67
56
137
51
6
26
132
86
52
50
67
56
137
51
6
26
132
86
52
50
67
56
137
51
6
26
132
86
52
50
67
56
137
51
6
26
132
86
52
50
67
56
137
51
6
26
132
86
52
50
67
56
137
51
6
26
132
86
52
50
67
56
137
51
6
26
132
86
52
50
67
56
137
51
6
26
132
86
52
50
67
56
137
51
6
26
132
86
52
50
67
56
137
51
6
26
132
86
52
50
67
56
137
51
6
26
132
86
52
50
67
56
137
51
6
26
132
86
52
50
67
56
137
51
6
26
132
86
52
50
67
56
137
51
6
26
132
86
52
50
67
56
137
51
6
26
132
86
52
50
67
56
137
51
6
26
132
86
52
50
67
56
137
51
6
26
132
86
52
50
67
56
137
51
6
26
132
86
52
50
67
56
137
51
6
26
132
86
52
50
67
56
137
51
6
26
132
86
52
50
67
56
137
51
6
26
132
86
52
50
67
56
137
51
6
26
132
86
52
50
67
56
137
51
6
26
132
86
52
50
67
56
137
51
6
26
132
86
52
50
67
56
137
51
6
26
132
86
52
50
67
56
137
51
6
26
132
86
52
50
67
56
137
51
6
26
132
86
52
50
67
56
137
51
6
26
132
86
52
50
67
56
137
51
6
26
132
86
52
50
67
56
137
51
6
26
132
86
52
50
67
56
137
51
6
26
132
86
52
50
67
56
137
51
6
26
132
86
52
50
67
56
137
51
6
26
132
86
52
50
67
56
137
51
6
26
132
86
52
50
67
56
137
51
6
26
132
86
52
50
67
56
137
51
6
26
132
86
52
50
67
56
137
51
6
26
132
86
52
50
67
56
137
51
6
26
132
86
52
50
67
56
137
51
6
26
132
86
52
50
67
56
137
51
6
26
132
86
52
50
67
56
137
51
6
26
132
86
52
50
67
56
137
51
6
26
132