137
67
24
208
6
50
86
132
56
49
137
67
24
208
6
50
86
132
56
49
137
67
24
208
6
50
86
132
56
49
137
67
24
208
6
50
86
132
56
49
137
67
24
208
6
50
86
132
56
49
137
67
24
208
6
50
86
132
56
49
137
67
24
208
6
50
86
132
56
49
137
67
24
208
6
50
86
132
56
49
137
67
24
208
6
50
86
132
56
49
137
67
24
208
6
50
86
132
56
49
137
67
24
208
6
50
86
132
56
49
137
67
24
208
6
50
86
132
56
49
137
67
24
208
6
50
86
132
56
49
137
67
24
208
6
50
86
132
56
49
137
67
24
208
6
50
86
132
56
49
137
67
24
208
6
50
86
132
56
49
137
67
24
208
6
50
86
132
56
49
137
67
24
208
6
50
86
132
56
49
137
67
24
208
6
50
86
132
56
49
137
67
24
208
6
50
86
132
56
49
137
67
24
208
6
50
86
132
56
49
137
67
24
208
6
50
86
132
56
49
137
67
24
208
6
50
86
132
56
49
137
67
24
208
6
50
86
132
56
49
137
67
24
208
6
50
86
132
56
49
137
67
24
208
6
50
86
132
56
49
137
67
24
208
6
50
86
132
56
49
137
67
24
208
6
50
86
132
56
49
137
67
24
208
6
50
86
132
56
49
137
67
24
208
6
50
86
132
56
49
137
67
24
208
6
50
86
132
56
49
137
67
24
208
6
50
86
132
56
49
137
67
24
208
6
50
86
132
56
49
137
67
24
208
6
50
86
132
56
49
137
67
24
208
6
50
86
132
56
49
137
67
24
208
6
50
86
132
56
49
137
67
24
208
6
50
86
132
56
49
137
67
24
208
6
50
86
132
56
49
137
67
24
208
6
50
86
132
56
49
137
67
24
208
6
50
86
132
56
49
137
67
24
208
6
50
86
132
56
49
137
67
24
208
6
50
86
132
56
49
137
67
24
208
6
50
86
132
56
49
137
67
24
208
6
50
86
132
56
49
137
67
24
208
6
50
86
132
56
49
137
67
24
208
6
50
86
132
56
49
137
67
24
208
6
50
86
132
56
49
137
67
24
208
6
50
86
132
56
49
137
67
24
208
6
50
86
132
56
49
137
67
24
208
6
50
86
132
56
49