50
139
6
86
29
132
24
56
94
52
50
139
6
86
29
132
24
56
94
52
50
139
6
86
29
132
24
56
94
52
50
139
6
86
29
132
24
56
94
52
50
139
6
86
29
132
24
56
94
52
50
139
6
86
29
132
24
56
94
52
50
139
6
86
29
132
24
56
94
52
50
139
6
86
29
132
24
56
94
52
50
139
6
86
29
132
24
56
94
52
50
139
6
86
29
132
24
56
94
52
50
139
6
86
29
132
24
56
94
52
50
139
6
86
29
132
24
56
94
52
50
139
6
86
29
132
24
56
94
52
50
139
6
86
29
132
24
56
94
52
50
139
6
86
29
132
24
56
94
52
50
139
6
86
29
132
24
56
94
52
50
139
6
86
29
132
24
56
94
52
50
139
6
86
29
132
24
56
94
52
50
139
6
86
29
132
24
56
94
52
50
139
6
86
29
132
24
56
94
52
50
139
6
86
29
132
24
56
94
52
50
139
6
86
29
132
24
56
94
52
50
139
6
86
29
132
24
56
94
52
50
139
6
86
29
132
24
56
94
52
50
139
6
86
29
132
24
56
94
52
50
139
6
86
29
132
24
56
94
52
50
139
6
86
29
132
24
56
94
52
50
139
6
86
29
132
24
56
94
52
50
139
6
86
29
132
24
56
94
52
50
139
6
86
29
132
24
56
94
52
50
139
6
86
29
132
24
56
94
52
50
139
6
86
29
132
24
56
94
52
50
139
6
86
29
132
24
56
94
52
50
139
6
86
29
132
24
56
94
52
50
139
6
86
29
132
24
56
94
52
50
139
6
86
29
132
24
56
94
52
50
139
6
86
29
132
24
56
94
52
50
139
6
86
29
132
24
56
94
52
50
139
6
86
29
132
24
56
94
52
50
139
6
86
29
132
24
56
94
52
50
139
6
86
29
132
24
56
94
52
50
139
6
86
29
132
24
56
94
52
50
139
6
86
29
132
24
56
94
52
50
139
6
86
29
132
24
56
94
52
50
139
6
86
29
132
24
56
94
52
50
139
6
86
29
132
24
56
94
52
50
139
6
86
29
132
24
56
94
52
50
139
6
86
29
132
24
56
94
52
50
139
6
86
29
132
24
56
94
52
50
139
6
86
29
132
24
56
94
52