137
67
6
52
139
24
51
50
132
26
137
67
6
52
139
24
51
50
132
26
137
67
6
52
139
24
51
50
132
26
137
67
6
52
139
24
51
50
132
26
137
67
6
52
139
24
51
50
132
26
137
67
6
52
139
24
51
50
132
26
137
67
6
52
139
24
51
50
132
26
137
67
6
52
139
24
51
50
132
26
137
67
6
52
139
24
51
50
132
26
137
67
6
52
139
24
51
50
132
26
137
67
6
52
139
24
51
50
132
26
137
67
6
52
139
24
51
50
132
26
137
67
6
52
139
24
51
50
132
26
137
67
6
52
139
24
51
50
132
26
137
67
6
52
139
24
51
50
132
26
137
67
6
52
139
24
51
50
132
26
137
67
6
52
139
24
51
50
132
26
137
67
6
52
139
24
51
50
132
26
137
67
6
52
139
24
51
50
132
26
137
67
6
52
139
24
51
50
132
26
137
67
6
52
139
24
51
50
132
26
137
67
6
52
139
24
51
50
132
26
137
67
6
52
139
24
51
50
132
26
137
67
6
52
139
24
51
50
132
26
137
67
6
52
139
24
51
50
132
26
137
67
6
52
139
24
51
50
132
26
137
67
6
52
139
24
51
50
132
26
137
67
6
52
139
24
51
50
132
26
137
67
6
52
139
24
51
50
132
26
137
67
6
52
139
24
51
50
132
26
137
67
6
52
139
24
51
50
132
26
137
67
6
52
139
24
51
50
132
26
137
67
6
52
139
24
51
50
132
26
137
67
6
52
139
24
51
50
132
26
137
67
6
52
139
24
51
50
132
26
137
67
6
52
139
24
51
50
132
26
137
67
6
52
139
24
51
50
132
26
137
67
6
52
139
24
51
50
132
26
137
67
6
52
139
24
51
50
132
26
137
67
6
52
139
24
51
50
132
26
137
67
6
52
139
24
51
50
132
26
137
67
6
52
139
24
51
50
132
26
137
67
6
52
139
24
51
50
132
26
137
67
6
52
139
24
51
50
132
26
137
67
6
52
139
24
51
50
132
26
137
67
6
52
139
24
51
50
132
26
137
67
6
52
139
24
51
50
132
26
137
67
6
52
139
24
51
50
132
26
137
67
6
52
139
24
51
50
132
26
137
67
6
52
139
24
51
50
132
26