6
132
137
26
56
49
50
29
86
67
6
132
137
26
56
49
50
29
86
67
6
132
137
26
56
49
50
29
86
67
6
132
137
26
56
49
50
29
86
67
6
132
137
26
56
49
50
29
86
67
6
132
137
26
56
49
50
29
86
67
6
132
137
26
56
49
50
29
86
67
6
132
137
26
56
49
50
29
86
67
6
132
137
26
56
49
50
29
86
67
6
132
137
26
56
49
50
29
86
67
6
132
137
26
56
49
50
29
86
67
6
132
137
26
56
49
50
29
86
67
6
132
137
26
56
49
50
29
86
67
6
132
137
26
56
49
50
29
86
67
6
132
137
26
56
49
50
29
86
67
6
132
137
26
56
49
50
29
86
67
6
132
137
26
56
49
50
29
86
67
6
132
137
26
56
49
50
29
86
67
6
132
137
26
56
49
50
29
86
67
6
132
137
26
56
49
50
29
86
67
6
132
137
26
56
49
50
29
86
67
6
132
137
26
56
49
50
29
86
67
6
132
137
26
56
49
50
29
86
67
6
132
137
26
56
49
50
29
86
67
6
132
137
26
56
49
50
29
86
67
6
132
137
26
56
49
50
29
86
67
6
132
137
26
56
49
50
29
86
67
6
132
137
26
56
49
50
29
86
67
6
132
137
26
56
49
50
29
86
67
6
132
137
26
56
49
50
29
86
67
6
132
137
26
56
49
50
29
86
67
6
132
137
26
56
49
50
29
86
67
6
132
137
26
56
49
50
29
86
67
6
132
137
26
56
49
50
29
86
67
6
132
137
26
56
49
50
29
86
67
6
132
137
26
56
49
50
29
86
67
6
132
137
26
56
49
50
29
86
67
6
132
137
26
56
49
50
29
86
67
6
132
137
26
56
49
50
29
86
67
6
132
137
26
56
49
50
29
86
67
6
132
137
26
56
49
50
29
86
67
6
132
137
26
56
49
50
29
86
67
6
132
137
26
56
49
50
29
86
67
6
132
137
26
56
49
50
29
86
67
6
132
137
26
56
49
50
29
86
67
6
132
137
26
56
49
50
29
86
67
6
132
137
26
56
49
50
29
86
67
6
132
137
26
56
49
50
29
86
67
6
132
137
26
56
49
50
29
86
67
6
132
137
26
56
49
50
29
86
67