139
52
29
132
94
137
49
6
50
56
139
52
29
132
94
137
49
6
50
56
139
52
29
132
94
137
49
6
50
56
139
52
29
132
94
137
49
6
50
56
139
52
29
132
94
137
49
6
50
56
139
52
29
132
94
137
49
6
50
56
139
52
29
132
94
137
49
6
50
56
139
52
29
132
94
137
49
6
50
56
139
52
29
132
94
137
49
6
50
56
139
52
29
132
94
137
49
6
50
56
139
52
29
132
94
137
49
6
50
56
139
52
29
132
94
137
49
6
50
56
139
52
29
132
94
137
49
6
50
56
139
52
29
132
94
137
49
6
50
56
139
52
29
132
94
137
49
6
50
56
139
52
29
132
94
137
49
6
50
56
139
52
29
132
94
137
49
6
50
56
139
52
29
132
94
137
49
6
50
56
139
52
29
132
94
137
49
6
50
56
139
52
29
132
94
137
49
6
50
56
139
52
29
132
94
137
49
6
50
56
139
52
29
132
94
137
49
6
50
56
139
52
29
132
94
137
49
6
50
56
139
52
29
132
94
137
49
6
50
56
139
52
29
132
94
137
49
6
50
56
139
52
29
132
94
137
49
6
50
56
139
52
29
132
94
137
49
6
50
56
139
52
29
132
94
137
49
6
50
56
139
52
29
132
94
137
49
6
50
56
139
52
29
132
94
137
49
6
50
56
139
52
29
132
94
137
49
6
50
56
139
52
29
132
94
137
49
6
50
56
139
52
29
132
94
137
49
6
50
56
139
52
29
132
94
137
49
6
50
56
139
52
29
132
94
137
49
6
50
56
139
52
29
132
94
137
49
6
50
56
139
52
29
132
94
137
49
6
50
56
139
52
29
132
94
137
49
6
50
56
139
52
29
132
94
137
49
6
50
56
139
52
29
132
94
137
49
6
50
56
139
52
29
132
94
137
49
6
50
56
139
52
29
132
94
137
49
6
50
56
139
52
29
132
94
137
49
6
50
56
139
52
29
132
94
137
49
6
50
56
139
52
29
132
94
137
49
6
50
56
139
52
29
132
94
137
49
6
50
56
139
52
29
132
94
137
49
6
50
56
139
52
29
132
94
137
49
6
50
56
139
52
29
132
94
137
49
6
50
56
139
52
29
132
94
137
49
6
50
56