50
52
137
67
56
49
208
51
86
24
50
52
137
67
56
49
208
51
86
24
50
52
137
67
56
49
208
51
86
24
50
52
137
67
56
49
208
51
86
24
50
52
137
67
56
49
208
51
86
24
50
52
137
67
56
49
208
51
86
24
50
52
137
67
56
49
208
51
86
24
50
52
137
67
56
49
208
51
86
24
50
52
137
67
56
49
208
51
86
24
50
52
137
67
56
49
208
51
86
24
50
52
137
67
56
49
208
51
86
24
50
52
137
67
56
49
208
51
86
24
50
52
137
67
56
49
208
51
86
24
50
52
137
67
56
49
208
51
86
24
50
52
137
67
56
49
208
51
86
24
50
52
137
67
56
49
208
51
86
24
50
52
137
67
56
49
208
51
86
24
50
52
137
67
56
49
208
51
86
24
50
52
137
67
56
49
208
51
86
24
50
52
137
67
56
49
208
51
86
24
50
52
137
67
56
49
208
51
86
24
50
52
137
67
56
49
208
51
86
24
50
52
137
67
56
49
208
51
86
24
50
52
137
67
56
49
208
51
86
24
50
52
137
67
56
49
208
51
86
24
50
52
137
67
56
49
208
51
86
24
50
52
137
67
56
49
208
51
86
24
50
52
137
67
56
49
208
51
86
24
50
52
137
67
56
49
208
51
86
24
50
52
137
67
56
49
208
51
86
24
50
52
137
67
56
49
208
51
86
24
50
52
137
67
56
49
208
51
86
24
50
52
137
67
56
49
208
51
86
24
50
52
137
67
56
49
208
51
86
24
50
52
137
67
56
49
208
51
86
24
50
52
137
67
56
49
208
51
86
24
50
52
137
67
56
49
208
51
86
24
50
52
137
67
56
49
208
51
86
24
50
52
137
67
56
49
208
51
86
24
50
52
137
67
56
49
208
51
86
24
50
52
137
67
56
49
208
51
86
24
50
52
137
67
56
49
208
51
86
24
50
52
137
67
56
49
208
51
86
24
50
52
137
67
56
49
208
51
86
24
50
52
137
67
56
49
208
51
86
24
50
52
137
67
56
49
208
51
86
24
50
52
137
67
56
49
208
51
86
24
50
52
137
67
56
49
208
51
86
24
50
52
137
67
56
49
208
51
86
24
50
52
137
67
56
49
208
51
86
24