67
6
137
52
139
86
94
56
132
29
67
6
137
52
139
86
94
56
132
29
67
6
137
52
139
86
94
56
132
29
67
6
137
52
139
86
94
56
132
29
67
6
137
52
139
86
94
56
132
29
67
6
137
52
139
86
94
56
132
29
67
6
137
52
139
86
94
56
132
29
67
6
137
52
139
86
94
56
132
29
67
6
137
52
139
86
94
56
132
29
67
6
137
52
139
86
94
56
132
29
67
6
137
52
139
86
94
56
132
29
67
6
137
52
139
86
94
56
132
29
67
6
137
52
139
86
94
56
132
29
67
6
137
52
139
86
94
56
132
29
67
6
137
52
139
86
94
56
132
29
67
6
137
52
139
86
94
56
132
29
67
6
137
52
139
86
94
56
132
29
67
6
137
52
139
86
94
56
132
29
67
6
137
52
139
86
94
56
132
29
67
6
137
52
139
86
94
56
132
29
67
6
137
52
139
86
94
56
132
29
67
6
137
52
139
86
94
56
132
29
67
6
137
52
139
86
94
56
132
29
67
6
137
52
139
86
94
56
132
29
67
6
137
52
139
86
94
56
132
29
67
6
137
52
139
86
94
56
132
29
67
6
137
52
139
86
94
56
132
29
67
6
137
52
139
86
94
56
132
29
67
6
137
52
139
86
94
56
132
29
67
6
137
52
139
86
94
56
132
29
67
6
137
52
139
86
94
56
132
29
67
6
137
52
139
86
94
56
132
29
67
6
137
52
139
86
94
56
132
29
67
6
137
52
139
86
94
56
132
29
67
6
137
52
139
86
94
56
132
29
67
6
137
52
139
86
94
56
132
29
67
6
137
52
139
86
94
56
132
29
67
6
137
52
139
86
94
56
132
29
67
6
137
52
139
86
94
56
132
29
67
6
137
52
139
86
94
56
132
29
67
6
137
52
139
86
94
56
132
29
67
6
137
52
139
86
94
56
132
29
67
6
137
52
139
86
94
56
132
29
67
6
137
52
139
86
94
56
132
29
67
6
137
52
139
86
94
56
132
29
67
6
137
52
139
86
94
56
132
29
67
6
137
52
139
86
94
56
132
29
67
6
137
52
139
86
94
56
132
29
67
6
137
52
139
86
94
56
132
29
67
6
137
52
139
86
94
56
132
29