49
67
139
26
86
56
50
24
208
94
49
67
139
26
86
56
50
24
208
94
49
67
139
26
86
56
50
24
208
94
49
67
139
26
86
56
50
24
208
94
49
67
139
26
86
56
50
24
208
94
49
67
139
26
86
56
50
24
208
94
49
67
139
26
86
56
50
24
208
94
49
67
139
26
86
56
50
24
208
94
49
67
139
26
86
56
50
24
208
94
49
67
139
26
86
56
50
24
208
94
49
67
139
26
86
56
50
24
208
94
49
67
139
26
86
56
50
24
208
94
49
67
139
26
86
56
50
24
208
94
49
67
139
26
86
56
50
24
208
94
49
67
139
26
86
56
50
24
208
94
49
67
139
26
86
56
50
24
208
94
49
67
139
26
86
56
50
24
208
94
49
67
139
26
86
56
50
24
208
94
49
67
139
26
86
56
50
24
208
94
49
67
139
26
86
56
50
24
208
94
49
67
139
26
86
56
50
24
208
94
49
67
139
26
86
56
50
24
208
94
49
67
139
26
86
56
50
24
208
94
49
67
139
26
86
56
50
24
208
94
49
67
139
26
86
56
50
24
208
94
49
67
139
26
86
56
50
24
208
94
49
67
139
26
86
56
50
24
208
94
49
67
139
26
86
56
50
24
208
94
49
67
139
26
86
56
50
24
208
94
49
67
139
26
86
56
50
24
208
94
49
67
139
26
86
56
50
24
208
94
49
67
139
26
86
56
50
24
208
94
49
67
139
26
86
56
50
24
208
94
49
67
139
26
86
56
50
24
208
94
49
67
139
26
86
56
50
24
208
94
49
67
139
26
86
56
50
24
208
94
49
67
139
26
86
56
50
24
208
94
49
67
139
26
86
56
50
24
208
94
49
67
139
26
86
56
50
24
208
94
49
67
139
26
86
56
50
24
208
94
49
67
139
26
86
56
50
24
208
94
49
67
139
26
86
56
50
24
208
94
49
67
139
26
86
56
50
24
208
94
49
67
139
26
86
56
50
24
208
94
49
67
139
26
86
56
50
24
208
94
49
67
139
26
86
56
50
24
208
94
49
67
139
26
86
56
50
24
208
94
49
67
139
26
86
56
50
24
208
94
49
67
139
26
86
56
50
24
208
94
49
67
139
26
86
56
50
24
208
94