26
51
132
56
86
49
24
137
6
208
26
51
132
56
86
49
24
137
6
208
26
51
132
56
86
49
24
137
6
208
26
51
132
56
86
49
24
137
6
208
26
51
132
56
86
49
24
137
6
208
26
51
132
56
86
49
24
137
6
208
26
51
132
56
86
49
24
137
6
208
26
51
132
56
86
49
24
137
6
208
26
51
132
56
86
49
24
137
6
208
26
51
132
56
86
49
24
137
6
208
26
51
132
56
86
49
24
137
6
208
26
51
132
56
86
49
24
137
6
208
26
51
132
56
86
49
24
137
6
208
26
51
132
56
86
49
24
137
6
208
26
51
132
56
86
49
24
137
6
208
26
51
132
56
86
49
24
137
6
208
26
51
132
56
86
49
24
137
6
208
26
51
132
56
86
49
24
137
6
208
26
51
132
56
86
49
24
137
6
208
26
51
132
56
86
49
24
137
6
208
26
51
132
56
86
49
24
137
6
208
26
51
132
56
86
49
24
137
6
208
26
51
132
56
86
49
24
137
6
208
26
51
132
56
86
49
24
137
6
208
26
51
132
56
86
49
24
137
6
208
26
51
132
56
86
49
24
137
6
208
26
51
132
56
86
49
24
137
6
208
26
51
132
56
86
49
24
137
6
208
26
51
132
56
86
49
24
137
6
208
26
51
132
56
86
49
24
137
6
208
26
51
132
56
86
49
24
137
6
208
26
51
132
56
86
49
24
137
6
208
26
51
132
56
86
49
24
137
6
208
26
51
132
56
86
49
24
137
6
208
26
51
132
56
86
49
24
137
6
208
26
51
132
56
86
49
24
137
6
208
26
51
132
56
86
49
24
137
6
208
26
51
132
56
86
49
24
137
6
208
26
51
132
56
86
49
24
137
6
208
26
51
132
56
86
49
24
137
6
208
26
51
132
56
86
49
24
137
6
208
26
51
132
56
86
49
24
137
6
208
26
51
132
56
86
49
24
137
6
208
26
51
132
56
86
49
24
137
6
208
26
51
132
56
86
49
24
137
6
208
26
51
132
56
86
49
24
137
6
208
26
51
132
56
86
49
24
137
6
208
26
51
132
56
86
49
24
137
6
208
26
51
132
56
86
49
24
137
6
208
26
51
132
56
86
49
24
137
6
208