24
51
49
132
50
86
29
137
56
6
24
51
49
132
50
86
29
137
56
6
24
51
49
132
50
86
29
137
56
6
24
51
49
132
50
86
29
137
56
6
24
51
49
132
50
86
29
137
56
6
24
51
49
132
50
86
29
137
56
6
24
51
49
132
50
86
29
137
56
6
24
51
49
132
50
86
29
137
56
6
24
51
49
132
50
86
29
137
56
6
24
51
49
132
50
86
29
137
56
6
24
51
49
132
50
86
29
137
56
6
24
51
49
132
50
86
29
137
56
6
24
51
49
132
50
86
29
137
56
6
24
51
49
132
50
86
29
137
56
6
24
51
49
132
50
86
29
137
56
6
24
51
49
132
50
86
29
137
56
6
24
51
49
132
50
86
29
137
56
6
24
51
49
132
50
86
29
137
56
6
24
51
49
132
50
86
29
137
56
6
24
51
49
132
50
86
29
137
56
6
24
51
49
132
50
86
29
137
56
6
24
51
49
132
50
86
29
137
56
6
24
51
49
132
50
86
29
137
56
6
24
51
49
132
50
86
29
137
56
6
24
51
49
132
50
86
29
137
56
6
24
51
49
132
50
86
29
137
56
6
24
51
49
132
50
86
29
137
56
6
24
51
49
132
50
86
29
137
56
6
24
51
49
132
50
86
29
137
56
6
24
51
49
132
50
86
29
137
56
6
24
51
49
132
50
86
29
137
56
6
24
51
49
132
50
86
29
137
56
6
24
51
49
132
50
86
29
137
56
6
24
51
49
132
50
86
29
137
56
6
24
51
49
132
50
86
29
137
56
6
24
51
49
132
50
86
29
137
56
6
24
51
49
132
50
86
29
137
56
6
24
51
49
132
50
86
29
137
56
6
24
51
49
132
50
86
29
137
56
6
24
51
49
132
50
86
29
137
56
6
24
51
49
132
50
86
29
137
56
6
24
51
49
132
50
86
29
137
56
6
24
51
49
132
50
86
29
137
56
6
24
51
49
132
50
86
29
137
56
6
24
51
49
132
50
86
29
137
56
6
24
51
49
132
50
86
29
137
56
6
24
51
49
132
50
86
29
137
56
6
24
51
49
132
50
86
29
137
56
6
24
51
49
132
50
86
29
137
56
6
24
51
49
132
50
86
29
137
56
6