24
51
52
67
50
86
29
137
56
6
24
51
52
67
50
86
29
137
56
6
24
51
52
67
50
86
29
137
56
6
24
51
52
67
50
86
29
137
56
6
24
51
52
67
50
86
29
137
56
6
24
51
52
67
50
86
29
137
56
6
24
51
52
67
50
86
29
137
56
6
24
51
52
67
50
86
29
137
56
6
24
51
52
67
50
86
29
137
56
6
24
51
52
67
50
86
29
137
56
6
24
51
52
67
50
86
29
137
56
6
24
51
52
67
50
86
29
137
56
6
24
51
52
67
50
86
29
137
56
6
24
51
52
67
50
86
29
137
56
6
24
51
52
67
50
86
29
137
56
6
24
51
52
67
50
86
29
137
56
6
24
51
52
67
50
86
29
137
56
6
24
51
52
67
50
86
29
137
56
6
24
51
52
67
50
86
29
137
56
6
24
51
52
67
50
86
29
137
56
6
24
51
52
67
50
86
29
137
56
6
24
51
52
67
50
86
29
137
56
6
24
51
52
67
50
86
29
137
56
6
24
51
52
67
50
86
29
137
56
6
24
51
52
67
50
86
29
137
56
6
24
51
52
67
50
86
29
137
56
6
24
51
52
67
50
86
29
137
56
6
24
51
52
67
50
86
29
137
56
6
24
51
52
67
50
86
29
137
56
6
24
51
52
67
50
86
29
137
56
6
24
51
52
67
50
86
29
137
56
6
24
51
52
67
50
86
29
137
56
6
24
51
52
67
50
86
29
137
56
6
24
51
52
67
50
86
29
137
56
6
24
51
52
67
50
86
29
137
56
6
24
51
52
67
50
86
29
137
56
6
24
51
52
67
50
86
29
137
56
6
24
51
52
67
50
86
29
137
56
6
24
51
52
67
50
86
29
137
56
6
24
51
52
67
50
86
29
137
56
6
24
51
52
67
50
86
29
137
56
6
24
51
52
67
50
86
29
137
56
6
24
51
52
67
50
86
29
137
56
6
24
51
52
67
50
86
29
137
56
6
24
51
52
67
50
86
29
137
56
6
24
51
52
67
50
86
29
137
56
6
24
51
52
67
50
86
29
137
56
6
24
51
52
67
50
86
29
137
56
6
24
51
52
67
50
86
29
137
56
6
24
51
52
67
50
86
29
137
56
6