24
51
49
132
52
50
86
29
56
6
24
51
49
132
52
50
86
29
56
6
24
51
49
132
52
50
86
29
56
6
24
51
49
132
52
50
86
29
56
6
24
51
49
132
52
50
86
29
56
6
24
51
49
132
52
50
86
29
56
6
24
51
49
132
52
50
86
29
56
6
24
51
49
132
52
50
86
29
56
6
24
51
49
132
52
50
86
29
56
6
24
51
49
132
52
50
86
29
56
6
24
51
49
132
52
50
86
29
56
6
24
51
49
132
52
50
86
29
56
6
24
51
49
132
52
50
86
29
56
6
24
51
49
132
52
50
86
29
56
6
24
51
49
132
52
50
86
29
56
6
24
51
49
132
52
50
86
29
56
6
24
51
49
132
52
50
86
29
56
6
24
51
49
132
52
50
86
29
56
6
24
51
49
132
52
50
86
29
56
6
24
51
49
132
52
50
86
29
56
6
24
51
49
132
52
50
86
29
56
6
24
51
49
132
52
50
86
29
56
6
24
51
49
132
52
50
86
29
56
6
24
51
49
132
52
50
86
29
56
6
24
51
49
132
52
50
86
29
56
6
24
51
49
132
52
50
86
29
56
6
24
51
49
132
52
50
86
29
56
6
24
51
49
132
52
50
86
29
56
6
24
51
49
132
52
50
86
29
56
6
24
51
49
132
52
50
86
29
56
6
24
51
49
132
52
50
86
29
56
6
24
51
49
132
52
50
86
29
56
6
24
51
49
132
52
50
86
29
56
6
24
51
49
132
52
50
86
29
56
6
24
51
49
132
52
50
86
29
56
6
24
51
49
132
52
50
86
29
56
6
24
51
49
132
52
50
86
29
56
6
24
51
49
132
52
50
86
29
56
6
24
51
49
132
52
50
86
29
56
6
24
51
49
132
52
50
86
29
56
6
24
51
49
132
52
50
86
29
56
6
24
51
49
132
52
50
86
29
56
6
24
51
49
132
52
50
86
29
56
6
24
51
49
132
52
50
86
29
56
6
24
51
49
132
52
50
86
29
56
6
24
51
49
132
52
50
86
29
56
6
24
51
49
132
52
50
86
29
56
6
24
51
49
132
52
50
86
29
56
6
24
51
49
132
52
50
86
29
56
6
24
51
49
132
52
50
86
29
56
6