24
51
49
132
52
67
50
29
56
6
24
51
49
132
52
67
50
29
56
6
24
51
49
132
52
67
50
29
56
6
24
51
49
132
52
67
50
29
56
6
24
51
49
132
52
67
50
29
56
6
24
51
49
132
52
67
50
29
56
6
24
51
49
132
52
67
50
29
56
6
24
51
49
132
52
67
50
29
56
6
24
51
49
132
52
67
50
29
56
6
24
51
49
132
52
67
50
29
56
6
24
51
49
132
52
67
50
29
56
6
24
51
49
132
52
67
50
29
56
6
24
51
49
132
52
67
50
29
56
6
24
51
49
132
52
67
50
29
56
6
24
51
49
132
52
67
50
29
56
6
24
51
49
132
52
67
50
29
56
6
24
51
49
132
52
67
50
29
56
6
24
51
49
132
52
67
50
29
56
6
24
51
49
132
52
67
50
29
56
6
24
51
49
132
52
67
50
29
56
6
24
51
49
132
52
67
50
29
56
6
24
51
49
132
52
67
50
29
56
6
24
51
49
132
52
67
50
29
56
6
24
51
49
132
52
67
50
29
56
6
24
51
49
132
52
67
50
29
56
6
24
51
49
132
52
67
50
29
56
6
24
51
49
132
52
67
50
29
56
6
24
51
49
132
52
67
50
29
56
6
24
51
49
132
52
67
50
29
56
6
24
51
49
132
52
67
50
29
56
6
24
51
49
132
52
67
50
29
56
6
24
51
49
132
52
67
50
29
56
6
24
51
49
132
52
67
50
29
56
6
24
51
49
132
52
67
50
29
56
6
24
51
49
132
52
67
50
29
56
6
24
51
49
132
52
67
50
29
56
6
24
51
49
132
52
67
50
29
56
6
24
51
49
132
52
67
50
29
56
6
24
51
49
132
52
67
50
29
56
6
24
51
49
132
52
67
50
29
56
6
24
51
49
132
52
67
50
29
56
6
24
51
49
132
52
67
50
29
56
6
24
51
49
132
52
67
50
29
56
6
24
51
49
132
52
67
50
29
56
6
24
51
49
132
52
67
50
29
56
6
24
51
49
132
52
67
50
29
56
6
24
51
49
132
52
67
50
29
56
6
24
51
49
132
52
67
50
29
56
6
24
51
49
132
52
67
50
29
56
6
24
51
49
132
52
67
50
29
56
6