24
49
132
52
67
50
86
29
137
6
24
49
132
52
67
50
86
29
137
6
24
49
132
52
67
50
86
29
137
6
24
49
132
52
67
50
86
29
137
6
24
49
132
52
67
50
86
29
137
6
24
49
132
52
67
50
86
29
137
6
24
49
132
52
67
50
86
29
137
6
24
49
132
52
67
50
86
29
137
6
24
49
132
52
67
50
86
29
137
6
24
49
132
52
67
50
86
29
137
6
24
49
132
52
67
50
86
29
137
6
24
49
132
52
67
50
86
29
137
6
24
49
132
52
67
50
86
29
137
6
24
49
132
52
67
50
86
29
137
6
24
49
132
52
67
50
86
29
137
6
24
49
132
52
67
50
86
29
137
6
24
49
132
52
67
50
86
29
137
6
24
49
132
52
67
50
86
29
137
6
24
49
132
52
67
50
86
29
137
6
24
49
132
52
67
50
86
29
137
6
24
49
132
52
67
50
86
29
137
6
24
49
132
52
67
50
86
29
137
6
24
49
132
52
67
50
86
29
137
6
24
49
132
52
67
50
86
29
137
6
24
49
132
52
67
50
86
29
137
6
24
49
132
52
67
50
86
29
137
6
24
49
132
52
67
50
86
29
137
6
24
49
132
52
67
50
86
29
137
6
24
49
132
52
67
50
86
29
137
6
24
49
132
52
67
50
86
29
137
6
24
49
132
52
67
50
86
29
137
6
24
49
132
52
67
50
86
29
137
6
24
49
132
52
67
50
86
29
137
6
24
49
132
52
67
50
86
29
137
6
24
49
132
52
67
50
86
29
137
6
24
49
132
52
67
50
86
29
137
6
24
49
132
52
67
50
86
29
137
6
24
49
132
52
67
50
86
29
137
6
24
49
132
52
67
50
86
29
137
6
24
49
132
52
67
50
86
29
137
6
24
49
132
52
67
50
86
29
137
6
24
49
132
52
67
50
86
29
137
6
24
49
132
52
67
50
86
29
137
6
24
49
132
52
67
50
86
29
137
6
24
49
132
52
67
50
86
29
137
6
24
49
132
52
67
50
86
29
137
6
24
49
132
52
67
50
86
29
137
6
24
49
132
52
67
50
86
29
137
6
24
49
132
52
67
50
86
29
137
6
24
49
132
52
67
50
86
29
137
6