24
49
132
52
67
50
86
137
56
6
24
49
132
52
67
50
86
137
56
6
24
49
132
52
67
50
86
137
56
6
24
49
132
52
67
50
86
137
56
6
24
49
132
52
67
50
86
137
56
6
24
49
132
52
67
50
86
137
56
6
24
49
132
52
67
50
86
137
56
6
24
49
132
52
67
50
86
137
56
6
24
49
132
52
67
50
86
137
56
6
24
49
132
52
67
50
86
137
56
6
24
49
132
52
67
50
86
137
56
6
24
49
132
52
67
50
86
137
56
6
24
49
132
52
67
50
86
137
56
6
24
49
132
52
67
50
86
137
56
6
24
49
132
52
67
50
86
137
56
6
24
49
132
52
67
50
86
137
56
6
24
49
132
52
67
50
86
137
56
6
24
49
132
52
67
50
86
137
56
6
24
49
132
52
67
50
86
137
56
6
24
49
132
52
67
50
86
137
56
6
24
49
132
52
67
50
86
137
56
6
24
49
132
52
67
50
86
137
56
6
24
49
132
52
67
50
86
137
56
6
24
49
132
52
67
50
86
137
56
6
24
49
132
52
67
50
86
137
56
6
24
49
132
52
67
50
86
137
56
6
24
49
132
52
67
50
86
137
56
6
24
49
132
52
67
50
86
137
56
6
24
49
132
52
67
50
86
137
56
6
24
49
132
52
67
50
86
137
56
6
24
49
132
52
67
50
86
137
56
6
24
49
132
52
67
50
86
137
56
6
24
49
132
52
67
50
86
137
56
6
24
49
132
52
67
50
86
137
56
6
24
49
132
52
67
50
86
137
56
6
24
49
132
52
67
50
86
137
56
6
24
49
132
52
67
50
86
137
56
6
24
49
132
52
67
50
86
137
56
6
24
49
132
52
67
50
86
137
56
6
24
49
132
52
67
50
86
137
56
6
24
49
132
52
67
50
86
137
56
6
24
49
132
52
67
50
86
137
56
6
24
49
132
52
67
50
86
137
56
6
24
49
132
52
67
50
86
137
56
6
24
49
132
52
67
50
86
137
56
6
24
49
132
52
67
50
86
137
56
6
24
49
132
52
67
50
86
137
56
6
24
49
132
52
67
50
86
137
56
6
24
49
132
52
67
50
86
137
56
6
24
49
132
52
67
50
86
137
56
6