79
46
82
111
128
50
57
48
85
148
79
46
82
111
128
50
57
48
85
148
79
46
82
111
128
50
57
48
85
148
79
46
82
111
128
50
57
48
85
148
79
46
82
111
128
50
57
48
85
148
79
46
82
111
128
50
57
48
85
148
79
46
82
111
128
50
57
48
85
148
79
46
82
111
128
50
57
48
85
148
79
46
82
111
128
50
57
48
85
148
79
46
82
111
128
50
57
48
85
148
79
46
82
111
128
50
57
48
85
148
79
46
82
111
128
50
57
48
85
148
79
46
82
111
128
50
57
48
85
148
79
46
82
111
128
50
57
48
85
148
79
46
82
111
128
50
57
48
85
148
79
46
82
111
128
50
57
48
85
148
79
46
82
111
128
50
57
48
85
148
79
46
82
111
128
50
57
48
85
148
79
46
82
111
128
50
57
48
85
148
79
46
82
111
128
50
57
48
85
148
79
46
82
111
128
50
57
48
85
148
79
46
82
111
128
50
57
48
85
148
79
46
82
111
128
50
57
48
85
148
79
46
82
111
128
50
57
48
85
148
79
46
82
111
128
50
57
48
85
148
79
46
82
111
128
50
57
48
85
148
79
46
82
111
128
50
57
48
85
148
79
46
82
111
128
50
57
48
85
148
79
46
82
111
128
50
57
48
85
148
79
46
82
111
128
50
57
48
85
148
79
46
82
111
128
50
57
48
85
148
79
46
82
111
128
50
57
48
85
148
79
46
82
111
128
50
57
48
85
148
79
46
82
111
128
50
57
48
85
148
79
46
82
111
128
50
57
48
85
148
79
46
82
111
128
50
57
48
85
148
79
46
82
111
128
50
57
48
85
148
79
46
82
111
128
50
57
48
85
148
79
46
82
111
128
50
57
48
85
148
79
46
82
111
128
50
57
48
85
148
79
46
82
111
128
50
57
48
85
148
79
46
82
111
128
50
57
48
85
148
79
46
82
111
128
50
57
48
85
148
79
46
82
111
128
50
57
48
85
148
79
46
82
111
128
50
57
48
85
148
79
46
82
111
128
50
57
48
85
148
79
46
82
111
128
50
57
48
85
148
79
46
82
111
128
50
57
48
85
148
79
46
82
111
128
50
57
48
85
148
79
46
82
111
128
50
57
48
85
148