79
46
82
128
116
16
50
57
48
148
79
46
82
128
116
16
50
57
48
148
79
46
82
128
116
16
50
57
48
148
79
46
82
128
116
16
50
57
48
148
79
46
82
128
116
16
50
57
48
148
79
46
82
128
116
16
50
57
48
148
79
46
82
128
116
16
50
57
48
148
79
46
82
128
116
16
50
57
48
148
79
46
82
128
116
16
50
57
48
148
79
46
82
128
116
16
50
57
48
148
79
46
82
128
116
16
50
57
48
148
79
46
82
128
116
16
50
57
48
148
79
46
82
128
116
16
50
57
48
148
79
46
82
128
116
16
50
57
48
148
79
46
82
128
116
16
50
57
48
148
79
46
82
128
116
16
50
57
48
148
79
46
82
128
116
16
50
57
48
148
79
46
82
128
116
16
50
57
48
148
79
46
82
128
116
16
50
57
48
148
79
46
82
128
116
16
50
57
48
148
79
46
82
128
116
16
50
57
48
148
79
46
82
128
116
16
50
57
48
148
79
46
82
128
116
16
50
57
48
148
79
46
82
128
116
16
50
57
48
148
79
46
82
128
116
16
50
57
48
148
79
46
82
128
116
16
50
57
48
148
79
46
82
128
116
16
50
57
48
148
79
46
82
128
116
16
50
57
48
148
79
46
82
128
116
16
50
57
48
148
79
46
82
128
116
16
50
57
48
148
79
46
82
128
116
16
50
57
48
148
79
46
82
128
116
16
50
57
48
148
79
46
82
128
116
16
50
57
48
148
79
46
82
128
116
16
50
57
48
148
79
46
82
128
116
16
50
57
48
148
79
46
82
128
116
16
50
57
48
148
79
46
82
128
116
16
50
57
48
148
79
46
82
128
116
16
50
57
48
148
79
46
82
128
116
16
50
57
48
148
79
46
82
128
116
16
50
57
48
148
79
46
82
128
116
16
50
57
48
148
79
46
82
128
116
16
50
57
48
148
79
46
82
128
116
16
50
57
48
148
79
46
82
128
116
16
50
57
48
148
79
46
82
128
116
16
50
57
48
148
79
46
82
128
116
16
50
57
48
148
79
46
82
128
116
16
50
57
48
148
79
46
82
128
116
16
50
57
48
148
79
46
82
128
116
16
50
57
48
148
79
46
82
128
116
16
50
57
48
148