79
82
111
128
116
16
57
48
85
148
79
82
111
128
116
16
57
48
85
148
79
82
111
128
116
16
57
48
85
148
79
82
111
128
116
16
57
48
85
148
79
82
111
128
116
16
57
48
85
148
79
82
111
128
116
16
57
48
85
148
79
82
111
128
116
16
57
48
85
148
79
82
111
128
116
16
57
48
85
148
79
82
111
128
116
16
57
48
85
148
79
82
111
128
116
16
57
48
85
148
79
82
111
128
116
16
57
48
85
148
79
82
111
128
116
16
57
48
85
148
79
82
111
128
116
16
57
48
85
148
79
82
111
128
116
16
57
48
85
148
79
82
111
128
116
16
57
48
85
148
79
82
111
128
116
16
57
48
85
148
79
82
111
128
116
16
57
48
85
148
79
82
111
128
116
16
57
48
85
148
79
82
111
128
116
16
57
48
85
148
79
82
111
128
116
16
57
48
85
148
79
82
111
128
116
16
57
48
85
148
79
82
111
128
116
16
57
48
85
148
79
82
111
128
116
16
57
48
85
148
79
82
111
128
116
16
57
48
85
148
79
82
111
128
116
16
57
48
85
148
79
82
111
128
116
16
57
48
85
148
79
82
111
128
116
16
57
48
85
148
79
82
111
128
116
16
57
48
85
148
79
82
111
128
116
16
57
48
85
148
79
82
111
128
116
16
57
48
85
148
79
82
111
128
116
16
57
48
85
148
79
82
111
128
116
16
57
48
85
148
79
82
111
128
116
16
57
48
85
148
79
82
111
128
116
16
57
48
85
148
79
82
111
128
116
16
57
48
85
148
79
82
111
128
116
16
57
48
85
148
79
82
111
128
116
16
57
48
85
148
79
82
111
128
116
16
57
48
85
148
79
82
111
128
116
16
57
48
85
148
79
82
111
128
116
16
57
48
85
148
79
82
111
128
116
16
57
48
85
148
79
82
111
128
116
16
57
48
85
148
79
82
111
128
116
16
57
48
85
148
79
82
111
128
116
16
57
48
85
148
79
82
111
128
116
16
57
48
85
148
79
82
111
128
116
16
57
48
85
148
79
82
111
128
116
16
57
48
85
148
79
82
111
128
116
16
57
48
85
148
79
82
111
128
116
16
57
48
85
148
79
82
111
128
116
16
57
48
85
148