79
82
111
128
116
50
57
48
85
148
79
82
111
128
116
50
57
48
85
148
79
82
111
128
116
50
57
48
85
148
79
82
111
128
116
50
57
48
85
148
79
82
111
128
116
50
57
48
85
148
79
82
111
128
116
50
57
48
85
148
79
82
111
128
116
50
57
48
85
148
79
82
111
128
116
50
57
48
85
148
79
82
111
128
116
50
57
48
85
148
79
82
111
128
116
50
57
48
85
148
79
82
111
128
116
50
57
48
85
148
79
82
111
128
116
50
57
48
85
148
79
82
111
128
116
50
57
48
85
148
79
82
111
128
116
50
57
48
85
148
79
82
111
128
116
50
57
48
85
148
79
82
111
128
116
50
57
48
85
148
79
82
111
128
116
50
57
48
85
148
79
82
111
128
116
50
57
48
85
148
79
82
111
128
116
50
57
48
85
148
79
82
111
128
116
50
57
48
85
148
79
82
111
128
116
50
57
48
85
148
79
82
111
128
116
50
57
48
85
148
79
82
111
128
116
50
57
48
85
148
79
82
111
128
116
50
57
48
85
148
79
82
111
128
116
50
57
48
85
148
79
82
111
128
116
50
57
48
85
148
79
82
111
128
116
50
57
48
85
148
79
82
111
128
116
50
57
48
85
148
79
82
111
128
116
50
57
48
85
148
79
82
111
128
116
50
57
48
85
148
79
82
111
128
116
50
57
48
85
148
79
82
111
128
116
50
57
48
85
148
79
82
111
128
116
50
57
48
85
148
79
82
111
128
116
50
57
48
85
148
79
82
111
128
116
50
57
48
85
148
79
82
111
128
116
50
57
48
85
148
79
82
111
128
116
50
57
48
85
148
79
82
111
128
116
50
57
48
85
148
79
82
111
128
116
50
57
48
85
148
79
82
111
128
116
50
57
48
85
148
79
82
111
128
116
50
57
48
85
148
79
82
111
128
116
50
57
48
85
148
79
82
111
128
116
50
57
48
85
148
79
82
111
128
116
50
57
48
85
148
79
82
111
128
116
50
57
48
85
148
79
82
111
128
116
50
57
48
85
148
79
82
111
128
116
50
57
48
85
148
79
82
111
128
116
50
57
48
85
148
79
82
111
128
116
50
57
48
85
148
79
82
111
128
116
50
57
48
85
148