79
46
82
111
128
116
16
50
85
148
79
46
82
111
128
116
16
50
85
148
79
46
82
111
128
116
16
50
85
148
79
46
82
111
128
116
16
50
85
148
79
46
82
111
128
116
16
50
85
148
79
46
82
111
128
116
16
50
85
148
79
46
82
111
128
116
16
50
85
148
79
46
82
111
128
116
16
50
85
148
79
46
82
111
128
116
16
50
85
148
79
46
82
111
128
116
16
50
85
148
79
46
82
111
128
116
16
50
85
148
79
46
82
111
128
116
16
50
85
148
79
46
82
111
128
116
16
50
85
148
79
46
82
111
128
116
16
50
85
148
79
46
82
111
128
116
16
50
85
148
79
46
82
111
128
116
16
50
85
148
79
46
82
111
128
116
16
50
85
148
79
46
82
111
128
116
16
50
85
148
79
46
82
111
128
116
16
50
85
148
79
46
82
111
128
116
16
50
85
148
79
46
82
111
128
116
16
50
85
148
79
46
82
111
128
116
16
50
85
148
79
46
82
111
128
116
16
50
85
148
79
46
82
111
128
116
16
50
85
148
79
46
82
111
128
116
16
50
85
148
79
46
82
111
128
116
16
50
85
148
79
46
82
111
128
116
16
50
85
148
79
46
82
111
128
116
16
50
85
148
79
46
82
111
128
116
16
50
85
148
79
46
82
111
128
116
16
50
85
148
79
46
82
111
128
116
16
50
85
148
79
46
82
111
128
116
16
50
85
148
79
46
82
111
128
116
16
50
85
148
79
46
82
111
128
116
16
50
85
148
79
46
82
111
128
116
16
50
85
148
79
46
82
111
128
116
16
50
85
148
79
46
82
111
128
116
16
50
85
148
79
46
82
111
128
116
16
50
85
148
79
46
82
111
128
116
16
50
85
148
79
46
82
111
128
116
16
50
85
148
79
46
82
111
128
116
16
50
85
148
79
46
82
111
128
116
16
50
85
148
79
46
82
111
128
116
16
50
85
148
79
46
82
111
128
116
16
50
85
148
79
46
82
111
128
116
16
50
85
148
79
46
82
111
128
116
16
50
85
148
79
46
82
111
128
116
16
50
85
148
79
46
82
111
128
116
16
50
85
148
79
46
82
111
128
116
16
50
85
148
79
46
82
111
128
116
16
50
85
148