79
46
82
111
128
16
57
48
85
148
79
46
82
111
128
16
57
48
85
148
79
46
82
111
128
16
57
48
85
148
79
46
82
111
128
16
57
48
85
148
79
46
82
111
128
16
57
48
85
148
79
46
82
111
128
16
57
48
85
148
79
46
82
111
128
16
57
48
85
148
79
46
82
111
128
16
57
48
85
148
79
46
82
111
128
16
57
48
85
148
79
46
82
111
128
16
57
48
85
148
79
46
82
111
128
16
57
48
85
148
79
46
82
111
128
16
57
48
85
148
79
46
82
111
128
16
57
48
85
148
79
46
82
111
128
16
57
48
85
148
79
46
82
111
128
16
57
48
85
148
79
46
82
111
128
16
57
48
85
148
79
46
82
111
128
16
57
48
85
148
79
46
82
111
128
16
57
48
85
148
79
46
82
111
128
16
57
48
85
148
79
46
82
111
128
16
57
48
85
148
79
46
82
111
128
16
57
48
85
148
79
46
82
111
128
16
57
48
85
148
79
46
82
111
128
16
57
48
85
148
79
46
82
111
128
16
57
48
85
148
79
46
82
111
128
16
57
48
85
148
79
46
82
111
128
16
57
48
85
148
79
46
82
111
128
16
57
48
85
148
79
46
82
111
128
16
57
48
85
148
79
46
82
111
128
16
57
48
85
148
79
46
82
111
128
16
57
48
85
148
79
46
82
111
128
16
57
48
85
148
79
46
82
111
128
16
57
48
85
148
79
46
82
111
128
16
57
48
85
148
79
46
82
111
128
16
57
48
85
148
79
46
82
111
128
16
57
48
85
148
79
46
82
111
128
16
57
48
85
148
79
46
82
111
128
16
57
48
85
148
79
46
82
111
128
16
57
48
85
148
79
46
82
111
128
16
57
48
85
148
79
46
82
111
128
16
57
48
85
148
79
46
82
111
128
16
57
48
85
148
79
46
82
111
128
16
57
48
85
148
79
46
82
111
128
16
57
48
85
148
79
46
82
111
128
16
57
48
85
148
79
46
82
111
128
16
57
48
85
148
79
46
82
111
128
16
57
48
85
148
79
46
82
111
128
16
57
48
85
148
79
46
82
111
128
16
57
48
85
148
79
46
82
111
128
16
57
48
85
148
79
46
82
111
128
16
57
48
85
148