79
46
82
111
116
50
57
48
85
148
79
46
82
111
116
50
57
48
85
148
79
46
82
111
116
50
57
48
85
148
79
46
82
111
116
50
57
48
85
148
79
46
82
111
116
50
57
48
85
148
79
46
82
111
116
50
57
48
85
148
79
46
82
111
116
50
57
48
85
148
79
46
82
111
116
50
57
48
85
148
79
46
82
111
116
50
57
48
85
148
79
46
82
111
116
50
57
48
85
148
79
46
82
111
116
50
57
48
85
148
79
46
82
111
116
50
57
48
85
148
79
46
82
111
116
50
57
48
85
148
79
46
82
111
116
50
57
48
85
148
79
46
82
111
116
50
57
48
85
148
79
46
82
111
116
50
57
48
85
148
79
46
82
111
116
50
57
48
85
148
79
46
82
111
116
50
57
48
85
148
79
46
82
111
116
50
57
48
85
148
79
46
82
111
116
50
57
48
85
148
79
46
82
111
116
50
57
48
85
148
79
46
82
111
116
50
57
48
85
148
79
46
82
111
116
50
57
48
85
148
79
46
82
111
116
50
57
48
85
148
79
46
82
111
116
50
57
48
85
148
79
46
82
111
116
50
57
48
85
148
79
46
82
111
116
50
57
48
85
148
79
46
82
111
116
50
57
48
85
148
79
46
82
111
116
50
57
48
85
148
79
46
82
111
116
50
57
48
85
148
79
46
82
111
116
50
57
48
85
148
79
46
82
111
116
50
57
48
85
148
79
46
82
111
116
50
57
48
85
148
79
46
82
111
116
50
57
48
85
148
79
46
82
111
116
50
57
48
85
148
79
46
82
111
116
50
57
48
85
148
79
46
82
111
116
50
57
48
85
148
79
46
82
111
116
50
57
48
85
148
79
46
82
111
116
50
57
48
85
148
79
46
82
111
116
50
57
48
85
148
79
46
82
111
116
50
57
48
85
148
79
46
82
111
116
50
57
48
85
148
79
46
82
111
116
50
57
48
85
148
79
46
82
111
116
50
57
48
85
148
79
46
82
111
116
50
57
48
85
148
79
46
82
111
116
50
57
48
85
148
79
46
82
111
116
50
57
48
85
148
79
46
82
111
116
50
57
48
85
148
79
46
82
111
116
50
57
48
85
148
79
46
82
111
116
50
57
48
85
148