79
46
82
111
128
116
16
50
48
85
79
46
82
111
128
116
16
50
48
85
79
46
82
111
128
116
16
50
48
85
79
46
82
111
128
116
16
50
48
85
79
46
82
111
128
116
16
50
48
85
79
46
82
111
128
116
16
50
48
85
79
46
82
111
128
116
16
50
48
85
79
46
82
111
128
116
16
50
48
85
79
46
82
111
128
116
16
50
48
85
79
46
82
111
128
116
16
50
48
85
79
46
82
111
128
116
16
50
48
85
79
46
82
111
128
116
16
50
48
85
79
46
82
111
128
116
16
50
48
85
79
46
82
111
128
116
16
50
48
85
79
46
82
111
128
116
16
50
48
85
79
46
82
111
128
116
16
50
48
85
79
46
82
111
128
116
16
50
48
85
79
46
82
111
128
116
16
50
48
85
79
46
82
111
128
116
16
50
48
85
79
46
82
111
128
116
16
50
48
85
79
46
82
111
128
116
16
50
48
85
79
46
82
111
128
116
16
50
48
85
79
46
82
111
128
116
16
50
48
85
79
46
82
111
128
116
16
50
48
85
79
46
82
111
128
116
16
50
48
85
79
46
82
111
128
116
16
50
48
85
79
46
82
111
128
116
16
50
48
85
79
46
82
111
128
116
16
50
48
85
79
46
82
111
128
116
16
50
48
85
79
46
82
111
128
116
16
50
48
85
79
46
82
111
128
116
16
50
48
85
79
46
82
111
128
116
16
50
48
85
79
46
82
111
128
116
16
50
48
85
79
46
82
111
128
116
16
50
48
85
79
46
82
111
128
116
16
50
48
85
79
46
82
111
128
116
16
50
48
85
79
46
82
111
128
116
16
50
48
85
79
46
82
111
128
116
16
50
48
85
79
46
82
111
128
116
16
50
48
85
79
46
82
111
128
116
16
50
48
85
79
46
82
111
128
116
16
50
48
85
79
46
82
111
128
116
16
50
48
85
79
46
82
111
128
116
16
50
48
85
79
46
82
111
128
116
16
50
48
85
79
46
82
111
128
116
16
50
48
85
79
46
82
111
128
116
16
50
48
85
79
46
82
111
128
116
16
50
48
85
79
46
82
111
128
116
16
50
48
85
79
46
82
111
128
116
16
50
48
85
79
46
82
111
128
116
16
50
48
85