93
40
6
201
159
80
58
5
59
286
6
2
59
1
40
93
11
213
80
201
40
93
59
1
80
2
286
245
201
159
59
1
40
93
11
5
213
80
201
159
2
1
40
93
11
5
213
80
201
159
2
59
1
40
93
11
5
80
201
159
6
59
1
40
93
11
5
80
201
159
6
59
1
40
93
11
5
213
80
201
6
2
1
40
93
11
5
80
201
159
6
2
59
1
40
93
11
5
80
201
93
40
6
201
159
80
58
5
59
286
6
2
59
1
40
93
11
213
80
201
40
93
59
1
80
2
286
245
201
159
59
1
40
93
11
5
213
80
201
159
2
1
40
93
11
5
213
80
201
159
2
59
1
40
93
11
5
80
201
159
6
59
1
40
93
11
5
80
201
159
6
59
1
40
93
11
5
213
80
201
6
2
1
40
93
11
5
80
201
159
6
2
59
1
40
93
11
5
80
201
93
40
6
201
159
80
58
5
59
286
6
2
59
1
40
93
11
213
80
201
40
93
59
1
80
2
286
245
201
159
59
1
40
93
11
5
213
80
201
159
2
1
40
93
11
5
213
80
201
159
2
59
1
40
93
11
5
80
201
159
6
59
1
40
93
11
5
80
201
159
6
59
1
40
93
11
5
213
80
201
6
2
1
40
93
11
5
80
201
159
6
2
59
1
40
93
11
5
80
201
93
40
6
201
159
80
58
5
59
286
6
2
59
1
40
93
11
213
80
201
40
93
59
1
80
2
286
245
201
159
59
1
40
93
11
5
213
80
201
159
2
1
40
93
11
5
213
80
201
159
2
59
1
40
93
11
5
80
201
159
6
59
1
40
93
11
5
80
201
159
6
59
1
40
93
11
5
213
80
201
6
2
1
40
93
11
5
80
201
159
6
2
59
1
40
93
11
5
80
201
93
40
6
201
159
80
58
5
59
286
6
2
59
1
40
93
11
213
80
201
40
93
59
1
80
2
286
245
201
159
59
1
40
93
11
5
213
80
201
159
2
1
40
93
11
5
213
80
201
159
2
59
1
40
93
11
5
80
201
159
6
59
1
40
93
11
5
80
201
159
6
59
1
40
93
11
5
213
80
201
6
2
1
40
93
11
5
80
201
159
6
2
59
1
40
93
11
5
80
201