34
110
118
177
51
4
10
157
90
48
34
110
118
177
51
4
10
157
90
48
34
110
118
177
51
4
10
157
90
48
34
110
118
177
51
4
10
157
90
48
34
110
118
177
51
4
10
157
90
48
34
110
118
177
51
4
10
157
90
48
34
110
118
177
51
4
10
157
90
48
34
110
118
177
51
4
10
157
90
48
34
110
118
177
51
4
10
157
90
48
34
110
118
177
51
4
10
157
90
48
34
110
118
177
51
4
10
157
90
48
34
110
118
177
51
4
10
157
90
48
34
110
118
177
51
4
10
157
90
48
34
110
118
177
51
4
10
157
90
48
34
110
118
177
51
4
10
157
90
48
34
110
118
177
51
4
10
157
90
48
34
110
118
177
51
4
10
157
90
48
34
110
118
177
51
4
10
157
90
48
34
110
118
177
51
4
10
157
90
48
34
110
118
177
51
4
10
157
90
48
34
110
118
177
51
4
10
157
90
48
34
110
118
177
51
4
10
157
90
48
34
110
118
177
51
4
10
157
90
48
34
110
118
177
51
4
10
157
90
48
34
110
118
177
51
4
10
157
90
48
34
110
118
177
51
4
10
157
90
48
34
110
118
177
51
4
10
157
90
48
34
110
118
177
51
4
10
157
90
48
34
110
118
177
51
4
10
157
90
48
34
110
118
177
51
4
10
157
90
48
34
110
118
177
51
4
10
157
90
48
34
110
118
177
51
4
10
157
90
48
34
110
118
177
51
4
10
157
90
48
34
110
118
177
51
4
10
157
90
48
34
110
118
177
51
4
10
157
90
48
34
110
118
177
51
4
10
157
90
48
34
110
118
177
51
4
10
157
90
48
34
110
118
177
51
4
10
157
90
48
34
110
118
177
51
4
10
157
90
48
34
110
118
177
51
4
10
157
90
48
34
110
118
177
51
4
10
157
90
48
34
110
118
177
51
4
10
157
90
48
34
110
118
177
51
4
10
157
90
48
34
110
118
177
51
4
10
157
90
48
34
110
118
177
51
4
10
157
90
48
34
110
118
177
51
4
10
157
90
48
34
110
118
177
51
4
10
157
90
48
34
110
118
177
51
4
10
157
90
48
34
110
118
177
51
4
10
157
90
48
34
110
118
177
51
4
10
157
90
48