61
107
90
157
172
48
51
57
179
177
61
107
90
157
172
48
51
57
179
177
61
107
90
157
172
48
51
57
179
177
61
107
90
157
172
48
51
57
179
177
61
107
90
157
172
48
51
57
179
177
61
107
90
157
172
48
51
57
179
177
61
107
90
157
172
48
51
57
179
177
61
107
90
157
172
48
51
57
179
177
61
107
90
157
172
48
51
57
179
177
61
107
90
157
172
48
51
57
179
177
61
107
90
157
172
48
51
57
179
177
61
107
90
157
172
48
51
57
179
177
61
107
90
157
172
48
51
57
179
177
61
107
90
157
172
48
51
57
179
177
61
107
90
157
172
48
51
57
179
177
61
107
90
157
172
48
51
57
179
177
61
107
90
157
172
48
51
57
179
177
61
107
90
157
172
48
51
57
179
177
61
107
90
157
172
48
51
57
179
177
61
107
90
157
172
48
51
57
179
177
61
107
90
157
172
48
51
57
179
177
61
107
90
157
172
48
51
57
179
177
61
107
90
157
172
48
51
57
179
177
61
107
90
157
172
48
51
57
179
177
61
107
90
157
172
48
51
57
179
177
61
107
90
157
172
48
51
57
179
177
61
107
90
157
172
48
51
57
179
177
61
107
90
157
172
48
51
57
179
177
61
107
90
157
172
48
51
57
179
177
61
107
90
157
172
48
51
57
179
177
61
107
90
157
172
48
51
57
179
177
61
107
90
157
172
48
51
57
179
177
61
107
90
157
172
48
51
57
179
177
61
107
90
157
172
48
51
57
179
177
61
107
90
157
172
48
51
57
179
177
61
107
90
157
172
48
51
57
179
177
61
107
90
157
172
48
51
57
179
177
61
107
90
157
172
48
51
57
179
177
61
107
90
157
172
48
51
57
179
177
61
107
90
157
172
48
51
57
179
177
61
107
90
157
172
48
51
57
179
177
61
107
90
157
172
48
51
57
179
177
61
107
90
157
172
48
51
57
179
177
61
107
90
157
172
48
51
57
179
177
61
107
90
157
172
48
51
57
179
177
61
107
90
157
172
48
51
57
179
177
61
107
90
157
172
48
51
57
179
177
61
107
90
157
172
48
51
57
179
177
61
107
90
157
172
48
51
57
179
177
61
107
90
157
172
48
51
57
179
177