179
4
57
61
118
10
90
110
172
157
179
4
57
61
118
10
90
110
172
157
179
4
57
61
118
10
90
110
172
157
179
4
57
61
118
10
90
110
172
157
179
4
57
61
118
10
90
110
172
157
179
4
57
61
118
10
90
110
172
157
179
4
57
61
118
10
90
110
172
157
179
4
57
61
118
10
90
110
172
157
179
4
57
61
118
10
90
110
172
157
179
4
57
61
118
10
90
110
172
157
179
4
57
61
118
10
90
110
172
157
179
4
57
61
118
10
90
110
172
157
179
4
57
61
118
10
90
110
172
157
179
4
57
61
118
10
90
110
172
157
179
4
57
61
118
10
90
110
172
157
179
4
57
61
118
10
90
110
172
157
179
4
57
61
118
10
90
110
172
157
179
4
57
61
118
10
90
110
172
157
179
4
57
61
118
10
90
110
172
157
179
4
57
61
118
10
90
110
172
157
179
4
57
61
118
10
90
110
172
157
179
4
57
61
118
10
90
110
172
157
179
4
57
61
118
10
90
110
172
157
179
4
57
61
118
10
90
110
172
157
179
4
57
61
118
10
90
110
172
157
179
4
57
61
118
10
90
110
172
157
179
4
57
61
118
10
90
110
172
157
179
4
57
61
118
10
90
110
172
157
179
4
57
61
118
10
90
110
172
157
179
4
57
61
118
10
90
110
172
157
179
4
57
61
118
10
90
110
172
157
179
4
57
61
118
10
90
110
172
157
179
4
57
61
118
10
90
110
172
157
179
4
57
61
118
10
90
110
172
157
179
4
57
61
118
10
90
110
172
157
179
4
57
61
118
10
90
110
172
157
179
4
57
61
118
10
90
110
172
157
179
4
57
61
118
10
90
110
172
157
179
4
57
61
118
10
90
110
172
157
179
4
57
61
118
10
90
110
172
157
179
4
57
61
118
10
90
110
172
157
179
4
57
61
118
10
90
110
172
157
179
4
57
61
118
10
90
110
172
157
179
4
57
61
118
10
90
110
172
157
179
4
57
61
118
10
90
110
172
157
179
4
57
61
118
10
90
110
172
157
179
4
57
61
118
10
90
110
172
157
179
4
57
61
118
10
90
110
172
157
179
4
57
61
118
10
90
110
172
157
179
4
57
61
118
10
90
110
172
157