118
48
157
110
57
177
172
4
61
90
118
48
157
110
57
177
172
4
61
90
118
48
157
110
57
177
172
4
61
90
118
48
157
110
57
177
172
4
61
90
118
48
157
110
57
177
172
4
61
90
118
48
157
110
57
177
172
4
61
90
118
48
157
110
57
177
172
4
61
90
118
48
157
110
57
177
172
4
61
90
118
48
157
110
57
177
172
4
61
90
118
48
157
110
57
177
172
4
61
90
118
48
157
110
57
177
172
4
61
90
118
48
157
110
57
177
172
4
61
90
118
48
157
110
57
177
172
4
61
90
118
48
157
110
57
177
172
4
61
90
118
48
157
110
57
177
172
4
61
90
118
48
157
110
57
177
172
4
61
90
118
48
157
110
57
177
172
4
61
90
118
48
157
110
57
177
172
4
61
90
118
48
157
110
57
177
172
4
61
90
118
48
157
110
57
177
172
4
61
90
118
48
157
110
57
177
172
4
61
90
118
48
157
110
57
177
172
4
61
90
118
48
157
110
57
177
172
4
61
90
118
48
157
110
57
177
172
4
61
90
118
48
157
110
57
177
172
4
61
90
118
48
157
110
57
177
172
4
61
90
118
48
157
110
57
177
172
4
61
90
118
48
157
110
57
177
172
4
61
90
118
48
157
110
57
177
172
4
61
90
118
48
157
110
57
177
172
4
61
90
118
48
157
110
57
177
172
4
61
90
118
48
157
110
57
177
172
4
61
90
118
48
157
110
57
177
172
4
61
90
118
48
157
110
57
177
172
4
61
90
118
48
157
110
57
177
172
4
61
90
118
48
157
110
57
177
172
4
61
90
118
48
157
110
57
177
172
4
61
90
118
48
157
110
57
177
172
4
61
90
118
48
157
110
57
177
172
4
61
90
118
48
157
110
57
177
172
4
61
90
118
48
157
110
57
177
172
4
61
90
118
48
157
110
57
177
172
4
61
90
118
48
157
110
57
177
172
4
61
90
118
48
157
110
57
177
172
4
61
90
118
48
157
110
57
177
172
4
61
90
118
48
157
110
57
177
172
4
61
90
118
48
157
110
57
177
172
4
61
90
118
48
157
110
57
177
172
4
61
90
118
48
157
110
57
177
172
4
61
90
118
48
157
110
57
177
172
4
61
90