172
110
34
157
107
61
48
177
179
10
172
110
34
157
107
61
48
177
179
10
172
110
34
157
107
61
48
177
179
10
172
110
34
157
107
61
48
177
179
10
172
110
34
157
107
61
48
177
179
10
172
110
34
157
107
61
48
177
179
10
172
110
34
157
107
61
48
177
179
10
172
110
34
157
107
61
48
177
179
10
172
110
34
157
107
61
48
177
179
10
172
110
34
157
107
61
48
177
179
10
172
110
34
157
107
61
48
177
179
10
172
110
34
157
107
61
48
177
179
10
172
110
34
157
107
61
48
177
179
10
172
110
34
157
107
61
48
177
179
10
172
110
34
157
107
61
48
177
179
10
172
110
34
157
107
61
48
177
179
10
172
110
34
157
107
61
48
177
179
10
172
110
34
157
107
61
48
177
179
10
172
110
34
157
107
61
48
177
179
10
172
110
34
157
107
61
48
177
179
10
172
110
34
157
107
61
48
177
179
10
172
110
34
157
107
61
48
177
179
10
172
110
34
157
107
61
48
177
179
10
172
110
34
157
107
61
48
177
179
10
172
110
34
157
107
61
48
177
179
10
172
110
34
157
107
61
48
177
179
10
172
110
34
157
107
61
48
177
179
10
172
110
34
157
107
61
48
177
179
10
172
110
34
157
107
61
48
177
179
10
172
110
34
157
107
61
48
177
179
10
172
110
34
157
107
61
48
177
179
10
172
110
34
157
107
61
48
177
179
10
172
110
34
157
107
61
48
177
179
10
172
110
34
157
107
61
48
177
179
10
172
110
34
157
107
61
48
177
179
10
172
110
34
157
107
61
48
177
179
10
172
110
34
157
107
61
48
177
179
10
172
110
34
157
107
61
48
177
179
10
172
110
34
157
107
61
48
177
179
10
172
110
34
157
107
61
48
177
179
10
172
110
34
157
107
61
48
177
179
10
172
110
34
157
107
61
48
177
179
10
172
110
34
157
107
61
48
177
179
10
172
110
34
157
107
61
48
177
179
10
172
110
34
157
107
61
48
177
179
10
172
110
34
157
107
61
48
177
179
10
172
110
34
157
107
61
48
177
179
10
172
110
34
157
107
61
48
177
179
10
172
110
34
157
107
61
48
177
179
10
172
110
34
157
107
61
48
177
179
10