48
4
61
110
157
51
179
177
10
107
48
4
61
110
157
51
179
177
10
107
48
4
61
110
157
51
179
177
10
107
48
4
61
110
157
51
179
177
10
107
48
4
61
110
157
51
179
177
10
107
48
4
61
110
157
51
179
177
10
107
48
4
61
110
157
51
179
177
10
107
48
4
61
110
157
51
179
177
10
107
48
4
61
110
157
51
179
177
10
107
48
4
61
110
157
51
179
177
10
107
48
4
61
110
157
51
179
177
10
107
48
4
61
110
157
51
179
177
10
107
48
4
61
110
157
51
179
177
10
107
48
4
61
110
157
51
179
177
10
107
48
4
61
110
157
51
179
177
10
107
48
4
61
110
157
51
179
177
10
107
48
4
61
110
157
51
179
177
10
107
48
4
61
110
157
51
179
177
10
107
48
4
61
110
157
51
179
177
10
107
48
4
61
110
157
51
179
177
10
107
48
4
61
110
157
51
179
177
10
107
48
4
61
110
157
51
179
177
10
107
48
4
61
110
157
51
179
177
10
107
48
4
61
110
157
51
179
177
10
107
48
4
61
110
157
51
179
177
10
107
48
4
61
110
157
51
179
177
10
107
48
4
61
110
157
51
179
177
10
107
48
4
61
110
157
51
179
177
10
107
48
4
61
110
157
51
179
177
10
107
48
4
61
110
157
51
179
177
10
107
48
4
61
110
157
51
179
177
10
107
48
4
61
110
157
51
179
177
10
107
48
4
61
110
157
51
179
177
10
107
48
4
61
110
157
51
179
177
10
107
48
4
61
110
157
51
179
177
10
107
48
4
61
110
157
51
179
177
10
107
48
4
61
110
157
51
179
177
10
107
48
4
61
110
157
51
179
177
10
107
48
4
61
110
157
51
179
177
10
107
48
4
61
110
157
51
179
177
10
107
48
4
61
110
157
51
179
177
10
107
48
4
61
110
157
51
179
177
10
107
48
4
61
110
157
51
179
177
10
107
48
4
61
110
157
51
179
177
10
107
48
4
61
110
157
51
179
177
10
107
48
4
61
110
157
51
179
177
10
107
48
4
61
110
157
51
179
177
10
107
48
4
61
110
157
51
179
177
10
107
48
4
61
110
157
51
179
177
10
107
48
4
61
110
157
51
179
177
10
107