51
48
61
179
34
4
157
118
172
90
51
48
61
179
34
4
157
118
172
90
51
48
61
179
34
4
157
118
172
90
51
48
61
179
34
4
157
118
172
90
51
48
61
179
34
4
157
118
172
90
51
48
61
179
34
4
157
118
172
90
51
48
61
179
34
4
157
118
172
90
51
48
61
179
34
4
157
118
172
90
51
48
61
179
34
4
157
118
172
90
51
48
61
179
34
4
157
118
172
90
51
48
61
179
34
4
157
118
172
90
51
48
61
179
34
4
157
118
172
90
51
48
61
179
34
4
157
118
172
90
51
48
61
179
34
4
157
118
172
90
51
48
61
179
34
4
157
118
172
90
51
48
61
179
34
4
157
118
172
90
51
48
61
179
34
4
157
118
172
90
51
48
61
179
34
4
157
118
172
90
51
48
61
179
34
4
157
118
172
90
51
48
61
179
34
4
157
118
172
90
51
48
61
179
34
4
157
118
172
90
51
48
61
179
34
4
157
118
172
90
51
48
61
179
34
4
157
118
172
90
51
48
61
179
34
4
157
118
172
90
51
48
61
179
34
4
157
118
172
90
51
48
61
179
34
4
157
118
172
90
51
48
61
179
34
4
157
118
172
90
51
48
61
179
34
4
157
118
172
90
51
48
61
179
34
4
157
118
172
90
51
48
61
179
34
4
157
118
172
90
51
48
61
179
34
4
157
118
172
90
51
48
61
179
34
4
157
118
172
90
51
48
61
179
34
4
157
118
172
90
51
48
61
179
34
4
157
118
172
90
51
48
61
179
34
4
157
118
172
90
51
48
61
179
34
4
157
118
172
90
51
48
61
179
34
4
157
118
172
90
51
48
61
179
34
4
157
118
172
90
51
48
61
179
34
4
157
118
172
90
51
48
61
179
34
4
157
118
172
90
51
48
61
179
34
4
157
118
172
90
51
48
61
179
34
4
157
118
172
90
51
48
61
179
34
4
157
118
172
90
51
48
61
179
34
4
157
118
172
90
51
48
61
179
34
4
157
118
172
90
51
48
61
179
34
4
157
118
172
90
51
48
61
179
34
4
157
118
172
90
51
48
61
179
34
4
157
118
172
90
51
48
61
179
34
4
157
118
172
90
51
48
61
179
34
4
157
118
172
90