4
110
51
179
48
57
90
118
34
172
4
110
51
179
48
57
90
118
34
172
4
110
51
179
48
57
90
118
34
172
4
110
51
179
48
57
90
118
34
172
4
110
51
179
48
57
90
118
34
172
4
110
51
179
48
57
90
118
34
172
4
110
51
179
48
57
90
118
34
172
4
110
51
179
48
57
90
118
34
172
4
110
51
179
48
57
90
118
34
172
4
110
51
179
48
57
90
118
34
172
4
110
51
179
48
57
90
118
34
172
4
110
51
179
48
57
90
118
34
172
4
110
51
179
48
57
90
118
34
172
4
110
51
179
48
57
90
118
34
172
4
110
51
179
48
57
90
118
34
172
4
110
51
179
48
57
90
118
34
172
4
110
51
179
48
57
90
118
34
172
4
110
51
179
48
57
90
118
34
172
4
110
51
179
48
57
90
118
34
172
4
110
51
179
48
57
90
118
34
172
4
110
51
179
48
57
90
118
34
172
4
110
51
179
48
57
90
118
34
172
4
110
51
179
48
57
90
118
34
172
4
110
51
179
48
57
90
118
34
172
4
110
51
179
48
57
90
118
34
172
4
110
51
179
48
57
90
118
34
172
4
110
51
179
48
57
90
118
34
172
4
110
51
179
48
57
90
118
34
172
4
110
51
179
48
57
90
118
34
172
4
110
51
179
48
57
90
118
34
172
4
110
51
179
48
57
90
118
34
172
4
110
51
179
48
57
90
118
34
172
4
110
51
179
48
57
90
118
34
172
4
110
51
179
48
57
90
118
34
172
4
110
51
179
48
57
90
118
34
172
4
110
51
179
48
57
90
118
34
172
4
110
51
179
48
57
90
118
34
172
4
110
51
179
48
57
90
118
34
172
4
110
51
179
48
57
90
118
34
172
4
110
51
179
48
57
90
118
34
172
4
110
51
179
48
57
90
118
34
172
4
110
51
179
48
57
90
118
34
172
4
110
51
179
48
57
90
118
34
172
4
110
51
179
48
57
90
118
34
172
4
110
51
179
48
57
90
118
34
172
4
110
51
179
48
57
90
118
34
172
4
110
51
179
48
57
90
118
34
172
4
110
51
179
48
57
90
118
34
172
4
110
51
179
48
57
90
118
34
172
4
110
51
179
48
57
90
118
34
172