57
90
51
179
157
48
118
172
10
177
57
90
51
179
157
48
118
172
10
177
57
90
51
179
157
48
118
172
10
177
57
90
51
179
157
48
118
172
10
177
57
90
51
179
157
48
118
172
10
177
57
90
51
179
157
48
118
172
10
177
57
90
51
179
157
48
118
172
10
177
57
90
51
179
157
48
118
172
10
177
57
90
51
179
157
48
118
172
10
177
57
90
51
179
157
48
118
172
10
177
57
90
51
179
157
48
118
172
10
177
57
90
51
179
157
48
118
172
10
177
57
90
51
179
157
48
118
172
10
177
57
90
51
179
157
48
118
172
10
177
57
90
51
179
157
48
118
172
10
177
57
90
51
179
157
48
118
172
10
177
57
90
51
179
157
48
118
172
10
177
57
90
51
179
157
48
118
172
10
177
57
90
51
179
157
48
118
172
10
177
57
90
51
179
157
48
118
172
10
177
57
90
51
179
157
48
118
172
10
177
57
90
51
179
157
48
118
172
10
177
57
90
51
179
157
48
118
172
10
177
57
90
51
179
157
48
118
172
10
177
57
90
51
179
157
48
118
172
10
177
57
90
51
179
157
48
118
172
10
177
57
90
51
179
157
48
118
172
10
177
57
90
51
179
157
48
118
172
10
177
57
90
51
179
157
48
118
172
10
177
57
90
51
179
157
48
118
172
10
177
57
90
51
179
157
48
118
172
10
177
57
90
51
179
157
48
118
172
10
177
57
90
51
179
157
48
118
172
10
177
57
90
51
179
157
48
118
172
10
177
57
90
51
179
157
48
118
172
10
177
57
90
51
179
157
48
118
172
10
177
57
90
51
179
157
48
118
172
10
177
57
90
51
179
157
48
118
172
10
177
57
90
51
179
157
48
118
172
10
177
57
90
51
179
157
48
118
172
10
177
57
90
51
179
157
48
118
172
10
177
57
90
51
179
157
48
118
172
10
177
57
90
51
179
157
48
118
172
10
177
57
90
51
179
157
48
118
172
10
177
57
90
51
179
157
48
118
172
10
177
57
90
51
179
157
48
118
172
10
177
57
90
51
179
157
48
118
172
10
177
57
90
51
179
157
48
118
172
10
177
57
90
51
179
157
48
118
172
10
177
57
90
51
179
157
48
118
172
10
177