34
48
10
177
57
172
51
157
61
110
34
48
10
177
57
172
51
157
61
110
34
48
10
177
57
172
51
157
61
110
34
48
10
177
57
172
51
157
61
110
34
48
10
177
57
172
51
157
61
110
34
48
10
177
57
172
51
157
61
110
34
48
10
177
57
172
51
157
61
110
34
48
10
177
57
172
51
157
61
110
34
48
10
177
57
172
51
157
61
110
34
48
10
177
57
172
51
157
61
110
34
48
10
177
57
172
51
157
61
110
34
48
10
177
57
172
51
157
61
110
34
48
10
177
57
172
51
157
61
110
34
48
10
177
57
172
51
157
61
110
34
48
10
177
57
172
51
157
61
110
34
48
10
177
57
172
51
157
61
110
34
48
10
177
57
172
51
157
61
110
34
48
10
177
57
172
51
157
61
110
34
48
10
177
57
172
51
157
61
110
34
48
10
177
57
172
51
157
61
110
34
48
10
177
57
172
51
157
61
110
34
48
10
177
57
172
51
157
61
110
34
48
10
177
57
172
51
157
61
110
34
48
10
177
57
172
51
157
61
110
34
48
10
177
57
172
51
157
61
110
34
48
10
177
57
172
51
157
61
110
34
48
10
177
57
172
51
157
61
110
34
48
10
177
57
172
51
157
61
110
34
48
10
177
57
172
51
157
61
110
34
48
10
177
57
172
51
157
61
110
34
48
10
177
57
172
51
157
61
110
34
48
10
177
57
172
51
157
61
110
34
48
10
177
57
172
51
157
61
110
34
48
10
177
57
172
51
157
61
110
34
48
10
177
57
172
51
157
61
110
34
48
10
177
57
172
51
157
61
110
34
48
10
177
57
172
51
157
61
110
34
48
10
177
57
172
51
157
61
110
34
48
10
177
57
172
51
157
61
110
34
48
10
177
57
172
51
157
61
110
34
48
10
177
57
172
51
157
61
110
34
48
10
177
57
172
51
157
61
110
34
48
10
177
57
172
51
157
61
110
34
48
10
177
57
172
51
157
61
110
34
48
10
177
57
172
51
157
61
110
34
48
10
177
57
172
51
157
61
110
34
48
10
177
57
172
51
157
61
110
34
48
10
177
57
172
51
157
61
110
34
48
10
177
57
172
51
157
61
110
34
48
10
177
57
172
51
157
61
110