110
57
51
34
179
10
61
157
48
172
110
57
51
34
179
10
61
157
48
172
110
57
51
34
179
10
61
157
48
172
110
57
51
34
179
10
61
157
48
172
110
57
51
34
179
10
61
157
48
172
110
57
51
34
179
10
61
157
48
172
110
57
51
34
179
10
61
157
48
172
110
57
51
34
179
10
61
157
48
172
110
57
51
34
179
10
61
157
48
172
110
57
51
34
179
10
61
157
48
172
110
57
51
34
179
10
61
157
48
172
110
57
51
34
179
10
61
157
48
172
110
57
51
34
179
10
61
157
48
172
110
57
51
34
179
10
61
157
48
172
110
57
51
34
179
10
61
157
48
172
110
57
51
34
179
10
61
157
48
172
110
57
51
34
179
10
61
157
48
172
110
57
51
34
179
10
61
157
48
172
110
57
51
34
179
10
61
157
48
172
110
57
51
34
179
10
61
157
48
172
110
57
51
34
179
10
61
157
48
172
110
57
51
34
179
10
61
157
48
172
110
57
51
34
179
10
61
157
48
172
110
57
51
34
179
10
61
157
48
172
110
57
51
34
179
10
61
157
48
172
110
57
51
34
179
10
61
157
48
172
110
57
51
34
179
10
61
157
48
172
110
57
51
34
179
10
61
157
48
172
110
57
51
34
179
10
61
157
48
172
110
57
51
34
179
10
61
157
48
172
110
57
51
34
179
10
61
157
48
172
110
57
51
34
179
10
61
157
48
172
110
57
51
34
179
10
61
157
48
172
110
57
51
34
179
10
61
157
48
172
110
57
51
34
179
10
61
157
48
172
110
57
51
34
179
10
61
157
48
172
110
57
51
34
179
10
61
157
48
172
110
57
51
34
179
10
61
157
48
172
110
57
51
34
179
10
61
157
48
172
110
57
51
34
179
10
61
157
48
172
110
57
51
34
179
10
61
157
48
172
110
57
51
34
179
10
61
157
48
172
110
57
51
34
179
10
61
157
48
172
110
57
51
34
179
10
61
157
48
172
110
57
51
34
179
10
61
157
48
172
110
57
51
34
179
10
61
157
48
172
110
57
51
34
179
10
61
157
48
172
110
57
51
34
179
10
61
157
48
172
110
57
51
34
179
10
61
157
48
172
110
57
51
34
179
10
61
157
48
172