172
177
57
118
179
61
90
48
4
157
172
177
57
118
179
61
90
48
4
157
172
177
57
118
179
61
90
48
4
157
172
177
57
118
179
61
90
48
4
157
172
177
57
118
179
61
90
48
4
157
172
177
57
118
179
61
90
48
4
157
172
177
57
118
179
61
90
48
4
157
172
177
57
118
179
61
90
48
4
157
172
177
57
118
179
61
90
48
4
157
172
177
57
118
179
61
90
48
4
157
172
177
57
118
179
61
90
48
4
157
172
177
57
118
179
61
90
48
4
157
172
177
57
118
179
61
90
48
4
157
172
177
57
118
179
61
90
48
4
157
172
177
57
118
179
61
90
48
4
157
172
177
57
118
179
61
90
48
4
157
172
177
57
118
179
61
90
48
4
157
172
177
57
118
179
61
90
48
4
157
172
177
57
118
179
61
90
48
4
157
172
177
57
118
179
61
90
48
4
157
172
177
57
118
179
61
90
48
4
157
172
177
57
118
179
61
90
48
4
157
172
177
57
118
179
61
90
48
4
157
172
177
57
118
179
61
90
48
4
157
172
177
57
118
179
61
90
48
4
157
172
177
57
118
179
61
90
48
4
157
172
177
57
118
179
61
90
48
4
157
172
177
57
118
179
61
90
48
4
157
172
177
57
118
179
61
90
48
4
157
172
177
57
118
179
61
90
48
4
157
172
177
57
118
179
61
90
48
4
157
172
177
57
118
179
61
90
48
4
157
172
177
57
118
179
61
90
48
4
157
172
177
57
118
179
61
90
48
4
157
172
177
57
118
179
61
90
48
4
157
172
177
57
118
179
61
90
48
4
157
172
177
57
118
179
61
90
48
4
157
172
177
57
118
179
61
90
48
4
157
172
177
57
118
179
61
90
48
4
157
172
177
57
118
179
61
90
48
4
157
172
177
57
118
179
61
90
48
4
157
172
177
57
118
179
61
90
48
4
157
172
177
57
118
179
61
90
48
4
157
172
177
57
118
179
61
90
48
4
157
172
177
57
118
179
61
90
48
4
157
172
177
57
118
179
61
90
48
4
157
172
177
57
118
179
61
90
48
4
157
172
177
57
118
179
61
90
48
4
157
172
177
57
118
179
61
90
48
4
157
172
177
57
118
179
61
90
48
4
157