107
118
10
57
4
110
157
90
179
177
107
118
10
57
4
110
157
90
179
177
107
118
10
57
4
110
157
90
179
177
107
118
10
57
4
110
157
90
179
177
107
118
10
57
4
110
157
90
179
177
107
118
10
57
4
110
157
90
179
177
107
118
10
57
4
110
157
90
179
177
107
118
10
57
4
110
157
90
179
177
107
118
10
57
4
110
157
90
179
177
107
118
10
57
4
110
157
90
179
177
107
118
10
57
4
110
157
90
179
177
107
118
10
57
4
110
157
90
179
177
107
118
10
57
4
110
157
90
179
177
107
118
10
57
4
110
157
90
179
177
107
118
10
57
4
110
157
90
179
177
107
118
10
57
4
110
157
90
179
177
107
118
10
57
4
110
157
90
179
177
107
118
10
57
4
110
157
90
179
177
107
118
10
57
4
110
157
90
179
177
107
118
10
57
4
110
157
90
179
177
107
118
10
57
4
110
157
90
179
177
107
118
10
57
4
110
157
90
179
177
107
118
10
57
4
110
157
90
179
177
107
118
10
57
4
110
157
90
179
177
107
118
10
57
4
110
157
90
179
177
107
118
10
57
4
110
157
90
179
177
107
118
10
57
4
110
157
90
179
177
107
118
10
57
4
110
157
90
179
177
107
118
10
57
4
110
157
90
179
177
107
118
10
57
4
110
157
90
179
177
107
118
10
57
4
110
157
90
179
177
107
118
10
57
4
110
157
90
179
177
107
118
10
57
4
110
157
90
179
177
107
118
10
57
4
110
157
90
179
177
107
118
10
57
4
110
157
90
179
177
107
118
10
57
4
110
157
90
179
177
107
118
10
57
4
110
157
90
179
177
107
118
10
57
4
110
157
90
179
177
107
118
10
57
4
110
157
90
179
177
107
118
10
57
4
110
157
90
179
177
107
118
10
57
4
110
157
90
179
177
107
118
10
57
4
110
157
90
179
177
107
118
10
57
4
110
157
90
179
177
107
118
10
57
4
110
157
90
179
177
107
118
10
57
4
110
157
90
179
177
107
118
10
57
4
110
157
90
179
177
107
118
10
57
4
110
157
90
179
177
107
118
10
57
4
110
157
90
179
177
107
118
10
57
4
110
157
90
179
177
107
118
10
57
4
110
157
90
179
177