48
177
90
61
10
157
34
4
118
51
48
177
90
61
10
157
34
4
118
51
48
177
90
61
10
157
34
4
118
51
48
177
90
61
10
157
34
4
118
51
48
177
90
61
10
157
34
4
118
51
48
177
90
61
10
157
34
4
118
51
48
177
90
61
10
157
34
4
118
51
48
177
90
61
10
157
34
4
118
51
48
177
90
61
10
157
34
4
118
51
48
177
90
61
10
157
34
4
118
51
48
177
90
61
10
157
34
4
118
51
48
177
90
61
10
157
34
4
118
51
48
177
90
61
10
157
34
4
118
51
48
177
90
61
10
157
34
4
118
51
48
177
90
61
10
157
34
4
118
51
48
177
90
61
10
157
34
4
118
51
48
177
90
61
10
157
34
4
118
51
48
177
90
61
10
157
34
4
118
51
48
177
90
61
10
157
34
4
118
51
48
177
90
61
10
157
34
4
118
51
48
177
90
61
10
157
34
4
118
51
48
177
90
61
10
157
34
4
118
51
48
177
90
61
10
157
34
4
118
51
48
177
90
61
10
157
34
4
118
51
48
177
90
61
10
157
34
4
118
51
48
177
90
61
10
157
34
4
118
51
48
177
90
61
10
157
34
4
118
51
48
177
90
61
10
157
34
4
118
51
48
177
90
61
10
157
34
4
118
51
48
177
90
61
10
157
34
4
118
51
48
177
90
61
10
157
34
4
118
51
48
177
90
61
10
157
34
4
118
51
48
177
90
61
10
157
34
4
118
51
48
177
90
61
10
157
34
4
118
51
48
177
90
61
10
157
34
4
118
51
48
177
90
61
10
157
34
4
118
51
48
177
90
61
10
157
34
4
118
51
48
177
90
61
10
157
34
4
118
51
48
177
90
61
10
157
34
4
118
51
48
177
90
61
10
157
34
4
118
51
48
177
90
61
10
157
34
4
118
51
48
177
90
61
10
157
34
4
118
51
48
177
90
61
10
157
34
4
118
51
48
177
90
61
10
157
34
4
118
51
48
177
90
61
10
157
34
4
118
51
48
177
90
61
10
157
34
4
118
51
48
177
90
61
10
157
34
4
118
51
48
177
90
61
10
157
34
4
118
51
48
177
90
61
10
157
34
4
118
51
48
177
90
61
10
157
34
4
118
51