157
48
61
51
177
4
179
172
110
57
157
48
61
51
177
4
179
172
110
57
157
48
61
51
177
4
179
172
110
57
157
48
61
51
177
4
179
172
110
57
157
48
61
51
177
4
179
172
110
57
157
48
61
51
177
4
179
172
110
57
157
48
61
51
177
4
179
172
110
57
157
48
61
51
177
4
179
172
110
57
157
48
61
51
177
4
179
172
110
57
157
48
61
51
177
4
179
172
110
57
157
48
61
51
177
4
179
172
110
57
157
48
61
51
177
4
179
172
110
57
157
48
61
51
177
4
179
172
110
57
157
48
61
51
177
4
179
172
110
57
157
48
61
51
177
4
179
172
110
57
157
48
61
51
177
4
179
172
110
57
157
48
61
51
177
4
179
172
110
57
157
48
61
51
177
4
179
172
110
57
157
48
61
51
177
4
179
172
110
57
157
48
61
51
177
4
179
172
110
57
157
48
61
51
177
4
179
172
110
57
157
48
61
51
177
4
179
172
110
57
157
48
61
51
177
4
179
172
110
57
157
48
61
51
177
4
179
172
110
57
157
48
61
51
177
4
179
172
110
57
157
48
61
51
177
4
179
172
110
57
157
48
61
51
177
4
179
172
110
57
157
48
61
51
177
4
179
172
110
57
157
48
61
51
177
4
179
172
110
57
157
48
61
51
177
4
179
172
110
57
157
48
61
51
177
4
179
172
110
57
157
48
61
51
177
4
179
172
110
57
157
48
61
51
177
4
179
172
110
57
157
48
61
51
177
4
179
172
110
57
157
48
61
51
177
4
179
172
110
57
157
48
61
51
177
4
179
172
110
57
157
48
61
51
177
4
179
172
110
57
157
48
61
51
177
4
179
172
110
57
157
48
61
51
177
4
179
172
110
57
157
48
61
51
177
4
179
172
110
57
157
48
61
51
177
4
179
172
110
57
157
48
61
51
177
4
179
172
110
57
157
48
61
51
177
4
179
172
110
57
157
48
61
51
177
4
179
172
110
57
157
48
61
51
177
4
179
172
110
57
157
48
61
51
177
4
179
172
110
57
157
48
61
51
177
4
179
172
110
57
157
48
61
51
177
4
179
172
110
57
157
48
61
51
177
4
179
172
110
57
157
48
61
51
177
4
179
172
110
57