61
172
34
90
179
10
57
177
118
4
61
172
34
90
179
10
57
177
118
4
61
172
34
90
179
10
57
177
118
4
61
172
34
90
179
10
57
177
118
4
61
172
34
90
179
10
57
177
118
4
61
172
34
90
179
10
57
177
118
4
61
172
34
90
179
10
57
177
118
4
61
172
34
90
179
10
57
177
118
4
61
172
34
90
179
10
57
177
118
4
61
172
34
90
179
10
57
177
118
4
61
172
34
90
179
10
57
177
118
4
61
172
34
90
179
10
57
177
118
4
61
172
34
90
179
10
57
177
118
4
61
172
34
90
179
10
57
177
118
4
61
172
34
90
179
10
57
177
118
4
61
172
34
90
179
10
57
177
118
4
61
172
34
90
179
10
57
177
118
4
61
172
34
90
179
10
57
177
118
4
61
172
34
90
179
10
57
177
118
4
61
172
34
90
179
10
57
177
118
4
61
172
34
90
179
10
57
177
118
4
61
172
34
90
179
10
57
177
118
4
61
172
34
90
179
10
57
177
118
4
61
172
34
90
179
10
57
177
118
4
61
172
34
90
179
10
57
177
118
4
61
172
34
90
179
10
57
177
118
4
61
172
34
90
179
10
57
177
118
4
61
172
34
90
179
10
57
177
118
4
61
172
34
90
179
10
57
177
118
4
61
172
34
90
179
10
57
177
118
4
61
172
34
90
179
10
57
177
118
4
61
172
34
90
179
10
57
177
118
4
61
172
34
90
179
10
57
177
118
4
61
172
34
90
179
10
57
177
118
4
61
172
34
90
179
10
57
177
118
4
61
172
34
90
179
10
57
177
118
4
61
172
34
90
179
10
57
177
118
4
61
172
34
90
179
10
57
177
118
4
61
172
34
90
179
10
57
177
118
4
61
172
34
90
179
10
57
177
118
4
61
172
34
90
179
10
57
177
118
4
61
172
34
90
179
10
57
177
118
4
61
172
34
90
179
10
57
177
118
4
61
172
34
90
179
10
57
177
118
4
61
172
34
90
179
10
57
177
118
4
61
172
34
90
179
10
57
177
118
4
61
172
34
90
179
10
57
177
118
4
61
172
34
90
179
10
57
177
118
4
61
172
34
90
179
10
57
177
118
4
61
172
34
90
179
10
57
177
118
4