4
34
177
51
48
107
179
10
172
118
4
34
177
51
48
107
179
10
172
118
4
34
177
51
48
107
179
10
172
118
4
34
177
51
48
107
179
10
172
118
4
34
177
51
48
107
179
10
172
118
4
34
177
51
48
107
179
10
172
118
4
34
177
51
48
107
179
10
172
118
4
34
177
51
48
107
179
10
172
118
4
34
177
51
48
107
179
10
172
118
4
34
177
51
48
107
179
10
172
118
4
34
177
51
48
107
179
10
172
118
4
34
177
51
48
107
179
10
172
118
4
34
177
51
48
107
179
10
172
118
4
34
177
51
48
107
179
10
172
118
4
34
177
51
48
107
179
10
172
118
4
34
177
51
48
107
179
10
172
118
4
34
177
51
48
107
179
10
172
118
4
34
177
51
48
107
179
10
172
118
4
34
177
51
48
107
179
10
172
118
4
34
177
51
48
107
179
10
172
118
4
34
177
51
48
107
179
10
172
118
4
34
177
51
48
107
179
10
172
118
4
34
177
51
48
107
179
10
172
118
4
34
177
51
48
107
179
10
172
118
4
34
177
51
48
107
179
10
172
118
4
34
177
51
48
107
179
10
172
118
4
34
177
51
48
107
179
10
172
118
4
34
177
51
48
107
179
10
172
118
4
34
177
51
48
107
179
10
172
118
4
34
177
51
48
107
179
10
172
118
4
34
177
51
48
107
179
10
172
118
4
34
177
51
48
107
179
10
172
118
4
34
177
51
48
107
179
10
172
118
4
34
177
51
48
107
179
10
172
118
4
34
177
51
48
107
179
10
172
118
4
34
177
51
48
107
179
10
172
118
4
34
177
51
48
107
179
10
172
118
4
34
177
51
48
107
179
10
172
118
4
34
177
51
48
107
179
10
172
118
4
34
177
51
48
107
179
10
172
118
4
34
177
51
48
107
179
10
172
118
4
34
177
51
48
107
179
10
172
118
4
34
177
51
48
107
179
10
172
118
4
34
177
51
48
107
179
10
172
118
4
34
177
51
48
107
179
10
172
118
4
34
177
51
48
107
179
10
172
118
4
34
177
51
48
107
179
10
172
118
4
34
177
51
48
107
179
10
172
118
4
34
177
51
48
107
179
10
172
118
4
34
177
51
48
107
179
10
172
118