51
61
4
107
48
57
90
172
177
179
51
61
4
107
48
57
90
172
177
179
51
61
4
107
48
57
90
172
177
179
51
61
4
107
48
57
90
172
177
179
51
61
4
107
48
57
90
172
177
179
51
61
4
107
48
57
90
172
177
179
51
61
4
107
48
57
90
172
177
179
51
61
4
107
48
57
90
172
177
179
51
61
4
107
48
57
90
172
177
179
51
61
4
107
48
57
90
172
177
179
51
61
4
107
48
57
90
172
177
179
51
61
4
107
48
57
90
172
177
179
51
61
4
107
48
57
90
172
177
179
51
61
4
107
48
57
90
172
177
179
51
61
4
107
48
57
90
172
177
179
51
61
4
107
48
57
90
172
177
179
51
61
4
107
48
57
90
172
177
179
51
61
4
107
48
57
90
172
177
179
51
61
4
107
48
57
90
172
177
179
51
61
4
107
48
57
90
172
177
179
51
61
4
107
48
57
90
172
177
179
51
61
4
107
48
57
90
172
177
179
51
61
4
107
48
57
90
172
177
179
51
61
4
107
48
57
90
172
177
179
51
61
4
107
48
57
90
172
177
179
51
61
4
107
48
57
90
172
177
179
51
61
4
107
48
57
90
172
177
179
51
61
4
107
48
57
90
172
177
179
51
61
4
107
48
57
90
172
177
179
51
61
4
107
48
57
90
172
177
179
51
61
4
107
48
57
90
172
177
179
51
61
4
107
48
57
90
172
177
179
51
61
4
107
48
57
90
172
177
179
51
61
4
107
48
57
90
172
177
179
51
61
4
107
48
57
90
172
177
179
51
61
4
107
48
57
90
172
177
179
51
61
4
107
48
57
90
172
177
179
51
61
4
107
48
57
90
172
177
179
51
61
4
107
48
57
90
172
177
179
51
61
4
107
48
57
90
172
177
179
51
61
4
107
48
57
90
172
177
179
51
61
4
107
48
57
90
172
177
179
51
61
4
107
48
57
90
172
177
179
51
61
4
107
48
57
90
172
177
179
51
61
4
107
48
57
90
172
177
179
51
61
4
107
48
57
90
172
177
179
51
61
4
107
48
57
90
172
177
179
51
61
4
107
48
57
90
172
177
179
51
61
4
107
48
57
90
172
177
179
51
61
4
107
48
57
90
172
177
179