34
157
57
179
4
61
90
177
48
110
34
157
57
179
4
61
90
177
48
110
34
157
57
179
4
61
90
177
48
110
34
157
57
179
4
61
90
177
48
110
34
157
57
179
4
61
90
177
48
110
34
157
57
179
4
61
90
177
48
110
34
157
57
179
4
61
90
177
48
110
34
157
57
179
4
61
90
177
48
110
34
157
57
179
4
61
90
177
48
110
34
157
57
179
4
61
90
177
48
110
34
157
57
179
4
61
90
177
48
110
34
157
57
179
4
61
90
177
48
110
34
157
57
179
4
61
90
177
48
110
34
157
57
179
4
61
90
177
48
110
34
157
57
179
4
61
90
177
48
110
34
157
57
179
4
61
90
177
48
110
34
157
57
179
4
61
90
177
48
110
34
157
57
179
4
61
90
177
48
110
34
157
57
179
4
61
90
177
48
110
34
157
57
179
4
61
90
177
48
110
34
157
57
179
4
61
90
177
48
110
34
157
57
179
4
61
90
177
48
110
34
157
57
179
4
61
90
177
48
110
34
157
57
179
4
61
90
177
48
110
34
157
57
179
4
61
90
177
48
110
34
157
57
179
4
61
90
177
48
110
34
157
57
179
4
61
90
177
48
110
34
157
57
179
4
61
90
177
48
110
34
157
57
179
4
61
90
177
48
110
34
157
57
179
4
61
90
177
48
110
34
157
57
179
4
61
90
177
48
110
34
157
57
179
4
61
90
177
48
110
34
157
57
179
4
61
90
177
48
110
34
157
57
179
4
61
90
177
48
110
34
157
57
179
4
61
90
177
48
110
34
157
57
179
4
61
90
177
48
110
34
157
57
179
4
61
90
177
48
110
34
157
57
179
4
61
90
177
48
110
34
157
57
179
4
61
90
177
48
110
34
157
57
179
4
61
90
177
48
110
34
157
57
179
4
61
90
177
48
110
34
157
57
179
4
61
90
177
48
110
34
157
57
179
4
61
90
177
48
110
34
157
57
179
4
61
90
177
48
110
34
157
57
179
4
61
90
177
48
110
34
157
57
179
4
61
90
177
48
110
34
157
57
179
4
61
90
177
48
110
34
157
57
179
4
61
90
177
48
110
34
157
57
179
4
61
90
177
48
110
34
157
57
179
4
61
90
177
48
110