90
107
34
177
61
4
179
118
157
51
90
107
34
177
61
4
179
118
157
51
90
107
34
177
61
4
179
118
157
51
90
107
34
177
61
4
179
118
157
51
90
107
34
177
61
4
179
118
157
51
90
107
34
177
61
4
179
118
157
51
90
107
34
177
61
4
179
118
157
51
90
107
34
177
61
4
179
118
157
51
90
107
34
177
61
4
179
118
157
51
90
107
34
177
61
4
179
118
157
51
90
107
34
177
61
4
179
118
157
51
90
107
34
177
61
4
179
118
157
51
90
107
34
177
61
4
179
118
157
51
90
107
34
177
61
4
179
118
157
51
90
107
34
177
61
4
179
118
157
51
90
107
34
177
61
4
179
118
157
51
90
107
34
177
61
4
179
118
157
51
90
107
34
177
61
4
179
118
157
51
90
107
34
177
61
4
179
118
157
51
90
107
34
177
61
4
179
118
157
51
90
107
34
177
61
4
179
118
157
51
90
107
34
177
61
4
179
118
157
51
90
107
34
177
61
4
179
118
157
51
90
107
34
177
61
4
179
118
157
51
90
107
34
177
61
4
179
118
157
51
90
107
34
177
61
4
179
118
157
51
90
107
34
177
61
4
179
118
157
51
90
107
34
177
61
4
179
118
157
51
90
107
34
177
61
4
179
118
157
51
90
107
34
177
61
4
179
118
157
51
90
107
34
177
61
4
179
118
157
51
90
107
34
177
61
4
179
118
157
51
90
107
34
177
61
4
179
118
157
51
90
107
34
177
61
4
179
118
157
51
90
107
34
177
61
4
179
118
157
51
90
107
34
177
61
4
179
118
157
51
90
107
34
177
61
4
179
118
157
51
90
107
34
177
61
4
179
118
157
51
90
107
34
177
61
4
179
118
157
51
90
107
34
177
61
4
179
118
157
51
90
107
34
177
61
4
179
118
157
51
90
107
34
177
61
4
179
118
157
51
90
107
34
177
61
4
179
118
157
51
90
107
34
177
61
4
179
118
157
51
90
107
34
177
61
4
179
118
157
51
90
107
34
177
61
4
179
118
157
51
90
107
34
177
61
4
179
118
157
51
90
107
34
177
61
4
179
118
157
51
90
107
34
177
61
4
179
118
157
51
90
107
34
177
61
4
179
118
157
51