48
107
90
179
61
10
57
157
4
34
48
107
90
179
61
10
57
157
4
34
48
107
90
179
61
10
57
157
4
34
48
107
90
179
61
10
57
157
4
34
48
107
90
179
61
10
57
157
4
34
48
107
90
179
61
10
57
157
4
34
48
107
90
179
61
10
57
157
4
34
48
107
90
179
61
10
57
157
4
34
48
107
90
179
61
10
57
157
4
34
48
107
90
179
61
10
57
157
4
34
48
107
90
179
61
10
57
157
4
34
48
107
90
179
61
10
57
157
4
34
48
107
90
179
61
10
57
157
4
34
48
107
90
179
61
10
57
157
4
34
48
107
90
179
61
10
57
157
4
34
48
107
90
179
61
10
57
157
4
34
48
107
90
179
61
10
57
157
4
34
48
107
90
179
61
10
57
157
4
34
48
107
90
179
61
10
57
157
4
34
48
107
90
179
61
10
57
157
4
34
48
107
90
179
61
10
57
157
4
34
48
107
90
179
61
10
57
157
4
34
48
107
90
179
61
10
57
157
4
34
48
107
90
179
61
10
57
157
4
34
48
107
90
179
61
10
57
157
4
34
48
107
90
179
61
10
57
157
4
34
48
107
90
179
61
10
57
157
4
34
48
107
90
179
61
10
57
157
4
34
48
107
90
179
61
10
57
157
4
34
48
107
90
179
61
10
57
157
4
34
48
107
90
179
61
10
57
157
4
34
48
107
90
179
61
10
57
157
4
34
48
107
90
179
61
10
57
157
4
34
48
107
90
179
61
10
57
157
4
34
48
107
90
179
61
10
57
157
4
34
48
107
90
179
61
10
57
157
4
34
48
107
90
179
61
10
57
157
4
34
48
107
90
179
61
10
57
157
4
34
48
107
90
179
61
10
57
157
4
34
48
107
90
179
61
10
57
157
4
34
48
107
90
179
61
10
57
157
4
34
48
107
90
179
61
10
57
157
4
34
48
107
90
179
61
10
57
157
4
34
48
107
90
179
61
10
57
157
4
34
48
107
90
179
61
10
57
157
4
34
48
107
90
179
61
10
57
157
4
34
48
107
90
179
61
10
57
157
4
34
48
107
90
179
61
10
57
157
4
34
48
107
90
179
61
10
57
157
4
34
48
107
90
179
61
10
57
157
4
34