110
48
179
118
10
157
90
34
107
177
110
48
179
118
10
157
90
34
107
177
110
48
179
118
10
157
90
34
107
177
110
48
179
118
10
157
90
34
107
177
110
48
179
118
10
157
90
34
107
177
110
48
179
118
10
157
90
34
107
177
110
48
179
118
10
157
90
34
107
177
110
48
179
118
10
157
90
34
107
177
110
48
179
118
10
157
90
34
107
177
110
48
179
118
10
157
90
34
107
177
110
48
179
118
10
157
90
34
107
177
110
48
179
118
10
157
90
34
107
177
110
48
179
118
10
157
90
34
107
177
110
48
179
118
10
157
90
34
107
177
110
48
179
118
10
157
90
34
107
177
110
48
179
118
10
157
90
34
107
177
110
48
179
118
10
157
90
34
107
177
110
48
179
118
10
157
90
34
107
177
110
48
179
118
10
157
90
34
107
177
110
48
179
118
10
157
90
34
107
177
110
48
179
118
10
157
90
34
107
177
110
48
179
118
10
157
90
34
107
177
110
48
179
118
10
157
90
34
107
177
110
48
179
118
10
157
90
34
107
177
110
48
179
118
10
157
90
34
107
177
110
48
179
118
10
157
90
34
107
177
110
48
179
118
10
157
90
34
107
177
110
48
179
118
10
157
90
34
107
177
110
48
179
118
10
157
90
34
107
177
110
48
179
118
10
157
90
34
107
177
110
48
179
118
10
157
90
34
107
177
110
48
179
118
10
157
90
34
107
177
110
48
179
118
10
157
90
34
107
177
110
48
179
118
10
157
90
34
107
177
110
48
179
118
10
157
90
34
107
177
110
48
179
118
10
157
90
34
107
177
110
48
179
118
10
157
90
34
107
177
110
48
179
118
10
157
90
34
107
177
110
48
179
118
10
157
90
34
107
177
110
48
179
118
10
157
90
34
107
177
110
48
179
118
10
157
90
34
107
177
110
48
179
118
10
157
90
34
107
177
110
48
179
118
10
157
90
34
107
177
110
48
179
118
10
157
90
34
107
177
110
48
179
118
10
157
90
34
107
177
110
48
179
118
10
157
90
34
107
177
110
48
179
118
10
157
90
34
107
177
110
48
179
118
10
157
90
34
107
177
110
48
179
118
10
157
90
34
107
177
110
48
179
118
10
157
90
34
107
177