90
4
107
34
118
177
57
110
179
172
90
4
107
34
118
177
57
110
179
172
90
4
107
34
118
177
57
110
179
172
90
4
107
34
118
177
57
110
179
172
90
4
107
34
118
177
57
110
179
172
90
4
107
34
118
177
57
110
179
172
90
4
107
34
118
177
57
110
179
172
90
4
107
34
118
177
57
110
179
172
90
4
107
34
118
177
57
110
179
172
90
4
107
34
118
177
57
110
179
172
90
4
107
34
118
177
57
110
179
172
90
4
107
34
118
177
57
110
179
172
90
4
107
34
118
177
57
110
179
172
90
4
107
34
118
177
57
110
179
172
90
4
107
34
118
177
57
110
179
172
90
4
107
34
118
177
57
110
179
172
90
4
107
34
118
177
57
110
179
172
90
4
107
34
118
177
57
110
179
172
90
4
107
34
118
177
57
110
179
172
90
4
107
34
118
177
57
110
179
172
90
4
107
34
118
177
57
110
179
172
90
4
107
34
118
177
57
110
179
172
90
4
107
34
118
177
57
110
179
172
90
4
107
34
118
177
57
110
179
172
90
4
107
34
118
177
57
110
179
172
90
4
107
34
118
177
57
110
179
172
90
4
107
34
118
177
57
110
179
172
90
4
107
34
118
177
57
110
179
172
90
4
107
34
118
177
57
110
179
172
90
4
107
34
118
177
57
110
179
172
90
4
107
34
118
177
57
110
179
172
90
4
107
34
118
177
57
110
179
172
90
4
107
34
118
177
57
110
179
172
90
4
107
34
118
177
57
110
179
172
90
4
107
34
118
177
57
110
179
172
90
4
107
34
118
177
57
110
179
172
90
4
107
34
118
177
57
110
179
172
90
4
107
34
118
177
57
110
179
172
90
4
107
34
118
177
57
110
179
172
90
4
107
34
118
177
57
110
179
172
90
4
107
34
118
177
57
110
179
172
90
4
107
34
118
177
57
110
179
172
90
4
107
34
118
177
57
110
179
172
90
4
107
34
118
177
57
110
179
172
90
4
107
34
118
177
57
110
179
172
90
4
107
34
118
177
57
110
179
172
90
4
107
34
118
177
57
110
179
172
90
4
107
34
118
177
57
110
179
172
90
4
107
34
118
177
57
110
179
172
90
4
107
34
118
177
57
110
179
172