61
157
110
48
90
179
10
177
57
107
61
157
110
48
90
179
10
177
57
107
61
157
110
48
90
179
10
177
57
107
61
157
110
48
90
179
10
177
57
107
61
157
110
48
90
179
10
177
57
107
61
157
110
48
90
179
10
177
57
107
61
157
110
48
90
179
10
177
57
107
61
157
110
48
90
179
10
177
57
107
61
157
110
48
90
179
10
177
57
107
61
157
110
48
90
179
10
177
57
107
61
157
110
48
90
179
10
177
57
107
61
157
110
48
90
179
10
177
57
107
61
157
110
48
90
179
10
177
57
107
61
157
110
48
90
179
10
177
57
107
61
157
110
48
90
179
10
177
57
107
61
157
110
48
90
179
10
177
57
107
61
157
110
48
90
179
10
177
57
107
61
157
110
48
90
179
10
177
57
107
61
157
110
48
90
179
10
177
57
107
61
157
110
48
90
179
10
177
57
107
61
157
110
48
90
179
10
177
57
107
61
157
110
48
90
179
10
177
57
107
61
157
110
48
90
179
10
177
57
107
61
157
110
48
90
179
10
177
57
107
61
157
110
48
90
179
10
177
57
107
61
157
110
48
90
179
10
177
57
107
61
157
110
48
90
179
10
177
57
107
61
157
110
48
90
179
10
177
57
107
61
157
110
48
90
179
10
177
57
107
61
157
110
48
90
179
10
177
57
107
61
157
110
48
90
179
10
177
57
107
61
157
110
48
90
179
10
177
57
107
61
157
110
48
90
179
10
177
57
107
61
157
110
48
90
179
10
177
57
107
61
157
110
48
90
179
10
177
57
107
61
157
110
48
90
179
10
177
57
107
61
157
110
48
90
179
10
177
57
107
61
157
110
48
90
179
10
177
57
107
61
157
110
48
90
179
10
177
57
107
61
157
110
48
90
179
10
177
57
107
61
157
110
48
90
179
10
177
57
107
61
157
110
48
90
179
10
177
57
107
61
157
110
48
90
179
10
177
57
107
61
157
110
48
90
179
10
177
57
107
61
157
110
48
90
179
10
177
57
107
61
157
110
48
90
179
10
177
57
107
61
157
110
48
90
179
10
177
57
107
61
157
110
48
90
179
10
177
57
107
61
157
110
48
90
179
10
177
57
107
61
157
110
48
90
179
10
177
57
107