157
107
57
61
51
110
48
34
10
118
157
107
57
61
51
110
48
34
10
118
157
107
57
61
51
110
48
34
10
118
157
107
57
61
51
110
48
34
10
118
157
107
57
61
51
110
48
34
10
118
157
107
57
61
51
110
48
34
10
118
157
107
57
61
51
110
48
34
10
118
157
107
57
61
51
110
48
34
10
118
157
107
57
61
51
110
48
34
10
118
157
107
57
61
51
110
48
34
10
118
157
107
57
61
51
110
48
34
10
118
157
107
57
61
51
110
48
34
10
118
157
107
57
61
51
110
48
34
10
118
157
107
57
61
51
110
48
34
10
118
157
107
57
61
51
110
48
34
10
118
157
107
57
61
51
110
48
34
10
118
157
107
57
61
51
110
48
34
10
118
157
107
57
61
51
110
48
34
10
118
157
107
57
61
51
110
48
34
10
118
157
107
57
61
51
110
48
34
10
118
157
107
57
61
51
110
48
34
10
118
157
107
57
61
51
110
48
34
10
118
157
107
57
61
51
110
48
34
10
118
157
107
57
61
51
110
48
34
10
118
157
107
57
61
51
110
48
34
10
118
157
107
57
61
51
110
48
34
10
118
157
107
57
61
51
110
48
34
10
118
157
107
57
61
51
110
48
34
10
118
157
107
57
61
51
110
48
34
10
118
157
107
57
61
51
110
48
34
10
118
157
107
57
61
51
110
48
34
10
118
157
107
57
61
51
110
48
34
10
118
157
107
57
61
51
110
48
34
10
118
157
107
57
61
51
110
48
34
10
118
157
107
57
61
51
110
48
34
10
118
157
107
57
61
51
110
48
34
10
118
157
107
57
61
51
110
48
34
10
118
157
107
57
61
51
110
48
34
10
118
157
107
57
61
51
110
48
34
10
118
157
107
57
61
51
110
48
34
10
118
157
107
57
61
51
110
48
34
10
118
157
107
57
61
51
110
48
34
10
118
157
107
57
61
51
110
48
34
10
118
157
107
57
61
51
110
48
34
10
118
157
107
57
61
51
110
48
34
10
118
157
107
57
61
51
110
48
34
10
118
157
107
57
61
51
110
48
34
10
118
157
107
57
61
51
110
48
34
10
118
157
107
57
61
51
110
48
34
10
118
157
107
57
61
51
110
48
34
10
118