172
179
110
48
4
51
177
157
107
61
172
179
110
48
4
51
177
157
107
61
172
179
110
48
4
51
177
157
107
61
172
179
110
48
4
51
177
157
107
61
172
179
110
48
4
51
177
157
107
61
172
179
110
48
4
51
177
157
107
61
172
179
110
48
4
51
177
157
107
61
172
179
110
48
4
51
177
157
107
61
172
179
110
48
4
51
177
157
107
61
172
179
110
48
4
51
177
157
107
61
172
179
110
48
4
51
177
157
107
61
172
179
110
48
4
51
177
157
107
61
172
179
110
48
4
51
177
157
107
61
172
179
110
48
4
51
177
157
107
61
172
179
110
48
4
51
177
157
107
61
172
179
110
48
4
51
177
157
107
61
172
179
110
48
4
51
177
157
107
61
172
179
110
48
4
51
177
157
107
61
172
179
110
48
4
51
177
157
107
61
172
179
110
48
4
51
177
157
107
61
172
179
110
48
4
51
177
157
107
61
172
179
110
48
4
51
177
157
107
61
172
179
110
48
4
51
177
157
107
61
172
179
110
48
4
51
177
157
107
61
172
179
110
48
4
51
177
157
107
61
172
179
110
48
4
51
177
157
107
61
172
179
110
48
4
51
177
157
107
61
172
179
110
48
4
51
177
157
107
61
172
179
110
48
4
51
177
157
107
61
172
179
110
48
4
51
177
157
107
61
172
179
110
48
4
51
177
157
107
61
172
179
110
48
4
51
177
157
107
61
172
179
110
48
4
51
177
157
107
61
172
179
110
48
4
51
177
157
107
61
172
179
110
48
4
51
177
157
107
61
172
179
110
48
4
51
177
157
107
61
172
179
110
48
4
51
177
157
107
61
172
179
110
48
4
51
177
157
107
61
172
179
110
48
4
51
177
157
107
61
172
179
110
48
4
51
177
157
107
61
172
179
110
48
4
51
177
157
107
61
172
179
110
48
4
51
177
157
107
61
172
179
110
48
4
51
177
157
107
61
172
179
110
48
4
51
177
157
107
61
172
179
110
48
4
51
177
157
107
61
172
179
110
48
4
51
177
157
107
61
172
179
110
48
4
51
177
157
107
61
172
179
110
48
4
51
177
157
107
61
172
179
110
48
4
51
177
157
107
61
172
179
110
48
4
51
177
157
107
61