57
157
51
118
172
107
10
34
48
177
57
157
51
118
172
107
10
34
48
177
57
157
51
118
172
107
10
34
48
177
57
157
51
118
172
107
10
34
48
177
57
157
51
118
172
107
10
34
48
177
57
157
51
118
172
107
10
34
48
177
57
157
51
118
172
107
10
34
48
177
57
157
51
118
172
107
10
34
48
177
57
157
51
118
172
107
10
34
48
177
57
157
51
118
172
107
10
34
48
177
57
157
51
118
172
107
10
34
48
177
57
157
51
118
172
107
10
34
48
177
57
157
51
118
172
107
10
34
48
177
57
157
51
118
172
107
10
34
48
177
57
157
51
118
172
107
10
34
48
177
57
157
51
118
172
107
10
34
48
177
57
157
51
118
172
107
10
34
48
177
57
157
51
118
172
107
10
34
48
177
57
157
51
118
172
107
10
34
48
177
57
157
51
118
172
107
10
34
48
177
57
157
51
118
172
107
10
34
48
177
57
157
51
118
172
107
10
34
48
177
57
157
51
118
172
107
10
34
48
177
57
157
51
118
172
107
10
34
48
177
57
157
51
118
172
107
10
34
48
177
57
157
51
118
172
107
10
34
48
177
57
157
51
118
172
107
10
34
48
177
57
157
51
118
172
107
10
34
48
177
57
157
51
118
172
107
10
34
48
177
57
157
51
118
172
107
10
34
48
177
57
157
51
118
172
107
10
34
48
177
57
157
51
118
172
107
10
34
48
177
57
157
51
118
172
107
10
34
48
177
57
157
51
118
172
107
10
34
48
177
57
157
51
118
172
107
10
34
48
177
57
157
51
118
172
107
10
34
48
177
57
157
51
118
172
107
10
34
48
177
57
157
51
118
172
107
10
34
48
177
57
157
51
118
172
107
10
34
48
177
57
157
51
118
172
107
10
34
48
177
57
157
51
118
172
107
10
34
48
177
57
157
51
118
172
107
10
34
48
177
57
157
51
118
172
107
10
34
48
177
57
157
51
118
172
107
10
34
48
177
57
157
51
118
172
107
10
34
48
177
57
157
51
118
172
107
10
34
48
177
57
157
51
118
172
107
10
34
48
177
57
157
51
118
172
107
10
34
48
177
57
157
51
118
172
107
10
34
48
177
57
157
51
118
172
107
10
34
48
177