51
118
177
4
110
107
61
34
172
179
51
118
177
4
110
107
61
34
172
179
51
118
177
4
110
107
61
34
172
179
51
118
177
4
110
107
61
34
172
179
51
118
177
4
110
107
61
34
172
179
51
118
177
4
110
107
61
34
172
179
51
118
177
4
110
107
61
34
172
179
51
118
177
4
110
107
61
34
172
179
51
118
177
4
110
107
61
34
172
179
51
118
177
4
110
107
61
34
172
179
51
118
177
4
110
107
61
34
172
179
51
118
177
4
110
107
61
34
172
179
51
118
177
4
110
107
61
34
172
179
51
118
177
4
110
107
61
34
172
179
51
118
177
4
110
107
61
34
172
179
51
118
177
4
110
107
61
34
172
179
51
118
177
4
110
107
61
34
172
179
51
118
177
4
110
107
61
34
172
179
51
118
177
4
110
107
61
34
172
179
51
118
177
4
110
107
61
34
172
179
51
118
177
4
110
107
61
34
172
179
51
118
177
4
110
107
61
34
172
179
51
118
177
4
110
107
61
34
172
179
51
118
177
4
110
107
61
34
172
179
51
118
177
4
110
107
61
34
172
179
51
118
177
4
110
107
61
34
172
179
51
118
177
4
110
107
61
34
172
179
51
118
177
4
110
107
61
34
172
179
51
118
177
4
110
107
61
34
172
179
51
118
177
4
110
107
61
34
172
179
51
118
177
4
110
107
61
34
172
179
51
118
177
4
110
107
61
34
172
179
51
118
177
4
110
107
61
34
172
179
51
118
177
4
110
107
61
34
172
179
51
118
177
4
110
107
61
34
172
179
51
118
177
4
110
107
61
34
172
179
51
118
177
4
110
107
61
34
172
179
51
118
177
4
110
107
61
34
172
179
51
118
177
4
110
107
61
34
172
179
51
118
177
4
110
107
61
34
172
179
51
118
177
4
110
107
61
34
172
179
51
118
177
4
110
107
61
34
172
179
51
118
177
4
110
107
61
34
172
179
51
118
177
4
110
107
61
34
172
179
51
118
177
4
110
107
61
34
172
179
51
118
177
4
110
107
61
34
172
179
51
118
177
4
110
107
61
34
172
179
51
118
177
4
110
107
61
34
172
179
51
118
177
4
110
107
61
34
172
179
51
118
177
4
110
107
61
34
172
179