110
157
179
10
90
118
61
48
51
177
110
157
179
10
90
118
61
48
51
177
110
157
179
10
90
118
61
48
51
177
110
157
179
10
90
118
61
48
51
177
110
157
179
10
90
118
61
48
51
177
110
157
179
10
90
118
61
48
51
177
110
157
179
10
90
118
61
48
51
177
110
157
179
10
90
118
61
48
51
177
110
157
179
10
90
118
61
48
51
177
110
157
179
10
90
118
61
48
51
177
110
157
179
10
90
118
61
48
51
177
110
157
179
10
90
118
61
48
51
177
110
157
179
10
90
118
61
48
51
177
110
157
179
10
90
118
61
48
51
177
110
157
179
10
90
118
61
48
51
177
110
157
179
10
90
118
61
48
51
177
110
157
179
10
90
118
61
48
51
177
110
157
179
10
90
118
61
48
51
177
110
157
179
10
90
118
61
48
51
177
110
157
179
10
90
118
61
48
51
177
110
157
179
10
90
118
61
48
51
177
110
157
179
10
90
118
61
48
51
177
110
157
179
10
90
118
61
48
51
177
110
157
179
10
90
118
61
48
51
177
110
157
179
10
90
118
61
48
51
177
110
157
179
10
90
118
61
48
51
177
110
157
179
10
90
118
61
48
51
177
110
157
179
10
90
118
61
48
51
177
110
157
179
10
90
118
61
48
51
177
110
157
179
10
90
118
61
48
51
177
110
157
179
10
90
118
61
48
51
177
110
157
179
10
90
118
61
48
51
177
110
157
179
10
90
118
61
48
51
177
110
157
179
10
90
118
61
48
51
177
110
157
179
10
90
118
61
48
51
177
110
157
179
10
90
118
61
48
51
177
110
157
179
10
90
118
61
48
51
177
110
157
179
10
90
118
61
48
51
177
110
157
179
10
90
118
61
48
51
177
110
157
179
10
90
118
61
48
51
177
110
157
179
10
90
118
61
48
51
177
110
157
179
10
90
118
61
48
51
177
110
157
179
10
90
118
61
48
51
177
110
157
179
10
90
118
61
48
51
177
110
157
179
10
90
118
61
48
51
177
110
157
179
10
90
118
61
48
51
177
110
157
179
10
90
118
61
48
51
177
110
157
179
10
90
118
61
48
51
177
110
157
179
10
90
118
61
48
51
177
110
157
179
10
90
118
61
48
51
177