90
110
172
10
107
177
34
4
179
157
90
110
172
10
107
177
34
4
179
157
90
110
172
10
107
177
34
4
179
157
90
110
172
10
107
177
34
4
179
157
90
110
172
10
107
177
34
4
179
157
90
110
172
10
107
177
34
4
179
157
90
110
172
10
107
177
34
4
179
157
90
110
172
10
107
177
34
4
179
157
90
110
172
10
107
177
34
4
179
157
90
110
172
10
107
177
34
4
179
157
90
110
172
10
107
177
34
4
179
157
90
110
172
10
107
177
34
4
179
157
90
110
172
10
107
177
34
4
179
157
90
110
172
10
107
177
34
4
179
157
90
110
172
10
107
177
34
4
179
157
90
110
172
10
107
177
34
4
179
157
90
110
172
10
107
177
34
4
179
157
90
110
172
10
107
177
34
4
179
157
90
110
172
10
107
177
34
4
179
157
90
110
172
10
107
177
34
4
179
157
90
110
172
10
107
177
34
4
179
157
90
110
172
10
107
177
34
4
179
157
90
110
172
10
107
177
34
4
179
157
90
110
172
10
107
177
34
4
179
157
90
110
172
10
107
177
34
4
179
157
90
110
172
10
107
177
34
4
179
157
90
110
172
10
107
177
34
4
179
157
90
110
172
10
107
177
34
4
179
157
90
110
172
10
107
177
34
4
179
157
90
110
172
10
107
177
34
4
179
157
90
110
172
10
107
177
34
4
179
157
90
110
172
10
107
177
34
4
179
157
90
110
172
10
107
177
34
4
179
157
90
110
172
10
107
177
34
4
179
157
90
110
172
10
107
177
34
4
179
157
90
110
172
10
107
177
34
4
179
157
90
110
172
10
107
177
34
4
179
157
90
110
172
10
107
177
34
4
179
157
90
110
172
10
107
177
34
4
179
157
90
110
172
10
107
177
34
4
179
157
90
110
172
10
107
177
34
4
179
157
90
110
172
10
107
177
34
4
179
157
90
110
172
10
107
177
34
4
179
157
90
110
172
10
107
177
34
4
179
157
90
110
172
10
107
177
34
4
179
157
90
110
172
10
107
177
34
4
179
157
90
110
172
10
107
177
34
4
179
157
90
110
172
10
107
177
34
4
179
157
90
110
172
10
107
177
34
4
179
157
90
110
172
10
107
177
34
4
179
157