110
34
90
57
118
10
48
107
172
179
110
34
90
57
118
10
48
107
172
179
110
34
90
57
118
10
48
107
172
179
110
34
90
57
118
10
48
107
172
179
110
34
90
57
118
10
48
107
172
179
110
34
90
57
118
10
48
107
172
179
110
34
90
57
118
10
48
107
172
179
110
34
90
57
118
10
48
107
172
179
110
34
90
57
118
10
48
107
172
179
110
34
90
57
118
10
48
107
172
179
110
34
90
57
118
10
48
107
172
179
110
34
90
57
118
10
48
107
172
179
110
34
90
57
118
10
48
107
172
179
110
34
90
57
118
10
48
107
172
179
110
34
90
57
118
10
48
107
172
179
110
34
90
57
118
10
48
107
172
179
110
34
90
57
118
10
48
107
172
179
110
34
90
57
118
10
48
107
172
179
110
34
90
57
118
10
48
107
172
179
110
34
90
57
118
10
48
107
172
179
110
34
90
57
118
10
48
107
172
179
110
34
90
57
118
10
48
107
172
179
110
34
90
57
118
10
48
107
172
179
110
34
90
57
118
10
48
107
172
179
110
34
90
57
118
10
48
107
172
179
110
34
90
57
118
10
48
107
172
179
110
34
90
57
118
10
48
107
172
179
110
34
90
57
118
10
48
107
172
179
110
34
90
57
118
10
48
107
172
179
110
34
90
57
118
10
48
107
172
179
110
34
90
57
118
10
48
107
172
179
110
34
90
57
118
10
48
107
172
179
110
34
90
57
118
10
48
107
172
179
110
34
90
57
118
10
48
107
172
179
110
34
90
57
118
10
48
107
172
179
110
34
90
57
118
10
48
107
172
179
110
34
90
57
118
10
48
107
172
179
110
34
90
57
118
10
48
107
172
179
110
34
90
57
118
10
48
107
172
179
110
34
90
57
118
10
48
107
172
179
110
34
90
57
118
10
48
107
172
179
110
34
90
57
118
10
48
107
172
179
110
34
90
57
118
10
48
107
172
179
110
34
90
57
118
10
48
107
172
179
110
34
90
57
118
10
48
107
172
179
110
34
90
57
118
10
48
107
172
179
110
34
90
57
118
10
48
107
172
179
110
34
90
57
118
10
48
107
172
179
110
34
90
57
118
10
48
107
172
179
110
34
90
57
118
10
48
107
172
179