172
177
179
107
34
90
51
4
118
157
172
177
179
107
34
90
51
4
118
157
172
177
179
107
34
90
51
4
118
157
172
177
179
107
34
90
51
4
118
157
172
177
179
107
34
90
51
4
118
157
172
177
179
107
34
90
51
4
118
157
172
177
179
107
34
90
51
4
118
157
172
177
179
107
34
90
51
4
118
157
172
177
179
107
34
90
51
4
118
157
172
177
179
107
34
90
51
4
118
157
172
177
179
107
34
90
51
4
118
157
172
177
179
107
34
90
51
4
118
157
172
177
179
107
34
90
51
4
118
157
172
177
179
107
34
90
51
4
118
157
172
177
179
107
34
90
51
4
118
157
172
177
179
107
34
90
51
4
118
157
172
177
179
107
34
90
51
4
118
157
172
177
179
107
34
90
51
4
118
157
172
177
179
107
34
90
51
4
118
157
172
177
179
107
34
90
51
4
118
157
172
177
179
107
34
90
51
4
118
157
172
177
179
107
34
90
51
4
118
157
172
177
179
107
34
90
51
4
118
157
172
177
179
107
34
90
51
4
118
157
172
177
179
107
34
90
51
4
118
157
172
177
179
107
34
90
51
4
118
157
172
177
179
107
34
90
51
4
118
157
172
177
179
107
34
90
51
4
118
157
172
177
179
107
34
90
51
4
118
157
172
177
179
107
34
90
51
4
118
157
172
177
179
107
34
90
51
4
118
157
172
177
179
107
34
90
51
4
118
157
172
177
179
107
34
90
51
4
118
157
172
177
179
107
34
90
51
4
118
157
172
177
179
107
34
90
51
4
118
157
172
177
179
107
34
90
51
4
118
157
172
177
179
107
34
90
51
4
118
157
172
177
179
107
34
90
51
4
118
157
172
177
179
107
34
90
51
4
118
157
172
177
179
107
34
90
51
4
118
157
172
177
179
107
34
90
51
4
118
157
172
177
179
107
34
90
51
4
118
157
172
177
179
107
34
90
51
4
118
157
172
177
179
107
34
90
51
4
118
157
172
177
179
107
34
90
51
4
118
157
172
177
179
107
34
90
51
4
118
157
172
177
179
107
34
90
51
4
118
157
172
177
179
107
34
90
51
4
118
157
172
177
179
107
34
90
51
4
118
157
172
177
179
107
34
90
51
4
118
157