90
107
177
51
34
4
118
48
61
57
90
107
177
51
34
4
118
48
61
57
90
107
177
51
34
4
118
48
61
57
90
107
177
51
34
4
118
48
61
57
90
107
177
51
34
4
118
48
61
57
90
107
177
51
34
4
118
48
61
57
90
107
177
51
34
4
118
48
61
57
90
107
177
51
34
4
118
48
61
57
90
107
177
51
34
4
118
48
61
57
90
107
177
51
34
4
118
48
61
57
90
107
177
51
34
4
118
48
61
57
90
107
177
51
34
4
118
48
61
57
90
107
177
51
34
4
118
48
61
57
90
107
177
51
34
4
118
48
61
57
90
107
177
51
34
4
118
48
61
57
90
107
177
51
34
4
118
48
61
57
90
107
177
51
34
4
118
48
61
57
90
107
177
51
34
4
118
48
61
57
90
107
177
51
34
4
118
48
61
57
90
107
177
51
34
4
118
48
61
57
90
107
177
51
34
4
118
48
61
57
90
107
177
51
34
4
118
48
61
57
90
107
177
51
34
4
118
48
61
57
90
107
177
51
34
4
118
48
61
57
90
107
177
51
34
4
118
48
61
57
90
107
177
51
34
4
118
48
61
57
90
107
177
51
34
4
118
48
61
57
90
107
177
51
34
4
118
48
61
57
90
107
177
51
34
4
118
48
61
57
90
107
177
51
34
4
118
48
61
57
90
107
177
51
34
4
118
48
61
57
90
107
177
51
34
4
118
48
61
57
90
107
177
51
34
4
118
48
61
57
90
107
177
51
34
4
118
48
61
57
90
107
177
51
34
4
118
48
61
57
90
107
177
51
34
4
118
48
61
57
90
107
177
51
34
4
118
48
61
57
90
107
177
51
34
4
118
48
61
57
90
107
177
51
34
4
118
48
61
57
90
107
177
51
34
4
118
48
61
57
90
107
177
51
34
4
118
48
61
57
90
107
177
51
34
4
118
48
61
57
90
107
177
51
34
4
118
48
61
57
90
107
177
51
34
4
118
48
61
57
90
107
177
51
34
4
118
48
61
57
90
107
177
51
34
4
118
48
61
57
90
107
177
51
34
4
118
48
61
57
90
107
177
51
34
4
118
48
61
57
90
107
177
51
34
4
118
48
61
57
90
107
177
51
34
4
118
48
61
57