34
57
110
157
177
172
48
179
90
51
34
57
110
157
177
172
48
179
90
51
34
57
110
157
177
172
48
179
90
51
34
57
110
157
177
172
48
179
90
51
34
57
110
157
177
172
48
179
90
51
34
57
110
157
177
172
48
179
90
51
34
57
110
157
177
172
48
179
90
51
34
57
110
157
177
172
48
179
90
51
34
57
110
157
177
172
48
179
90
51
34
57
110
157
177
172
48
179
90
51
34
57
110
157
177
172
48
179
90
51
34
57
110
157
177
172
48
179
90
51
34
57
110
157
177
172
48
179
90
51
34
57
110
157
177
172
48
179
90
51
34
57
110
157
177
172
48
179
90
51
34
57
110
157
177
172
48
179
90
51
34
57
110
157
177
172
48
179
90
51
34
57
110
157
177
172
48
179
90
51
34
57
110
157
177
172
48
179
90
51
34
57
110
157
177
172
48
179
90
51
34
57
110
157
177
172
48
179
90
51
34
57
110
157
177
172
48
179
90
51
34
57
110
157
177
172
48
179
90
51
34
57
110
157
177
172
48
179
90
51
34
57
110
157
177
172
48
179
90
51
34
57
110
157
177
172
48
179
90
51
34
57
110
157
177
172
48
179
90
51
34
57
110
157
177
172
48
179
90
51
34
57
110
157
177
172
48
179
90
51
34
57
110
157
177
172
48
179
90
51
34
57
110
157
177
172
48
179
90
51
34
57
110
157
177
172
48
179
90
51
34
57
110
157
177
172
48
179
90
51
34
57
110
157
177
172
48
179
90
51
34
57
110
157
177
172
48
179
90
51
34
57
110
157
177
172
48
179
90
51
34
57
110
157
177
172
48
179
90
51
34
57
110
157
177
172
48
179
90
51
34
57
110
157
177
172
48
179
90
51
34
57
110
157
177
172
48
179
90
51
34
57
110
157
177
172
48
179
90
51
34
57
110
157
177
172
48
179
90
51
34
57
110
157
177
172
48
179
90
51
34
57
110
157
177
172
48
179
90
51
34
57
110
157
177
172
48
179
90
51
34
57
110
157
177
172
48
179
90
51
34
57
110
157
177
172
48
179
90
51
34
57
110
157
177
172
48
179
90
51
34
57
110
157
177
172
48
179
90
51
34
57
110
157
177
172
48
179
90
51