107
10
177
118
51
172
61
157
57
48
107
10
177
118
51
172
61
157
57
48
107
10
177
118
51
172
61
157
57
48
107
10
177
118
51
172
61
157
57
48
107
10
177
118
51
172
61
157
57
48
107
10
177
118
51
172
61
157
57
48
107
10
177
118
51
172
61
157
57
48
107
10
177
118
51
172
61
157
57
48
107
10
177
118
51
172
61
157
57
48
107
10
177
118
51
172
61
157
57
48
107
10
177
118
51
172
61
157
57
48
107
10
177
118
51
172
61
157
57
48
107
10
177
118
51
172
61
157
57
48
107
10
177
118
51
172
61
157
57
48
107
10
177
118
51
172
61
157
57
48
107
10
177
118
51
172
61
157
57
48
107
10
177
118
51
172
61
157
57
48
107
10
177
118
51
172
61
157
57
48
107
10
177
118
51
172
61
157
57
48
107
10
177
118
51
172
61
157
57
48
107
10
177
118
51
172
61
157
57
48
107
10
177
118
51
172
61
157
57
48
107
10
177
118
51
172
61
157
57
48
107
10
177
118
51
172
61
157
57
48
107
10
177
118
51
172
61
157
57
48
107
10
177
118
51
172
61
157
57
48
107
10
177
118
51
172
61
157
57
48
107
10
177
118
51
172
61
157
57
48
107
10
177
118
51
172
61
157
57
48
107
10
177
118
51
172
61
157
57
48
107
10
177
118
51
172
61
157
57
48
107
10
177
118
51
172
61
157
57
48
107
10
177
118
51
172
61
157
57
48
107
10
177
118
51
172
61
157
57
48
107
10
177
118
51
172
61
157
57
48
107
10
177
118
51
172
61
157
57
48
107
10
177
118
51
172
61
157
57
48
107
10
177
118
51
172
61
157
57
48
107
10
177
118
51
172
61
157
57
48
107
10
177
118
51
172
61
157
57
48
107
10
177
118
51
172
61
157
57
48
107
10
177
118
51
172
61
157
57
48
107
10
177
118
51
172
61
157
57
48
107
10
177
118
51
172
61
157
57
48
107
10
177
118
51
172
61
157
57
48
107
10
177
118
51
172
61
157
57
48
107
10
177
118
51
172
61
157
57
48
107
10
177
118
51
172
61
157
57
48
107
10
177
118
51
172
61
157
57
48
107
10
177
118
51
172
61
157
57
48