177
107
4
110
51
57
172
118
10
48
177
107
4
110
51
57
172
118
10
48
177
107
4
110
51
57
172
118
10
48
177
107
4
110
51
57
172
118
10
48
177
107
4
110
51
57
172
118
10
48
177
107
4
110
51
57
172
118
10
48
177
107
4
110
51
57
172
118
10
48
177
107
4
110
51
57
172
118
10
48
177
107
4
110
51
57
172
118
10
48
177
107
4
110
51
57
172
118
10
48
177
107
4
110
51
57
172
118
10
48
177
107
4
110
51
57
172
118
10
48
177
107
4
110
51
57
172
118
10
48
177
107
4
110
51
57
172
118
10
48
177
107
4
110
51
57
172
118
10
48
177
107
4
110
51
57
172
118
10
48
177
107
4
110
51
57
172
118
10
48
177
107
4
110
51
57
172
118
10
48
177
107
4
110
51
57
172
118
10
48
177
107
4
110
51
57
172
118
10
48
177
107
4
110
51
57
172
118
10
48
177
107
4
110
51
57
172
118
10
48
177
107
4
110
51
57
172
118
10
48
177
107
4
110
51
57
172
118
10
48
177
107
4
110
51
57
172
118
10
48
177
107
4
110
51
57
172
118
10
48
177
107
4
110
51
57
172
118
10
48
177
107
4
110
51
57
172
118
10
48
177
107
4
110
51
57
172
118
10
48
177
107
4
110
51
57
172
118
10
48
177
107
4
110
51
57
172
118
10
48
177
107
4
110
51
57
172
118
10
48
177
107
4
110
51
57
172
118
10
48
177
107
4
110
51
57
172
118
10
48
177
107
4
110
51
57
172
118
10
48
177
107
4
110
51
57
172
118
10
48
177
107
4
110
51
57
172
118
10
48
177
107
4
110
51
57
172
118
10
48
177
107
4
110
51
57
172
118
10
48
177
107
4
110
51
57
172
118
10
48
177
107
4
110
51
57
172
118
10
48
177
107
4
110
51
57
172
118
10
48
177
107
4
110
51
57
172
118
10
48
177
107
4
110
51
57
172
118
10
48
177
107
4
110
51
57
172
118
10
48
177
107
4
110
51
57
172
118
10
48
177
107
4
110
51
57
172
118
10
48
177
107
4
110
51
57
172
118
10
48
177
107
4
110
51
57
172
118
10
48
177
107
4
110
51
57
172
118
10
48