118
157
48
177
34
110
179
172
51
57
118
157
48
177
34
110
179
172
51
57
118
157
48
177
34
110
179
172
51
57
118
157
48
177
34
110
179
172
51
57
118
157
48
177
34
110
179
172
51
57
118
157
48
177
34
110
179
172
51
57
118
157
48
177
34
110
179
172
51
57
118
157
48
177
34
110
179
172
51
57
118
157
48
177
34
110
179
172
51
57
118
157
48
177
34
110
179
172
51
57
118
157
48
177
34
110
179
172
51
57
118
157
48
177
34
110
179
172
51
57
118
157
48
177
34
110
179
172
51
57
118
157
48
177
34
110
179
172
51
57
118
157
48
177
34
110
179
172
51
57
118
157
48
177
34
110
179
172
51
57
118
157
48
177
34
110
179
172
51
57
118
157
48
177
34
110
179
172
51
57
118
157
48
177
34
110
179
172
51
57
118
157
48
177
34
110
179
172
51
57
118
157
48
177
34
110
179
172
51
57
118
157
48
177
34
110
179
172
51
57
118
157
48
177
34
110
179
172
51
57
118
157
48
177
34
110
179
172
51
57
118
157
48
177
34
110
179
172
51
57
118
157
48
177
34
110
179
172
51
57
118
157
48
177
34
110
179
172
51
57
118
157
48
177
34
110
179
172
51
57
118
157
48
177
34
110
179
172
51
57
118
157
48
177
34
110
179
172
51
57
118
157
48
177
34
110
179
172
51
57
118
157
48
177
34
110
179
172
51
57
118
157
48
177
34
110
179
172
51
57
118
157
48
177
34
110
179
172
51
57
118
157
48
177
34
110
179
172
51
57
118
157
48
177
34
110
179
172
51
57
118
157
48
177
34
110
179
172
51
57
118
157
48
177
34
110
179
172
51
57
118
157
48
177
34
110
179
172
51
57
118
157
48
177
34
110
179
172
51
57
118
157
48
177
34
110
179
172
51
57
118
157
48
177
34
110
179
172
51
57
118
157
48
177
34
110
179
172
51
57
118
157
48
177
34
110
179
172
51
57
118
157
48
177
34
110
179
172
51
57
118
157
48
177
34
110
179
172
51
57
118
157
48
177
34
110
179
172
51
57
118
157
48
177
34
110
179
172
51
57
118
157
48
177
34
110
179
172
51
57
118
157
48
177
34
110
179
172
51
57