172
61
110
48
10
34
118
107
157
90
172
61
110
48
10
34
118
107
157
90
172
61
110
48
10
34
118
107
157
90
172
61
110
48
10
34
118
107
157
90
172
61
110
48
10
34
118
107
157
90
172
61
110
48
10
34
118
107
157
90
172
61
110
48
10
34
118
107
157
90
172
61
110
48
10
34
118
107
157
90
172
61
110
48
10
34
118
107
157
90
172
61
110
48
10
34
118
107
157
90
172
61
110
48
10
34
118
107
157
90
172
61
110
48
10
34
118
107
157
90
172
61
110
48
10
34
118
107
157
90
172
61
110
48
10
34
118
107
157
90
172
61
110
48
10
34
118
107
157
90
172
61
110
48
10
34
118
107
157
90
172
61
110
48
10
34
118
107
157
90
172
61
110
48
10
34
118
107
157
90
172
61
110
48
10
34
118
107
157
90
172
61
110
48
10
34
118
107
157
90
172
61
110
48
10
34
118
107
157
90
172
61
110
48
10
34
118
107
157
90
172
61
110
48
10
34
118
107
157
90
172
61
110
48
10
34
118
107
157
90
172
61
110
48
10
34
118
107
157
90
172
61
110
48
10
34
118
107
157
90
172
61
110
48
10
34
118
107
157
90
172
61
110
48
10
34
118
107
157
90
172
61
110
48
10
34
118
107
157
90
172
61
110
48
10
34
118
107
157
90
172
61
110
48
10
34
118
107
157
90
172
61
110
48
10
34
118
107
157
90
172
61
110
48
10
34
118
107
157
90
172
61
110
48
10
34
118
107
157
90
172
61
110
48
10
34
118
107
157
90
172
61
110
48
10
34
118
107
157
90
172
61
110
48
10
34
118
107
157
90
172
61
110
48
10
34
118
107
157
90
172
61
110
48
10
34
118
107
157
90
172
61
110
48
10
34
118
107
157
90
172
61
110
48
10
34
118
107
157
90
172
61
110
48
10
34
118
107
157
90
172
61
110
48
10
34
118
107
157
90
172
61
110
48
10
34
118
107
157
90
172
61
110
48
10
34
118
107
157
90
172
61
110
48
10
34
118
107
157
90
172
61
110
48
10
34
118
107
157
90
172
61
110
48
10
34
118
107
157
90
172
61
110
48
10
34
118
107
157
90
172
61
110
48
10
34
118
107
157
90