179
172
61
10
90
107
177
51
157
4
179
172
61
10
90
107
177
51
157
4
179
172
61
10
90
107
177
51
157
4
179
172
61
10
90
107
177
51
157
4
179
172
61
10
90
107
177
51
157
4
179
172
61
10
90
107
177
51
157
4
179
172
61
10
90
107
177
51
157
4
179
172
61
10
90
107
177
51
157
4
179
172
61
10
90
107
177
51
157
4
179
172
61
10
90
107
177
51
157
4
179
172
61
10
90
107
177
51
157
4
179
172
61
10
90
107
177
51
157
4
179
172
61
10
90
107
177
51
157
4
179
172
61
10
90
107
177
51
157
4
179
172
61
10
90
107
177
51
157
4
179
172
61
10
90
107
177
51
157
4
179
172
61
10
90
107
177
51
157
4
179
172
61
10
90
107
177
51
157
4
179
172
61
10
90
107
177
51
157
4
179
172
61
10
90
107
177
51
157
4
179
172
61
10
90
107
177
51
157
4
179
172
61
10
90
107
177
51
157
4
179
172
61
10
90
107
177
51
157
4
179
172
61
10
90
107
177
51
157
4
179
172
61
10
90
107
177
51
157
4
179
172
61
10
90
107
177
51
157
4
179
172
61
10
90
107
177
51
157
4
179
172
61
10
90
107
177
51
157
4
179
172
61
10
90
107
177
51
157
4
179
172
61
10
90
107
177
51
157
4
179
172
61
10
90
107
177
51
157
4
179
172
61
10
90
107
177
51
157
4
179
172
61
10
90
107
177
51
157
4
179
172
61
10
90
107
177
51
157
4
179
172
61
10
90
107
177
51
157
4
179
172
61
10
90
107
177
51
157
4
179
172
61
10
90
107
177
51
157
4
179
172
61
10
90
107
177
51
157
4
179
172
61
10
90
107
177
51
157
4
179
172
61
10
90
107
177
51
157
4
179
172
61
10
90
107
177
51
157
4
179
172
61
10
90
107
177
51
157
4
179
172
61
10
90
107
177
51
157
4
179
172
61
10
90
107
177
51
157
4
179
172
61
10
90
107
177
51
157
4
179
172
61
10
90
107
177
51
157
4
179
172
61
10
90
107
177
51
157
4
179
172
61
10
90
107
177
51
157
4
179
172
61
10
90
107
177
51
157
4
179
172
61
10
90
107
177
51
157
4