157
179
4
48
51
110
61
118
57
34
157
179
4
48
51
110
61
118
57
34
157
179
4
48
51
110
61
118
57
34
157
179
4
48
51
110
61
118
57
34
157
179
4
48
51
110
61
118
57
34
157
179
4
48
51
110
61
118
57
34
157
179
4
48
51
110
61
118
57
34
157
179
4
48
51
110
61
118
57
34
157
179
4
48
51
110
61
118
57
34
157
179
4
48
51
110
61
118
57
34
157
179
4
48
51
110
61
118
57
34
157
179
4
48
51
110
61
118
57
34
157
179
4
48
51
110
61
118
57
34
157
179
4
48
51
110
61
118
57
34
157
179
4
48
51
110
61
118
57
34
157
179
4
48
51
110
61
118
57
34
157
179
4
48
51
110
61
118
57
34
157
179
4
48
51
110
61
118
57
34
157
179
4
48
51
110
61
118
57
34
157
179
4
48
51
110
61
118
57
34
157
179
4
48
51
110
61
118
57
34
157
179
4
48
51
110
61
118
57
34
157
179
4
48
51
110
61
118
57
34
157
179
4
48
51
110
61
118
57
34
157
179
4
48
51
110
61
118
57
34
157
179
4
48
51
110
61
118
57
34
157
179
4
48
51
110
61
118
57
34
157
179
4
48
51
110
61
118
57
34
157
179
4
48
51
110
61
118
57
34
157
179
4
48
51
110
61
118
57
34
157
179
4
48
51
110
61
118
57
34
157
179
4
48
51
110
61
118
57
34
157
179
4
48
51
110
61
118
57
34
157
179
4
48
51
110
61
118
57
34
157
179
4
48
51
110
61
118
57
34
157
179
4
48
51
110
61
118
57
34
157
179
4
48
51
110
61
118
57
34
157
179
4
48
51
110
61
118
57
34
157
179
4
48
51
110
61
118
57
34
157
179
4
48
51
110
61
118
57
34
157
179
4
48
51
110
61
118
57
34
157
179
4
48
51
110
61
118
57
34
157
179
4
48
51
110
61
118
57
34
157
179
4
48
51
110
61
118
57
34
157
179
4
48
51
110
61
118
57
34
157
179
4
48
51
110
61
118
57
34
157
179
4
48
51
110
61
118
57
34
157
179
4
48
51
110
61
118
57
34
157
179
4
48
51
110
61
118
57
34
157
179
4
48
51
110
61
118
57
34