107
179
51
10
118
90
172
34
157
177
107
179
51
10
118
90
172
34
157
177
107
179
51
10
118
90
172
34
157
177
107
179
51
10
118
90
172
34
157
177
107
179
51
10
118
90
172
34
157
177
107
179
51
10
118
90
172
34
157
177
107
179
51
10
118
90
172
34
157
177
107
179
51
10
118
90
172
34
157
177
107
179
51
10
118
90
172
34
157
177
107
179
51
10
118
90
172
34
157
177
107
179
51
10
118
90
172
34
157
177
107
179
51
10
118
90
172
34
157
177
107
179
51
10
118
90
172
34
157
177
107
179
51
10
118
90
172
34
157
177
107
179
51
10
118
90
172
34
157
177
107
179
51
10
118
90
172
34
157
177
107
179
51
10
118
90
172
34
157
177
107
179
51
10
118
90
172
34
157
177
107
179
51
10
118
90
172
34
157
177
107
179
51
10
118
90
172
34
157
177
107
179
51
10
118
90
172
34
157
177
107
179
51
10
118
90
172
34
157
177
107
179
51
10
118
90
172
34
157
177
107
179
51
10
118
90
172
34
157
177
107
179
51
10
118
90
172
34
157
177
107
179
51
10
118
90
172
34
157
177
107
179
51
10
118
90
172
34
157
177
107
179
51
10
118
90
172
34
157
177
107
179
51
10
118
90
172
34
157
177
107
179
51
10
118
90
172
34
157
177
107
179
51
10
118
90
172
34
157
177
107
179
51
10
118
90
172
34
157
177
107
179
51
10
118
90
172
34
157
177
107
179
51
10
118
90
172
34
157
177
107
179
51
10
118
90
172
34
157
177
107
179
51
10
118
90
172
34
157
177
107
179
51
10
118
90
172
34
157
177
107
179
51
10
118
90
172
34
157
177
107
179
51
10
118
90
172
34
157
177
107
179
51
10
118
90
172
34
157
177
107
179
51
10
118
90
172
34
157
177
107
179
51
10
118
90
172
34
157
177
107
179
51
10
118
90
172
34
157
177
107
179
51
10
118
90
172
34
157
177
107
179
51
10
118
90
172
34
157
177
107
179
51
10
118
90
172
34
157
177
107
179
51
10
118
90
172
34
157
177
107
179
51
10
118
90
172
34
157
177
107
179
51
10
118
90
172
34
157
177
107
179
51
10
118
90
172
34
157
177