10
177
157
172
34
51
110
48
90
107
10
177
157
172
34
51
110
48
90
107
10
177
157
172
34
51
110
48
90
107
10
177
157
172
34
51
110
48
90
107
10
177
157
172
34
51
110
48
90
107
10
177
157
172
34
51
110
48
90
107
10
177
157
172
34
51
110
48
90
107
10
177
157
172
34
51
110
48
90
107
10
177
157
172
34
51
110
48
90
107
10
177
157
172
34
51
110
48
90
107
10
177
157
172
34
51
110
48
90
107
10
177
157
172
34
51
110
48
90
107
10
177
157
172
34
51
110
48
90
107
10
177
157
172
34
51
110
48
90
107
10
177
157
172
34
51
110
48
90
107
10
177
157
172
34
51
110
48
90
107
10
177
157
172
34
51
110
48
90
107
10
177
157
172
34
51
110
48
90
107
10
177
157
172
34
51
110
48
90
107
10
177
157
172
34
51
110
48
90
107
10
177
157
172
34
51
110
48
90
107
10
177
157
172
34
51
110
48
90
107
10
177
157
172
34
51
110
48
90
107
10
177
157
172
34
51
110
48
90
107
10
177
157
172
34
51
110
48
90
107
10
177
157
172
34
51
110
48
90
107
10
177
157
172
34
51
110
48
90
107
10
177
157
172
34
51
110
48
90
107
10
177
157
172
34
51
110
48
90
107
10
177
157
172
34
51
110
48
90
107
10
177
157
172
34
51
110
48
90
107
10
177
157
172
34
51
110
48
90
107
10
177
157
172
34
51
110
48
90
107
10
177
157
172
34
51
110
48
90
107
10
177
157
172
34
51
110
48
90
107
10
177
157
172
34
51
110
48
90
107
10
177
157
172
34
51
110
48
90
107
10
177
157
172
34
51
110
48
90
107
10
177
157
172
34
51
110
48
90
107
10
177
157
172
34
51
110
48
90
107
10
177
157
172
34
51
110
48
90
107
10
177
157
172
34
51
110
48
90
107
10
177
157
172
34
51
110
48
90
107
10
177
157
172
34
51
110
48
90
107
10
177
157
172
34
51
110
48
90
107
10
177
157
172
34
51
110
48
90
107
10
177
157
172
34
51
110
48
90
107
10
177
157
172
34
51
110
48
90
107
10
177
157
172
34
51
110
48
90
107
10
177
157
172
34
51
110
48
90
107