172
51
157
10
61
107
34
179
48
57
172
51
157
10
61
107
34
179
48
57
172
51
157
10
61
107
34
179
48
57
172
51
157
10
61
107
34
179
48
57
172
51
157
10
61
107
34
179
48
57
172
51
157
10
61
107
34
179
48
57
172
51
157
10
61
107
34
179
48
57
172
51
157
10
61
107
34
179
48
57
172
51
157
10
61
107
34
179
48
57
172
51
157
10
61
107
34
179
48
57
172
51
157
10
61
107
34
179
48
57
172
51
157
10
61
107
34
179
48
57
172
51
157
10
61
107
34
179
48
57
172
51
157
10
61
107
34
179
48
57
172
51
157
10
61
107
34
179
48
57
172
51
157
10
61
107
34
179
48
57
172
51
157
10
61
107
34
179
48
57
172
51
157
10
61
107
34
179
48
57
172
51
157
10
61
107
34
179
48
57
172
51
157
10
61
107
34
179
48
57
172
51
157
10
61
107
34
179
48
57
172
51
157
10
61
107
34
179
48
57
172
51
157
10
61
107
34
179
48
57
172
51
157
10
61
107
34
179
48
57
172
51
157
10
61
107
34
179
48
57
172
51
157
10
61
107
34
179
48
57
172
51
157
10
61
107
34
179
48
57
172
51
157
10
61
107
34
179
48
57
172
51
157
10
61
107
34
179
48
57
172
51
157
10
61
107
34
179
48
57
172
51
157
10
61
107
34
179
48
57
172
51
157
10
61
107
34
179
48
57
172
51
157
10
61
107
34
179
48
57
172
51
157
10
61
107
34
179
48
57
172
51
157
10
61
107
34
179
48
57
172
51
157
10
61
107
34
179
48
57
172
51
157
10
61
107
34
179
48
57
172
51
157
10
61
107
34
179
48
57
172
51
157
10
61
107
34
179
48
57
172
51
157
10
61
107
34
179
48
57
172
51
157
10
61
107
34
179
48
57
172
51
157
10
61
107
34
179
48
57
172
51
157
10
61
107
34
179
48
57
172
51
157
10
61
107
34
179
48
57
172
51
157
10
61
107
34
179
48
57
172
51
157
10
61
107
34
179
48
57
172
51
157
10
61
107
34
179
48
57
172
51
157
10
61
107
34
179
48
57
172
51
157
10
61
107
34
179
48
57
172
51
157
10
61
107
34
179
48
57