90
10
179
110
4
172
51
61
118
107
90
10
179
110
4
172
51
61
118
107
90
10
179
110
4
172
51
61
118
107
90
10
179
110
4
172
51
61
118
107
90
10
179
110
4
172
51
61
118
107
90
10
179
110
4
172
51
61
118
107
90
10
179
110
4
172
51
61
118
107
90
10
179
110
4
172
51
61
118
107
90
10
179
110
4
172
51
61
118
107
90
10
179
110
4
172
51
61
118
107
90
10
179
110
4
172
51
61
118
107
90
10
179
110
4
172
51
61
118
107
90
10
179
110
4
172
51
61
118
107
90
10
179
110
4
172
51
61
118
107
90
10
179
110
4
172
51
61
118
107
90
10
179
110
4
172
51
61
118
107
90
10
179
110
4
172
51
61
118
107
90
10
179
110
4
172
51
61
118
107
90
10
179
110
4
172
51
61
118
107
90
10
179
110
4
172
51
61
118
107
90
10
179
110
4
172
51
61
118
107
90
10
179
110
4
172
51
61
118
107
90
10
179
110
4
172
51
61
118
107
90
10
179
110
4
172
51
61
118
107
90
10
179
110
4
172
51
61
118
107
90
10
179
110
4
172
51
61
118
107
90
10
179
110
4
172
51
61
118
107
90
10
179
110
4
172
51
61
118
107
90
10
179
110
4
172
51
61
118
107
90
10
179
110
4
172
51
61
118
107
90
10
179
110
4
172
51
61
118
107
90
10
179
110
4
172
51
61
118
107
90
10
179
110
4
172
51
61
118
107
90
10
179
110
4
172
51
61
118
107
90
10
179
110
4
172
51
61
118
107
90
10
179
110
4
172
51
61
118
107
90
10
179
110
4
172
51
61
118
107
90
10
179
110
4
172
51
61
118
107
90
10
179
110
4
172
51
61
118
107
90
10
179
110
4
172
51
61
118
107
90
10
179
110
4
172
51
61
118
107
90
10
179
110
4
172
51
61
118
107
90
10
179
110
4
172
51
61
118
107
90
10
179
110
4
172
51
61
118
107
90
10
179
110
4
172
51
61
118
107
90
10
179
110
4
172
51
61
118
107
90
10
179
110
4
172
51
61
118
107
90
10
179
110
4
172
51
61
118
107
90
10
179
110
4
172
51
61
118
107
90
10
179
110
4
172
51
61
118
107