10
34
48
157
90
61
51
179
57
4
10
34
48
157
90
61
51
179
57
4
10
34
48
157
90
61
51
179
57
4
10
34
48
157
90
61
51
179
57
4
10
34
48
157
90
61
51
179
57
4
10
34
48
157
90
61
51
179
57
4
10
34
48
157
90
61
51
179
57
4
10
34
48
157
90
61
51
179
57
4
10
34
48
157
90
61
51
179
57
4
10
34
48
157
90
61
51
179
57
4
10
34
48
157
90
61
51
179
57
4
10
34
48
157
90
61
51
179
57
4
10
34
48
157
90
61
51
179
57
4
10
34
48
157
90
61
51
179
57
4
10
34
48
157
90
61
51
179
57
4
10
34
48
157
90
61
51
179
57
4
10
34
48
157
90
61
51
179
57
4
10
34
48
157
90
61
51
179
57
4
10
34
48
157
90
61
51
179
57
4
10
34
48
157
90
61
51
179
57
4
10
34
48
157
90
61
51
179
57
4
10
34
48
157
90
61
51
179
57
4
10
34
48
157
90
61
51
179
57
4
10
34
48
157
90
61
51
179
57
4
10
34
48
157
90
61
51
179
57
4
10
34
48
157
90
61
51
179
57
4
10
34
48
157
90
61
51
179
57
4
10
34
48
157
90
61
51
179
57
4
10
34
48
157
90
61
51
179
57
4
10
34
48
157
90
61
51
179
57
4
10
34
48
157
90
61
51
179
57
4
10
34
48
157
90
61
51
179
57
4
10
34
48
157
90
61
51
179
57
4
10
34
48
157
90
61
51
179
57
4
10
34
48
157
90
61
51
179
57
4
10
34
48
157
90
61
51
179
57
4
10
34
48
157
90
61
51
179
57
4
10
34
48
157
90
61
51
179
57
4
10
34
48
157
90
61
51
179
57
4
10
34
48
157
90
61
51
179
57
4
10
34
48
157
90
61
51
179
57
4
10
34
48
157
90
61
51
179
57
4
10
34
48
157
90
61
51
179
57
4
10
34
48
157
90
61
51
179
57
4
10
34
48
157
90
61
51
179
57
4
10
34
48
157
90
61
51
179
57
4
10
34
48
157
90
61
51
179
57
4
10
34
48
157
90
61
51
179
57
4
10
34
48
157
90
61
51
179
57
4
10
34
48
157
90
61
51
179
57
4