179
51
10
90
48
61
110
118
4
34
179
51
10
90
48
61
110
118
4
34
179
51
10
90
48
61
110
118
4
34
179
51
10
90
48
61
110
118
4
34
179
51
10
90
48
61
110
118
4
34
179
51
10
90
48
61
110
118
4
34
179
51
10
90
48
61
110
118
4
34
179
51
10
90
48
61
110
118
4
34
179
51
10
90
48
61
110
118
4
34
179
51
10
90
48
61
110
118
4
34
179
51
10
90
48
61
110
118
4
34
179
51
10
90
48
61
110
118
4
34
179
51
10
90
48
61
110
118
4
34
179
51
10
90
48
61
110
118
4
34
179
51
10
90
48
61
110
118
4
34
179
51
10
90
48
61
110
118
4
34
179
51
10
90
48
61
110
118
4
34
179
51
10
90
48
61
110
118
4
34
179
51
10
90
48
61
110
118
4
34
179
51
10
90
48
61
110
118
4
34
179
51
10
90
48
61
110
118
4
34
179
51
10
90
48
61
110
118
4
34
179
51
10
90
48
61
110
118
4
34
179
51
10
90
48
61
110
118
4
34
179
51
10
90
48
61
110
118
4
34
179
51
10
90
48
61
110
118
4
34
179
51
10
90
48
61
110
118
4
34
179
51
10
90
48
61
110
118
4
34
179
51
10
90
48
61
110
118
4
34
179
51
10
90
48
61
110
118
4
34
179
51
10
90
48
61
110
118
4
34
179
51
10
90
48
61
110
118
4
34
179
51
10
90
48
61
110
118
4
34
179
51
10
90
48
61
110
118
4
34
179
51
10
90
48
61
110
118
4
34
179
51
10
90
48
61
110
118
4
34
179
51
10
90
48
61
110
118
4
34
179
51
10
90
48
61
110
118
4
34
179
51
10
90
48
61
110
118
4
34
179
51
10
90
48
61
110
118
4
34
179
51
10
90
48
61
110
118
4
34
179
51
10
90
48
61
110
118
4
34
179
51
10
90
48
61
110
118
4
34
179
51
10
90
48
61
110
118
4
34
179
51
10
90
48
61
110
118
4
34
179
51
10
90
48
61
110
118
4
34
179
51
10
90
48
61
110
118
4
34
179
51
10
90
48
61
110
118
4
34
179
51
10
90
48
61
110
118
4
34
179
51
10
90
48
61
110
118
4
34