110
118
4
51
177
10
179
157
149
90
110
118
4
51
177
10
179
157
149
90
110
118
4
51
177
10
179
157
149
90
110
118
4
51
177
10
179
157
149
90
110
118
4
51
177
10
179
157
149
90
110
118
4
51
177
10
179
157
149
90
110
118
4
51
177
10
179
157
149
90
110
118
4
51
177
10
179
157
149
90
110
118
4
51
177
10
179
157
149
90
110
118
4
51
177
10
179
157
149
90
110
118
4
51
177
10
179
157
149
90
110
118
4
51
177
10
179
157
149
90
110
118
4
51
177
10
179
157
149
90
110
118
4
51
177
10
179
157
149
90
110
118
4
51
177
10
179
157
149
90
110
118
4
51
177
10
179
157
149
90
110
118
4
51
177
10
179
157
149
90
110
118
4
51
177
10
179
157
149
90
110
118
4
51
177
10
179
157
149
90
110
118
4
51
177
10
179
157
149
90
110
118
4
51
177
10
179
157
149
90
110
118
4
51
177
10
179
157
149
90
110
118
4
51
177
10
179
157
149
90
110
118
4
51
177
10
179
157
149
90
110
118
4
51
177
10
179
157
149
90
110
118
4
51
177
10
179
157
149
90
110
118
4
51
177
10
179
157
149
90
110
118
4
51
177
10
179
157
149
90
110
118
4
51
177
10
179
157
149
90
110
118
4
51
177
10
179
157
149
90
110
118
4
51
177
10
179
157
149
90
110
118
4
51
177
10
179
157
149
90
110
118
4
51
177
10
179
157
149
90
110
118
4
51
177
10
179
157
149
90
110
118
4
51
177
10
179
157
149
90
110
118
4
51
177
10
179
157
149
90
110
118
4
51
177
10
179
157
149
90
110
118
4
51
177
10
179
157
149
90
110
118
4
51
177
10
179
157
149
90
110
118
4
51
177
10
179
157
149
90
110
118
4
51
177
10
179
157
149
90
110
118
4
51
177
10
179
157
149
90
110
118
4
51
177
10
179
157
149
90
110
118
4
51
177
10
179
157
149
90
110
118
4
51
177
10
179
157
149
90
110
118
4
51
177
10
179
157
149
90
110
118
4
51
177
10
179
157
149
90
110
118
4
51
177
10
179
157
149
90
110
118
4
51
177
10
179
157
149
90
110
118
4
51
177
10
179
157
149
90