110
118
4
51
177
10
57
179
157
90
110
118
4
51
177
10
57
179
157
90
110
118
4
51
177
10
57
179
157
90
110
118
4
51
177
10
57
179
157
90
110
118
4
51
177
10
57
179
157
90
110
118
4
51
177
10
57
179
157
90
110
118
4
51
177
10
57
179
157
90
110
118
4
51
177
10
57
179
157
90
110
118
4
51
177
10
57
179
157
90
110
118
4
51
177
10
57
179
157
90
110
118
4
51
177
10
57
179
157
90
110
118
4
51
177
10
57
179
157
90
110
118
4
51
177
10
57
179
157
90
110
118
4
51
177
10
57
179
157
90
110
118
4
51
177
10
57
179
157
90
110
118
4
51
177
10
57
179
157
90
110
118
4
51
177
10
57
179
157
90
110
118
4
51
177
10
57
179
157
90
110
118
4
51
177
10
57
179
157
90
110
118
4
51
177
10
57
179
157
90
110
118
4
51
177
10
57
179
157
90
110
118
4
51
177
10
57
179
157
90
110
118
4
51
177
10
57
179
157
90
110
118
4
51
177
10
57
179
157
90
110
118
4
51
177
10
57
179
157
90
110
118
4
51
177
10
57
179
157
90
110
118
4
51
177
10
57
179
157
90
110
118
4
51
177
10
57
179
157
90
110
118
4
51
177
10
57
179
157
90
110
118
4
51
177
10
57
179
157
90
110
118
4
51
177
10
57
179
157
90
110
118
4
51
177
10
57
179
157
90
110
118
4
51
177
10
57
179
157
90
110
118
4
51
177
10
57
179
157
90
110
118
4
51
177
10
57
179
157
90
110
118
4
51
177
10
57
179
157
90
110
118
4
51
177
10
57
179
157
90
110
118
4
51
177
10
57
179
157
90
110
118
4
51
177
10
57
179
157
90
110
118
4
51
177
10
57
179
157
90
110
118
4
51
177
10
57
179
157
90
110
118
4
51
177
10
57
179
157
90
110
118
4
51
177
10
57
179
157
90
110
118
4
51
177
10
57
179
157
90
110
118
4
51
177
10
57
179
157
90
110
118
4
51
177
10
57
179
157
90
110
118
4
51
177
10
57
179
157
90
110
118
4
51
177
10
57
179
157
90
110
118
4
51
177
10
57
179
157
90
110
118
4
51
177
10
57
179
157
90