110
4
51
34
177
10
179
157
149
90
110
4
51
34
177
10
179
157
149
90
110
4
51
34
177
10
179
157
149
90
110
4
51
34
177
10
179
157
149
90
110
4
51
34
177
10
179
157
149
90
110
4
51
34
177
10
179
157
149
90
110
4
51
34
177
10
179
157
149
90
110
4
51
34
177
10
179
157
149
90
110
4
51
34
177
10
179
157
149
90
110
4
51
34
177
10
179
157
149
90
110
4
51
34
177
10
179
157
149
90
110
4
51
34
177
10
179
157
149
90
110
4
51
34
177
10
179
157
149
90
110
4
51
34
177
10
179
157
149
90
110
4
51
34
177
10
179
157
149
90
110
4
51
34
177
10
179
157
149
90
110
4
51
34
177
10
179
157
149
90
110
4
51
34
177
10
179
157
149
90
110
4
51
34
177
10
179
157
149
90
110
4
51
34
177
10
179
157
149
90
110
4
51
34
177
10
179
157
149
90
110
4
51
34
177
10
179
157
149
90
110
4
51
34
177
10
179
157
149
90
110
4
51
34
177
10
179
157
149
90
110
4
51
34
177
10
179
157
149
90
110
4
51
34
177
10
179
157
149
90
110
4
51
34
177
10
179
157
149
90
110
4
51
34
177
10
179
157
149
90
110
4
51
34
177
10
179
157
149
90
110
4
51
34
177
10
179
157
149
90
110
4
51
34
177
10
179
157
149
90
110
4
51
34
177
10
179
157
149
90
110
4
51
34
177
10
179
157
149
90
110
4
51
34
177
10
179
157
149
90
110
4
51
34
177
10
179
157
149
90
110
4
51
34
177
10
179
157
149
90
110
4
51
34
177
10
179
157
149
90
110
4
51
34
177
10
179
157
149
90
110
4
51
34
177
10
179
157
149
90
110
4
51
34
177
10
179
157
149
90
110
4
51
34
177
10
179
157
149
90
110
4
51
34
177
10
179
157
149
90
110
4
51
34
177
10
179
157
149
90
110
4
51
34
177
10
179
157
149
90
110
4
51
34
177
10
179
157
149
90
110
4
51
34
177
10
179
157
149
90
110
4
51
34
177
10
179
157
149
90
110
4
51
34
177
10
179
157
149
90
110
4
51
34
177
10
179
157
149
90
110
4
51
34
177
10
179
157
149
90